0 1 2 3 4 5 6 7 8 9 10 11 12 13 3 14 15 16 17 18	0 1 2 3 4 5 6 7 8 9 10 11 12 19 3 20 15 16 17 18	3
21 3 22 6 23 24 25 26 3 27 18	23 28 29 26 3 27 30 3 31 18	3
32 33 34 35 3 36 37 38 12 18	32 37 34 39 40 12 3 41 18	0
42 34 43 42 44 45 46 47 48 49 50 51 42 52 39 53 18	42 54 55 23 6 56 42 57 45 46 39 58 18	0
0 59 60 61 62 63 64 18	0 65 60 66 63 64 18	2
42 67 65 68 69 70 71 26 35 42 55 72 6 73 37 35 42 74 18	42 44 74 23 6 56 3 75 76 68 42 37 35 42 65 68 77 78 18	0
42 55 45 79 68 80 18	42 81 82 65 68 80 18	5
42 83 55 23 18	42 83 55 35 23 84 18	3
42 83 67 85 70 86 35 87 88 42 68 55 18	42 83 89 68 70 86 6 90 42 91 45 47 68 92 3 86 35 68 55 18	2
42 79 68 93 39 94 68 72 35 42 95 30 35 42 81 82 18	42 65 68 96 97 98 42 74 68 99 6 30 35 100 101 42 54 102 52 18	0
23 29 26 35 42 74 68 65 21 70 103 18	0 104 23 29 35 42 74 105	2
42 54 55 23 6 106 18	107 6 42 54 55 23 18	5
42 83 55 23 18	42 54 55 23 6 106 18	1
42 65 68 96 35 42 74 68 108 109 12 60 18	42 65 68 72 35 42 74 68 55 18	4
0 65 110 111 112 42 105	0 65 16 111 112 42 105	4
42 74 68 113 21 3 114 115 37 3 116 68 117 118 42 65 3 119 113 18	42 24 65 68 113 52 3 120 18 6 30 121 122 26 68 3 123 124 18	1
48 42 81 82 74 68 125 3 126 6 56 3 127 37 68 128 129 18	3 127 130 42 79 68 55 21 60 126 37 89 18	1
131 3 71 68 70 132 37 133 134 55 45 72 18	9 71 68 70 132 37 135 136 45 135 18	1
63 137 63 138 18	113 139 63 140 63 138 18	4
42 67 65 68 69 70 71 26 35 42 55 72 6 73 37 35 42 74 18	23 29 26 35 42 74 68 55 141 6 30 142 42 74 68 55 23 18	1
3 71 68 143 144 37 105 107 18	3 71 68 143 12 70 144 37 107 18	5
68 145 60 146 71 105	0 147 71 60 132 105	4
131 3 71 68 70 132 37 133 134 55 45 72 18	148 6 0 81 82 72 3 71 68 70 132 18	4
3 149 150 151 21 152 153 23 109 154	0 155 156 8 3 149 135 151 21 152 6 153 23 109 154	4
60 37 45 39 157 158 18	60 159 95 39 160 161 158 18	4
107 6 23 33 136 39 157 158 68 162 70 163 18	23 33 39 157 158 18	3
23 136 29 26 3 164 12 165 18	23 29 26 3 165 30 97 23 33 164 18	4
23 33 45 39 157 158 18	23 33 39 157 132 18	0
23 33 166 98 129 68 42 18	23 33 98 167 68 85 18	0
107 6 32 37 39 168 112 23 18	107 6 115 37 169 35 23 170 18	1
65 42 171 172 70 173 174	65 42 171 172 174	4
42 175 176 177 60 178 179 106 180 18	42 176 177 60 106 180 18	5
42 81 82 65 68 72 18	42 65 181 79 68 55 182 18	2
32 176 16 183 68 184 105	32 176 16 138 185 112 60 105	4
77 186 23 187 18	23 188 68 77 18	0
42 54 189 23 26 190 112 191 192 18	42 54 189 23 26 193 112 191 194 30 129 18	2
3 195 134 196 129 3 197 198 3 199 6 63 3 195 37 200 18	61 158 37 201 3 195 202 198 3 195 199 18	1
32 176 16 203 68 113 52 105 204 30 205 18	32 176 16 206 203 68 207 208 105	0
42 57 65 68 209 39 210 211 42 212 61 115 213 52 214 18	9 215 216 46 68 209 39 210 12 217 115 42 54 218 30 212 61 42 95 18	2
23 33 45 39 157 158 18	23 37 45 39 157 158 18	5
42 67 65 68 69 70 71 26 35 42 55 72 6 73 37 35 42 74 18	49 54 6 56 3 219 68 55 23 29 26 35 42 65 220 18	1
107 6 42 83 221 70 222 18	107 6 42 83 221 23 18	3
198 35 0 223 60 37 35 42 54 55 105	54 42 55 60 174	2
224 39 225 226 227 105	224 39 225 226 60 105	5
0 228 229 23 230 29 26 16 183 105	0 228 229 23 29 26 3 231 232 42 74 174	2
233 12 35 42 54 55 105	45 98 42 54 55 234 105	1
60 37 45 39 157 158 18	56 23 37 45 39 157 158 18	5
3 235 236 237 176 238 157 6 56 0 228 95 68 239 39 240 112 241 105	42 65 39 94 12 235 238 6 56 0 228 95 68 239 242 63 243 244 18	0
0 245 21 39 246 247 18	0 248 39 246 247 18	5
0 249 248 60 250 251 18	0 248 60 250 251 18	5
32 37 181 252 18	32 37 181 253 254 18	0
0 255 45 118 60 37 3 256 257 112 3 132 18	0 255 45 118 60 132 216 65 38 98 258 68 3 259 260 18	2
23 29 26 35 42 74 68 55 141 6 30 142 42 74 68 55 23 18	21 261 262 6 23 29 26 142 42 156 6 151 42 55 32 30 97 18	4
42 79 68 93 39 94 68 72 35 42 95 30 35 42 81 82 18	107 6 42 83 263 39 264 257 68 265 35 42 54 55 30 35 42 249 266 18	0
42 176 45 267 127 268 18	181 42 176 45 18	2
23 29 26 35 42 74 68 55 141 6 30 142 42 74 68 55 23 18	0 269 23 29 26 35 42 91 270 68 55 18	3
42 67 65 68 69 70 71 26 35 42 55 72 6 73 37 35 42 74 18	23 37 271 272 68 273 115 42 65 35 42 79 68 55 70 272 18	0
23 29 26 35 42 74 68 55 141 6 30 142 42 74 68 55 23 18	23 29 26 35 42 74 68 274 18	3
60 37 39 251 115 3 58 275 68 276 52 18	60 37 39 277 251 18	1
60 37 39 160 278 279 18	60 280 39 281 278 18	3
23 160 98 29 26 3 282 21 132 18	0 104 23 29 160 98 26 3 283 18	2
0 65 3 250 130 18	0 65 248 3 250 251 18	4
181 23 284 45 285 70 286 18	181 23 37 45 18	0
9 71 68 70 132 37 135 136 45 135 18	0 104 115 3 287 71 68 70 132 37 105 181 18	4
0 81 82 104 23 288 289 290 291 18	0 81 82 104 23 288 98 291 18	4
23 29 26 35 49 176 18	23 29 26 35 49 176 292 6 30 97 18	2
32 33 45 39 94 42 54 55 293 115 18	32 33 45 115 98 115 42 54 55 52 39 294 295 18	2
42 296 70 297 132 18	42 65 296 70 297 132 18	5
42 67 65 68 69 70 71 26 35 42 55 72 6 73 37 35 42 74 18	298 71 68 42 251 37 115 42 299 300 72 35 42 91 301 21 18	2
60 37 45 39 157 158 18	60 37 136 45 39 157 158 56 0 24 302 23 303 18	2
3 304 130 42 54 55 37 68 72 70 305 18	9 306 37 45 68 229 182 6 30 55 3 304 42 54 18	0
0 228 229 23 230 29 26 16 183 105	0 228 229 23 29 35 307 42 65 18	2
42 81 82 65 68 72 18	42 81 82 65 68 55 182 68 308 23 18	0
0 65 3 250 130 18	0 65 3 250 247 30 65 309 310 18	2
23 33 45 39 157 158 18	0 55 45 104 23 33 39 157 158 18	4
42 176 26 3 256 311 18	42 176 256 26 3 312 18	4
60 313 82 71 70 132 6 56 105	60 37 39 314 71 68 70 132	1
97 83 0 315 293 60 174	236 97 83 0 55 60 174	4
284 60 316 71 70 132 174	284 60 71 70 144 174	4
42 54 317 23 6 106 18	42 54 318 317 23 112 319 18	2
23 28 29 26 97 3 320 321 23 18	23 29 97 42 91 322 23 18	2
0 249 248 60 250 251 18	0 249 248 60 251 323 324 21 39 325 18	2
42 79 68 93 39 94 68 72 35 42 95 30 35 42 81 82 18	42 83 92 39 157 326 30 327 42 65 68 328 329 330 331 68 55 236 18	0
23 29 26 35 42 74 68 55 141 6 30 142 42 74 68 55 23 18	23 29 26 35 42 74 68 46 332 68 55 18	3
107 6 42 65 68 333 39 334 335 21 336 18	42 176 45 337 68 333 39 334 335 21 336 48 42 65 181 338 339 18	1
0 81 82 273 340 32 83 46 289 251 52 60 341 18	0 81 82 273 340 115 83 46 39 251 18	5
342 60 37 35 42 176 343 112 18	48 35 42 176 343 112 37 98 344 6 49 108 3 345 18	1
3 304 130 42 54 55 37 68 72 70 305 18	3 304 130 68 55 37 68 346 3 347 18	0
23 29 26 3 348 30 97 349 23 37 226 3 350 42 117 3 351 18	23 29 26 3 352 30 3 353 42 74 18	2
42 67 65 68 69 70 71 26 35 42 55 72 6 73 37 35 42 74 18	42 65 68 55 35 37 256 112 42 18	2
42 136 81 82 65 289 354 226 3 355 18	356 135 357 6 0 81 82 65 289 144 226 3 355 18 135	0
23 28 313 82 358 18	23 313 82 358 359 23 37 28 237 360 18	3
42 81 82 79 68 72 361 18	42 81 82 65 68 72 18	3
0 104 42 91 343 112 362 363 364 365 18	0 104 42 91 343 112 3 366	3
23 288 367 181 291 18	181 6 23 288 181 291 18	5
0 104 23 33 368 68 85 60 132 18	0 104 23 37 369 68 85 3 132 18	5
0 370 270 68 46 160 371 372 18	0 370 270 68 46 373 6 372 105 42 81 82 18	4
42 67 65 68 69 70 71 26 35 42 55 72 6 73 37 35 42 74 18	107 6 42 54 55 169 35 42 74 68 55 18	1
42 83 55 23 18	42 83 374 23 375 18	0
32 33 45 39 94 42 54 55 293 115 18	0 370 376 32 33 45 28 39 94 42 54 55 18	5
35 377 12 378 37 23 174	35 377 12 379 176 380 174	0
23 29 381 26 70 124 30 70 382 18	0 269 23 29 26 3 383 12 70 382 18	4
42 296 70 297 132 18	42 249 296 70 297 132 238 18	5
0 81 82 104 115 32 33 289 18	0 81 82 104 32 37 289 384 385 18	3
32 176 39 110 183 42 54 55 105	32 176 39 110 386 183 42 54 55 226 3 387 388 18	3
60 37 3 389 0 212 390 391 105	392 95 60 37 391 105	3
115 33 35 0 393 18	107 6 0 393 23 33 39 157 158 18	2
48 42 176 45 118 97 68 55 23 6 81 82 55 23 226 178 18	48 45 6 81 82 55 115 30 394 115 62 52 392 42 95 68 55 18	1
23 33 178 21 395 396 18	23 33 178 293 397 18	0
48 42 176 45 118 97 68 55 23 6 81 82 55 23 226 178 18	48 42 55 45 65 39 160 398 399 168 68 55 23 6 81 82 18	2
42 79 68 93 39 94 68 72 35 42 95 30 35 42 81 82 18	42 65 68 72 35 42 74 68 55 18	0
0 216 229 42 54 55 23 6 56 23 400 82 46 401 18	402 6 0 216 229 45 359 23 403 42 18	2
54 42 55 60 174	54 42 55 23 174	5
118 6 0 249 266 60 160 404 18	0 249 266 60 405 406 12 407 18	3
42 54 317 23 6 106 18	42 54 55 23 6 106 18	3
97 55 42 55 115 174	97 68 55 115 174	5
0 249 408 146 409 115 57 46 12 233 410 105 411 105 330 330 412 330 413 330	0 414 233 415 115 57 46 12 410 68 42 105	3
0 216 229 42 54 55 23 6 56 23 400 82 46 401 18	0 216 229 23 37 416 68 72 6 236 81 82 417 23 18	2
131 3 71 68 70 132 37 133 134 55 45 72 18	3 71 68 70 132 37 45 28 18	1
48 42 176 45 118 97 68 55 23 6 81 82 55 23 226 178 18	42 81 82 6 23 24 45 77 18	1
23 33 34 39 358 12 418 18	23 33 419 67 39 358 12 420 18	5
23 33 45 39 157 158 18	23 33 39 157 158 68 55 143 18	1
60 71 37 421 26 9 222 422 423 424 21 3 22 18	60 71 37 421 26 222 0 59 45 425 112 426 18	2
32 176 39 110 183 0 104 42 83 55 18	32 176 427 39 110 183 42 216 79 68 55 428	4
42 24 74 68 429 3 283 375 18	42 24 34 74 68 430 3 431 18	0
23 29 26 35 42 74 68 65 21 70 103 18	23 29 26 35 42 74 68 274 18	2
32 176 39 432 12 433 115 42 434 184 105	32 176 39 94 12 203 115 434 156 435 112 42 18	1
42 81 82 65 68 80 18	436 42 65 61 437 6 42 81 82 65 68 80 18	3
438 439 79 39 440 68 441 3 442 18	443 439 444 39 440 68 441 3 445 18	1
23 29 26 97 23 33 446 18	23 29 26 97 447 23 33 448 109 18	1
0 81 82 273 340 32 83 46 289 251 52 60 341 18	0 81 82 273 340 60 434 46 39 251 18	5
32 33 45 39 94 42 54 55 293 115 18	0 28 55 45 104 32 37 98 42 54 55 293 115 18	5
42 449 23 256 18	107 42 449 23 18	5
42 67 65 68 69 70 71 26 35 42 55 72 6 73 37 35 42 74 18	450 60 37 70 451 133 176 452 293 6 453 129 68 42 35 42 74 68 55 18	0
97 55 42 55 115 174	97 83 42 55 115 174	4
0 245 21 39 246 247 18	0 255 21 39 246 247 18	4
35 37 70 454 38 12 174	35 37 70 455 112 174	0
42 81 82 79 289 440 18	42 81 82 79 352 226 178 18	0
115 37 70 251 6 45 70 456 33 18	77 52 70 456 30 70 457 68 458 3 251 18	2
23 29 26 35 42 74 68 55 141 6 30 142 42 74 68 55 23 18	23 33 129 68 42 35 42 74 68 55 141 18	4
32 176 16 183 68 184 105	39 432 183 68 184 105	5
23 29 381 26 70 124 30 70 382 18	23 29 26 70 124 18	3
3 208 136 459 82 460 6 23 33 67 461 109 18	23 33 67 461 109 30 45 462 18	3
64 6 0 400 82 463 23 26 9 464 18	0 400 82 463 60 272 26 9 465 18	4
60 37 39 466 61 467	60 37 39 468 61 18	1
3 71 68 143 144 37 105 107 18	68 469 71 3 16 144 21 70 470 18	0
107 6 32 37 39 168 68 45 55 35 42 471 18	472 473 68 474 3 219 42 55 6 56 45 39 168 68 475 18	2
0 104 23 37 29 26 3 31 18	23 29 26 97 3 385 37 446 0 104 18	2
54 42 55 60 174	236 6 54 42 55 60 174	5
0 104 32 459 82 39 476 71 18	0 81 82 104 32 37 146 71 112 60 18	4
32 176 39 110 183 42 54 55 105	32 176 39 432 183 42 54 209 18	5
3 127 37 42 65 68 212 392 115 477 112 42 6 30 70 478 18	42 44 74 23 6 56 3 75 76 68 42 37 35 42 65 68 77 78 18	1
42 81 82 65 68 72 18	42 81 82 65 479 330 480 68 55 481 21 482 18	0
0 104 42 249 166 98 266 70 483 18	42 249 166 98 296 70 297 132 18	2
32 176 39 110 183 0 104 42 83 55 18	32 176 39 110 183 0 81 82 223 105	0
42 484 485 486 487 488 489 42 55 490 30 491 18	3 485 42 492 6 3 493 42 24 484 486 30 491 18	2
23 29 26 35 42 74 68 55 141 6 30 142 42 74 68 55 23 18	23 29 26 35 42 74 68 229 330 43 18	1
42 449 23 256 18	42 249 449 23 256 18	5
42 296 70 297 132 18	42 166 98 296 70 297 132 18	5
0 65 3 250 130 18	0 248 3 250 251 63 42 18	3
107 6 32 37 39 494 291 18	107 6 32 37 39 168 112 23 18	0
49 54 46 109 12 388 8 39 281 6 56 495 37 496 18	107 6 497 49 54 46 39 281 498 18	0
0 216 225 226 60 105 499 18	0 216 225 226 60 219 105	2
42 176 26 3 256 311 18	42 91 26 3 256 311 18	5
48 42 500 82 6 42 83 18	42 83 6 56 42 81 82 65 68 18	1
107 23 37 501 154	3 502 71 37 107 154	3
0 81 82 104 115 32 33 289 18	0 81 82 104 32 176 289 503 18	3
23 504 68 505 115 60 37 506 129 112 35 42 74 105	23 37 129 68 42 507 42 74 68 55 115 18	2
251 37 6 3 508 313 82 509 112 510 511 434 512 513 293 514 6 515 470 18	3 516 313 82 512 293 514 18	1
21 3 375 517 6 0 104 42 81 82 79 23 18	236 0 81 82 104 42 79 68 463 23 26 3 518 18	1
23 37 416 68 71 60 132 519 39 520 521 18	23 37 468 6 48 45 416 6 68 145 39 522 71 68 60 132 18	2
42 79 68 239 60 68 70 465 90 23 37 3 523 524 42 65 248 18	60 525 42 3 526 68 117 70 517 115 42 28 55 65 527 21 528 18	2
77 186 23 187 18	42 77 26 23 187 18	4
181 6 42 55 45 79 39 529 530 18	42 55 45 79 68 80 18	0
107 6 23 37 138 68 531 39 455 26 532 533 18	107 6 23 37 534 68 531 21 39 535 536 537 18	1
42 67 65 68 69 70 71 26 35 42 55 72 6 73 37 35 42 74 18	236 48 115 33 35 42 79 6 42 28 55 65 68 46 538 293 23 18	1
107 6 42 83 221 70 222 18	107 6 42 83 117 39 539 18	2
0 104 23 37 466 115 42 248 39 540 541 18	0 104 115 33 39 466 542 18	2
42 81 82 65 68 72 18	261 489 115 42 81 82 65 39 334 543 18	0
107 6 32 37 39 149 544 60 18	32 33 181 149 544 23 18	1
35 176 70 478 174	35 176 42 478 174	5
0 370 270 68 156 109 26 39 545 372 467	0 370 270 68 46 160 371 372 18	2
48 70 447 546 440 112 241 37 472 6 547 42 24 45 79 39 548 440 18	42 55 45 79 39 548 440 6 56 68 549 550 42 24 79 39 440 18	2
39 110 485 551 68 104 293 105	39 110 183 68 104 293 105	5
552 42 81 82 65 68 46 553 26 15 71 18	42 81 82 65 68 72 18	2
0 370 376 133 176 109 12 554 21 60 61 18	0 104 60 37 61 12 555 183 142 42 176 67 109 12 554 18	5
23 37 485 556 35 42 83 55 30 35 42 83 108 557 68 55 18	551 37 105 72 35 42 74 30 81 82 46 376 68 85 112 23 18	0
23 558 8 3 247 18	60 558 8 559 18	4
0 65 3 250 130 18	0 65 3 250 251 18	4
0 65 3 250 130 18	0 65 3 560 250 251 18	4
42 176 26 3 256 311 18	42 91 256 26 293 3 561 562 18	0
563 330 564 24 45 77 18	565 115 24 45 77 18	2
3 304 130 42 54 55 37 68 72 70 305 18	3 304 130 42 54 55 37 212 392 566 567 68 55 323 42 568 26 569 18	2
23 33 34 39 358 12 418 18	23 33 570 39 358 12 418 18	5
0 245 21 39 246 247 18	402 151 0 245 21 39 246 247 0 571 3 432 39 572 30 39 573 18	2
42 54 317 23 6 106 18	107 6 42 54 55 23 18	3
42 65 68 96 35 42 74 68 108 109 12 60 18	42 65 68 212 109 35 477 112 42 18	4
23 29 26 35 49 176 18	23 29 26 97 23 33 446 18	1
0 248 3 250 251 63 42 18	0 65 67 248 3 250 251 18	5
574 48 42 28 74 23 42 57 79 68 575 146 576 68 108 3 51 112 42 18	42 434 136 108 39 577 576 68 55 23 112 42 56 23 216 578 42 18	2
42 81 82 79 68 72 361 18	49 67 81 82 74 42 68 72 23 18	1
34 23 37 391 68 579 3 580 21 70 326 18	23 37 496 68 579 3 326 21 3 581 12 70 582 18	2
0 104 23 33 67 39 66 18	0 104 23 33 39 161 158 18	1
23 33 45 39 157 158 18	181 6 23 33 45 39 157 130 18	4
0 370 583 23 33 39 161 158 18	0 104 23 33 39 161 158 18	5
23 29 26 35 42 74 68 55 141 6 30 142 42 74 68 55 23 18	42 79 68 584 97 30 142 42 74 68 51 70 585 30 55 23 18	1
42 65 39 251 18	60 37 39 277 251 18	4
131 3 71 68 70 132 37 133 134 55 45 72 18	48 3 586 37 45 293 77 6 42 72 35 3 71 37 68 70 297 132 18	2
131 6 60 132 50 46 296 21 453 587 588 18	60 50 46 296 21 476 18	4
0 216 402 589 12 3 590 591 18	0 216 592 343 226 3 590 591 18	2
0 104 32 459 82 39 476 71 18	0 81 82 104 32 37 39 593 562 18	4
23 33 45 39 157 158 18	45 39 157 158 18	5
42 81 82 79 289 440 18	42 81 82 65 68 80 18	0
42 65 68 96 35 42 74 68 108 109 12 60 18	42 91 136 270 68 65 68 93 594 595 68 108 178 3 596 42 74 18	0
0 248 3 250 251 63 42 18	0 65 169 3 250 251 18	5
9 71 68 70 132 37 135 136 45 135 18	3 71 68 70 132 37 45 28 18	4
42 83 55 23 18	42 83 597 55 23 18	1
0 248 3 250 251 63 42 18	0 248 3 250 543 18	4
342 60 37 35 42 176 343 112 18	37 60 3 377 12 130 42 91 343 112 174	4
32 176 16 183 68 184 105	0 104 32 176 16 496 183 68 184 105	5
23 33 166 98 129 68 42 18	23 37 129 68 42 18	5
32 176 39 110 183 42 54 55 105	32 176 39 110 183 42 79 68 184 105	4
3 71 68 60 30 178 598 246 144 37 21 16 599 105	3 71 68 143 144 37 105 107 18	1
23 37 416 68 71 60 132 519 39 520 521 18	60 37 39 314 71 68 70 132	0
32 176 39 110 183 42 54 55 105	32 176 39 110 183 0 104 42 83 55 18	3
23 29 26 35 42 74 68 55 141 6 30 142 42 74 68 55 23 18	23 29 26 35 30 142 42 176 270 68 55 18	4
32 176 39 110 138 473 18	32 176 39 110 473 115 564 600 18	3
32 176 601 433 105	32 176 523 601 433 105	5
236 104 23 21 60 219 18	104 12 23 60 219 18	5
121 60 434 77 112 42 18	121 60 54 77 112 42 18	5
23 29 26 35 42 74 68 55 141 6 30 142 42 74 68 55 23 18	49 54 6 56 3 219 68 55 23 29 26 35 42 65 220 18	1
602 216 46 70 304 603 18	70 304 603 37 481 18	0
21 3 22 6 23 24 25 26 3 27 18	60 24 25 26 3 604 18	4
23 33 45 39 157 158 18	23 33 45 67 39 157 158 6 23 33 146 605 158 18	1
32 176 39 110 183 0 104 42 83 55 18	32 176 39 110 386 183 42 54 55 226 3 387 388 18	4
0 249 248 60 250 251 18	0 248 60 250 247 18	3
60 37 45 39 157 158 18	45 39 157 158 18	5
0 606 32 37 238 146 607 71 56 0 608 0 216 239 9 609 610 18	0 72 60 37 146 611 132 56 0 474 0 83 239 9 609 610 18	5
107 6 32 37 39 168 68 45 55 35 42 471 18	107 6 32 37 39 494 291 18	0
107 6 32 37 226 612 61 68 9 613 18	68 9 613 6 32 33 181 62 614 18	1
42 81 82 65 68 80 18	42 81 82 65 68 55 182 68 308 23 18	0
32 37 181 540 115 54 92 42 48 23 37 615 515 45 18	32 37 181 616 617 42 115 42 50 55 60 18	0
107 6 42 83 117 39 539 18	107 6 42 83 618 68 70 58 18	0
42 619 82 474 289 620 226 178 18	42 81 82 79 352 226 178 18	0
0 249 248 60 250 251 18	0 248 60 251 211 18	4
42 44 65 68 621 30 212 35 42 95 18	42 65 68 212 109 35 477 112 42 18	5
9 71 68 70 132 37 135 136 45 135 18	60 37 39 314 71 68 70 132	1
3 127 130 68 622 372 37 115 23 33 45 70 272 68 117 510 55 623 77 18	23 28 459 82 70 251 97 49 176 270 68 212 39 624 625 68 55 3 272 18	1
45 39 371 71 68 3 132 6 56 392 68 184 18	45 39 626 71 68 70 132 6 56 121 23 627 18	4
32 176 16 138 185 112 60 105	32 176 16 433 112 42 150	1
0 628 52 3 261 629 18	0 628 52 3 630 629 18	5
3 71 68 143 144 37 105 107 18	48 3 71 68 289 12 227 144 37 107 6 39 631 44 46 632 112 42 18	3
23 633 29 26 73 634 42 91 21 18	115 29 26 73 634 42 176 21 18	5
60 37 39 635 158 18	60 37 39 161 158 18	5
