42 147 79 68 521 3 2361 997 12 673 3971 68 273 35 37 3319 30 35 37 45 3319 18	48 42 79 68 531 3 3972 30 42 65 414 61 3971 115 1300 23 18	3.00
0 255 45 2909 12 289 604 3800 3973 3974 18	226 3 3975 0 249 2575 21 674 2581 6 3976 3977 363 3978 18	0.60
3979 198 3980 363 73 3981 83 45 46 1199 68 3982 365 6 32 37 392 115 33 1199 68 70 132 18	3982 37 45 39 631 3980 3983 21 3 3984 2434 6 106 18	1.00
60 885 2370 68 481 21 3 3985 3986 6 30 44 45 46 3987 68 261 481 3988 18	60 37 293 9 222 21 2160 3989 0 414 115 3990 112 3991 245 3 485 496 2187 18	0.60
48 42 81 82 74 68 575 112 3992 3993 3994 6 63 3995 3996 3997 6 3998 54 55 60 52 3999 4000 18	48 42 81 82 4001 4002 70 4003 3808 6 4004 37 39 157 1855 18	0.80
0 81 82 104 32 176 2384 68 46 289 4005 115 4006 60 543 4007 18	42 91 270 68 212 235 178 808 3 240 112 60 61 363 3345 6 32 136 4008 82 135 4005 135 365 18	2.40
9 71 216 46 4009 26 73 3856 176 42 4010 68 174	3 251 0 273 52 3 4011 37 115 3 4012 4013 37 2276 4014 18	1.00
48 42 65 1161 68 23 6 42 54 160 4015 55 115 52 4016 4017 2015 2145 12 2223 4018 18	42 54 65 39 225 226 3 4019 4020 2277 226 411 105 330 330 4021 6 73 2141 4022 21 4023 26 3 4019 18	0.20
21 476 32 176 39 2076 12 2110 4024 4025 115 3618 68 39 4026 18	112 4027 6 2696 33 2107 275 427 39 110 4028 4026 4029 18	0.60
23 37 4030 369 68 85 112 3 608 4031 64 115 3 261 625 44 45 145 18	42 54 155 85 6 547 23 37 3 2401 12 3 876 68 4032 515 45 18	3.60
3 4033 2559 284 113 1064 2811 21 3 442 30 0 104 390 3509 1240 18	0 216 45 4034 183 6 68 1764 301 4035 4036 115 42 74 18	0.20
0 24 2894 169 3 2539 12 35 4037 67 2323 21 243 71 105 156 112 39 154	42 434 4038 3980 6 56 23 33 39 1294 278 68 4038 112 39 2559 18	0.20
4039 6 2344 105 3 132 188 68 65 2960 6 1373 2344 18	0 54 104 12 601 473 340 39 3779 4040 57 3005 97 39 1837 2937 26 39 4041 4042 18	0.00
0 628 52 4043 4044 6 135 2834 2223 135 37 39 160 4045 2978 18	0 216 229 42 176 4046 23 21 3 1107 219 18	0.00
3927 146 4047 21 146 4048 4049 363 633 489 4050 515 4051 365 37 39 4052 251 18	0 104 112 146 3685 71 0 228 79 68 72 169 35 3 729 161 729 4047 37 18	1.20
60 284 45 3675 71 70 132 6 56 23 37 4053 61 4054 18	0 255 39 631 1837 21 4055 2223 6 73 37 146 4056 1184 4057 3873 6 2160 2223 6 30 4058 18	0.00
39 110 138 2168 105 1429 365 598 146 4059 508 188 39 1294 4060 18	21 3873 6 133 238 65 39 4061 12 60 4062 150 16 139 6 21 2408 6 52 21 4063 30 4064 424 18	0.40
63 146 4065 68 3 261 235 6 2956 505 4006 3 132 12 340 4066 4067 2666 4068 4069 18	3 261 235 372 176 4070 226 4071 21 39 4072 258 18	0.40
2733 176 3086 6 56 115 33 45 3 3029 112 623 4073 18	2733 4074 4075 68 3 4076 4077 12 3 688 49 2299 198 18	3.00
23 2261 2022 3 4078 4079 363 4080 365 30 3 4081 219 363 4082 365 176 4083 4084 68 39 4085 18	21 39 110 3169 1503 6 3 4081 219 30 4078 24 4086 18	4.40
3 287 71 37 105 133 176 38 198 3 135 305 135 4087 8 405 2733 18	23 37 2276 4088 115 133 91 38 109 12 305 198 523 61 4089 18	3.20
178 133 72 37 60 105 4090 2052 176 4091 198 22 226 39 4092 4093 68 623 3126 198 22 18	3 4094 12 1990 170 115 2052 21 4095 4096 176 4091 4097 198 673 261 18	3.40
95 4098 2323 380 6 2733 4074 68 4099 623 4076 4077 18	2733 176 3086 6 56 115 33 45 3 3029 112 623 4073 18	3.40
2148 68 60 2277 3 4100 4101 908 24 46 293 4102 1064 4103 4104 18	3 4105 1564 188 68 3018 115 23 57 65 238 4106 6 226 1064 4102 363 4107 365 18	3.60
178 12 227 4108 176 1199 68 3 742 2559 4109 4110 18	0 24 46 2241 68 4111 3 314 4112 3 4113 12 4109 4114 18	0.80
133 176 3883 135 467 2144 68 3 4115 4116 2433 4117 467 226 233 4118 4119 330 821 2666 3 4120 4121 135 18	32 37 181 729 318 729 115 37 45 2144 68 233 261 960 18	0.80
107 6 23 33 2471 115 3 4122 4123 12 3 797 37 1426 4124 18	151 42 4125 226 3 797 135 102 135 6 42 176 45 4126 39 318 1894 18	1.00
2956 22 2355 3 1564 112 39 4127 4128 68 46 4129 68 115 12 4130 18	4127 4131 3046 146 567 51 21 3 4132 12 4133 4134 4135 18	1.60
340 37 3 4136 12 3561 4137 4138 330 821 6 30 45 363 112 2071 365 4139 515 4140 4141 1423 4142 4143 4138 330 821 174	4136 12 3561 2035 4144 37 61 12 3 4145 12 2957 4146 18	1.00
63 3037 70 562 6 39 4089 2299 21 39 4147 508 363 3227 1774 233 4148 974 365 37 39 4149 4150 18	3 2062 4151 52 70 562 12 39 135 4149 4150 135 216 46 3 4152 1856 2733 30 4066 18	3.20
39 2018 446 68 2068 3 3126 1856 2733 37 1555 4153 4154 18	42 523 79 4155 4154 48 42 72 3 4096 68 3 16 2733 30 623 4076 4156 18	2.00
3 4157 4097 6 3 493 3 4158 122 4097 198 22 18	372 37 9 71 68 39 246 132 4159 26 3 4160 4161 3011 2277 18	0.00
2733 520 21 4162 4163 6 73 2109 4164 198 4165 4166 18	23 44 46 138 112 39 4109 508 95 4167 68 2238 3801 12 39 4079 18	0.60
39 1040 3936 363 4168 365 6 37 2766 485 489 39 701 4089 4169 4170 245 485 489 1555 4109 4171 18	0 104 42 3128 68 85 6 135 35 37 3 2243 4172 62 12 4173 174 135 18	0.00
107 6 56 23 284 45 546 21 3 250 4120 18	4174 176 3166 4175 68 117 258 12 3 1786 1858 18	1.40
4176 176 35 176 1785 3918 4066 150 1325 4177 4109 508 2913 1961 18	3 2052 42 176 4178 68 176 300 16 2110 2052 105 4176 30 4179 18	2.00
372 37 39 4180 3369 4181 0 4182 1503 2461 1374 4183 30 4184 363 4185 415 365 18	67 112 3402 6 0 4186 129 2424 502 4187 4180 3369 4181 2868 4188 18	2.60
23 33 166 468 68 4189 39 625 52 991 4190 4191 2035 146 4192 18	26 3 4193 6 23 284 4194 95 991 4190 4191 30 4195 619 82 143 2238 21 3 250 625 18	4.20
23 37 534 68 4196 4197 4044 198 2911 515 2622 6 90 4197 54 4198 143 18	4199 4200 6 146 4197 37 45 2110 198 2837 3 219 23 37 4201 21 2632 6 143 4202 4203 18	2.80
0 249 414 146 3565 2267 115 44 46 1199 68 3 2196 132 105 4204 2020 18	2148 68 3529 2010 12 3166 2267 3826 6 3 71 68 70 132 37 143 18	0.00
32 176 4205 511 4206 4207 2888 4208 6 327 1785 4209 2888 18	32 176 405 3451 112 340 60 37 45 3 517 18	0.00
4210 3687 37 39 2241 3569 515 42 434 229 39 4211 12 4212 4213 6 4214 30 2130 18	32 33 3 4215 3269 12 4210 4216 4217 6 30 3 4218 3269 18	2.00
63 3375 21 3 261 629 6 4219 37 4220 151 4221 2156 12 4222 2265 18	0 95 68 104 12 4223 63 4224 4181 4225 18	0.00
4226 105 35 37 3 168 112 510 68 2336 4227 623 4228 21 4229 363 515 45 365 4230 174	61 4231 4232 26 261 363 821 365 3250 37 2003 8 3 388 12 4227 1856 3 4233 18	2.60
4234 3847 37 3 4235 4236 115 42 108 8 4237 146 4238 18	2148 68 4239 4240 33 4241 2020 12 4242 6 4234 4243 176 4244 363 4245 18	2.60
4246 3 3369 12 823 68 1706 1519 21 1707 68 77 4247 4248 37 4249 8 405 2157 18	60 287 618 4250 52 1466 12 135 4251 4252 135 105 4253 4254 105 2957 4255 4256 616 18	0.00
151 4257 4258 4259 6 476 4258 4260 176 2197 446 18	2011 6 35 42 55 37 42 4261 673 3982 3158 4259 68 3 4262 561 18	2.60
233 4263 4264 4265 2091 112 4266 191 1423 191 6 56 34 112 191 705 191 6 236 115 33 1455 1216 198 4267 26 553 4268 18	60 37 2261 138 6 56 0 500 82 1805 23 266 4269 112 473 261 489 4270 18	0.00
227 176 567 3977 6 56 3 3430 4271 37 105 107 6 4272 4273 4274 4275 18	0 370 45 118 35 42 3128 8 4274 4276 6 56 0 367 393 115 2161 4277 3 219 133 104 18	1.60
436 60 37 39 2830 1079 251 112 4278 4279 6 0 81 82 72 115 32 37 39 501 4280 18	0 147 4006 67 3 375 12 70 601 4281 6 3 557 65 448 296 8 4282 4283 18	0.00
48 4284 4285 55 65 4286 106 6 340 37 623 4286 45 63 4287 63 4233 174	70 297 2020 37 161 90 23 188 68 2212 198 39 4288 3265 12 4289 2020 18	0.60
3 4290 4291 4292 37 2197 446 68 3833 4291 21 4293 4294 18	198 146 409 4295 54 42 1142 39 4296 39 4297 174	1.80
0 4298 4299 4300 21 3885 455 6 547 463 139 186 4301 3885 2105 18	4298 64 21 4302 363 4300 365 30 547 463 21 39 3885 3964 18	3.80
21 4303 68 1515 6 117 118 3 4304 37 4028 30 3582 211 42 113 4305 18	0 228 448 1374 455 4306 68 1515 3 4304 6 30 0 67 1770 115 1410 77 39 94 167 18	1.60
3 304 219 0 65 414 37 68 4307 3 4308 21 4309 112 1412 17 211 4310 18	4307 2558 4308 21 3 4309 21 39 4311 12 1767 18	3.20
32 176 300 427 39 110 3745 1856 3 2110 2156 12 4312 18	3 291 37 3 2607 12 488 4313 21 3 4312 73 54 4013 198 192 983 68 967 983 18	2.60
0 249 597 4314 3 3780 12 62 421 26 2076 12 3752 18	0 81 82 4315 3752 3713 68 579 39 474 112 3 4316 467	3.00
0 67 569 3 4317 4318 68 3 1021 4097 198 3 3641 18	8 3 4319 12 3 132 6 0 370 166 118 42 91 1374 61 12 555 4320 4321 515 39 135 4322 135 3641 18	1.40
0 249 2233 4323 21 3 3885 112 808 16 2649 30 45 248 289 3885 484 18	453 270 68 25 26 3 3569 12 4324 30 34 3 3885 18	1.60
847 3 3620 186 4325 6 4326 360 3 3430 30 3 3811 4327 115 1305 129 3 2951 18	4328 1519 39 4329 4330 26 3 4325 30 772 23 18	1.60
0 4331 68 212 60 4332 6 0 104 60 37 142 0 449 3 158 18	0 249 523 38 39 432 12 4333 3323 6 56 49 249 155 1206 109 28 64 18	1.00
0 393 61 50 418 3 291 1856 4334 363 4335 365 30 3642 4336 2554 23 37 3696 18	21 9 222 6 3642 4336 37 466 112 151 42 74 4337 6 515 68 1706 1519 3 4338 4339 18	1.80
0 4304 4340 115 0 108 52 3 4341 26 18	4340 37 39 466 2401 30 23 33 4342 220 166 98 4343 18	1.80
3 4332 0 77 198 275 42 463 3 165 21 3 3885 6 547 4344 4345 23 18	2657 52 39 2558 4346 3868 12 165 6 0 4347 4348 3577 1767 808 178 3 3801 4193 18	1.40
49 81 82 418 4349 226 178 6 30 3088 485 496 6 49 81 82 3956 3 250 18	1040 4350 30 946 4350 176 2030 4351 12 3 4352 12 3 4353 4354 1118 18	2.60
60 29 26 3 4355 2848 12 3 4356 12 4357 42 4358 18	4359 24 2296 2262 48 3884 21 3 3698 6 56 0 300 592 544 4360 139 32 18	2.00
4361 3574 4362 21 4363 52 4364 145 4365 4366 3 3927 2061 49 79 18	32 176 2011 16 2156 12 4367 105 3719 30 4368 363 515 4369 365 18	1.00
39 501 61 37 4370 30 37 21 308 166 98 2559 3790 18	946 4371 176 6 63 39 149 6 485 4372 4373 489 4374 4375 4371 18	1.40
157 4376 275 1294 4377 12 4378 4379 26 330 21 23 150 434 23 46 115 174	0 65 16 4380 105 61 6 42 91 4381 70 4382 6 3 4312 30 3719 4383 6 30 45 3675 4384 3 4312 18	0.60
4385 54 46 391 112 2101 4386 4075 68 3 453 4387 2332 363 4388 4347 6 4389 692 4390 6 4391 18	136 4392 6 56 467 157 4393 4394 4395 24 145 42 98 167 4305 1514 3037 4396 489 4385 18	1.40
2798 4397 275 39 4398 4399 6 497 2798 434 65 448 485 4400 30 135 65 135 1015 42 21 788 18	3 375 65 4401 143 448 485 4400 30 1015 42 21 115 2571 18	0.40
21 233 1784 3 4402 434 3088 46 115 4403 284 45 2847 395 18	32 37 181 4402 293 4403 341 21 598 39 2571 18	1.80
0 628 52 557 363 30 2765 365 21 115 0 65 597 4404 60 2611 21 2641 18	0 65 597 4404 515 1805 3 2611 42 221 18	4.00
3 4405 37 4406 6 226 612 63 42 249 4407 23 372 18	135 0 248 2067 448 135 37 368 6 21 3 2204 42 91 1374 23 18	0.60
0 228 302 42 225 68 3 4408 12 3 4409 2161 363 821 365 12 70 1750 18	63 4410 2323 6 42 54 2659 39 94 8 343 226 1750 729 4409 2234 18	2.80
0 273 233 426 68 4411 63 4412 63 64 6 56 115 313 82 117 98 258 68 505 18	32 176 233 1784 135 4411 135 44 46 4413 12 4414 18	2.60
48 0 223 42 4415 6 42 176 343 112 39 4416 12 4417 30 3030 18	4417 37 3 3455 12 2499 30 3030 37 3 3455 12 4418 18	2.60
4419 6 42 83 46 2909 115 32 176 16 2110 4420 12 4421 105 3 4083 4422 30 3 4423 4422 18	4424 37 446 68 3449 1672 115 54 3404 4425 6 56 176 3165 68 4426 623 1298 18	0.60
4427 3 4428 12 60 71 6 56 0 216 229 135 1474 135 37 4429 78 3 2204 12 70 2042 18	1474 37 4429 21 70 2042 6 436 42 176 4430 4431 39 1975 68 70 2018 18	4.40
21 3825 2641 6 0 104 135 81 82 449 135 275 3 250 4432 63 135 4433 82 135 18	0 228 229 3 4434 0 81 82 449 467 37 4435 4436 21 2547 4437 18	2.20
3 135 485 4438 135 262 176 2132 3419 363 2199 3718 365 21 4439 18	63 4440 4441 109 6 4442 262 2238 21 15 2161 18	1.00
0 370 1137 6 30 0 249 597 4404 3 3622 3241 68 63 4443 1402 33 18	21 4230 95 227 6 0 4067 68 4444 109 3 2611 18	0.00
3 114 446 112 4445 37 2643 155 3241 68 8 4446 18	0 370 2641 6 30 216 136 317 729 3742 729 390 12 3 62 6 30 155 21 3 2204 12 39 3711 1306 18	1.60
0 54 523 104 12 2204 1374 4447 63 515 4447 115 18	3 520 4447 37 1137 2641 428 3 3825 520 21 923 30 261 2641 37 729 21 236 237 729 18	1.80
63 557 65 2323 6 135 1273 12 700 135 6 4448 45 446 21 405 2641 4200 2627 6 216 46 3282 63 192 105 2677 18	135 1273 12 700 135 136 170 192 105 2677 56 0 65 45 4404 23 211 18	3.80
4053 405 4449 4450 65 401 544 317 12 60 135 4451 49 135 26 594 135 4452 135 4453 18	1115 61 363 112 2424 3781 365 6 48 0 393 3 135 49 330 623 363 4451 365 135 409 18	3.00
60 44 46 4454 4455 6 56 21 1137 2641 6 356 135 42 91 4456 135 37 4053 4457 30 3825 18	0 370 45 118 97 135 45 226 178 135 280 21 1707 68 135 4458 42 135 18	1.40
2285 21 3 854 6 135 1269 135 245 446 68 2209 3437 571 1714 18	3 2077 135 1269 135 275 453 4459 21 3 1336 12 3 4460 18	3.00
555 4461 434 65 4252 2110 4462 3081 151 452 293 4463 18	0 695 3 2611 4464 21 3 66 12 4465 3 3397 63 39 4466 4467 26 2834 4468 18	0.40
21 3 1646 4469 6 4470 176 4471 8 4472 30 4473 363 515 4129 365 18	1674 37 39 4474 388 6 846 37 26 39 1144 330 666 330 4475 330 1676 388 18	3.60
107 6 70 2571 24 46 4476 48 42 3154 3 2286 2077 2331 12 3 4477 18	390 2391 4450 592 544 1374 3 4477 21 2263 95 2046 4141 30 330 515 4478 2048 6 63 64 63 2046 60 37 534 330 416 68 55 2048 18	3.40
48 42 223 2765 30 70 4479 6 42 24 46 237 485 2384 68 1341 289 672 18	243 2080 3201 60 4480 4481 198 2130 12 881 39 4482 672 37 3 2152 12 4031 330 4483 557 18	2.80
32 176 39 94 12 1846 129 4484 42 54 55 30 49 178 2497 2110 4485 4135 18	32 176 1412 2110 4486 4484 109 32 30 390 12 139 2235 39 2365 2318 18	4.20
42 419 55 45 74 68 46 3927 70 3730 52 70 1368 26 3 4487 112 4488 869 18	181 6 81 82 1216 70 3730 26 70 1368 70 763 134 4008 82 28 38 112 3927 178 115 3730 18	4.20
107 6 42 83 4489 211 4490 6 56 45 3 4491 1519 30 791 377 12 4492 18	4493 4494 30 2063 4492 372 37 146 605 1608 26 39 2063 4492 4495 112 4490 18	1.80
0 474 70 3262 150 0 367 4348 52 492 52 289 4496 4497 6 3088 21 4498 307 18	492 4092 37 492 4092 6 42 54 82 28 2549 23 18	1.00
4490 4499 37 3 304 219 68 4500 70 4501 4502 18	2228 2197 510 24 104 39 4499 3261 37 4503 6 56 21 2408 6 37 2197 4504 489 146 4505 3261 18	2.00
0 4506 4507 26 39 466 409 115 852 293 488 2319 112 3 4508 12 965 4485 363 4509 4510 365 18	3278 4511 52 920 2113 81 82 239 4170 90 3 4512 12 3 4497 37 3884 287 18	1.00
4074 2423 3754 6 4513 30 4514 4515 2794 673 734 42 474 39 1294 484 18	1626 4516 6 2472 30 2482 4513 6 4517 6 3534 668 6 30 4518 30 4518 12 4519 4520 18	1.60
48 42 91 2794 39 587 974 3732 705 1336 39 2884 6 42 367 79 3 2433 2884 18	32 176 143 4521 30 4522 473 68 3533 21 2433 18	2.60
0 249 4523 39 4524 291 151 0 3800 26 3 4525 3958 151 0 3800 26 3 1532 18	39 4525 4526 82 1734 42 112 3 1314 12 4490 112 626 18	3.20
2097 961 112 2788 4527 275 2558 4518 12 1992 73 42 54 317 18	63 3995 4528 84 6 60 37 112 39 4529 68 4530 4531 18	0.40
436 42 91 2035 377 12 4532 372 6 0 54 523 145 42 39 4532 71 18	21 476 6 4533 129 70 4502 523 4534 4535 3 4536 52 1022 2113 18	0.00
375 12 178 6 63 39 476 358 12 2408 42 4537 68 1393 70 3732 4495 21 15 4538 2460 18	42 54 4539 555 6 56 21 9 222 6 23 24 46 160 468 226 375 18	0.00
4531 4540 3730 3818 24 984 6 45 4541 6 70 4542 30 4543 18	0 249 1805 175 115 176 318 160 4544 323 3731 2113 18	2.20
0 104 23 37 318 4545 68 3549 431 734 3 141 2559 18	0 500 82 171 4546 4357 431 4188 6 56 0 65 171 68 3549 4350 431 363 30 49 176 4547 1199 365 18	1.50
23 37 45 4548 68 317 4549 26 3645 115 42 24 3353 469 18	4550 4551 68 1767 1300 3 1767 68 4552 4553 18	0.60
107 6 42 54 239 195 4453 52 623 4554 68 70 4555 4556 18	367 1232 428 133 65 4557 195 4453 186 2957 1118 2563 30 405 12 555 4453 4510 3 455 3665 18	4.00
32 176 181 4558 115 4007 842 4559 519 1318 4560 4561 18	0 3468 146 4562 4563 115 4564 4565 4561 30 42 54 317 23 2043 4566 2216 18	1.80
584 139 63 137 63 49 176 63 4567 63 42 74 139 18	0 102 21 4568 30 65 238 4569 9 4570 30 4571 4572 18	0.60
4573 37 4574 63 39 4575 4576 21 390 4577 30 1366 46 4578 18	0 249 449 3 250 251 6 142 32 176 3986 12 4579 67 4580 3 4581 12 9 4582 18	1.60
1216 37 157 112 4583 63 3 4352 44 2399 4584 30 54 3088 847 3 4585 18	233 1216 4526 82 4586 6 3081 48 23 37 39 959 4587 210 18	2.40
68 4588 39 501 356 6 135 61 1130 33 4576 37 243 1130 33 4560 135 18	375 6 2956 505 229 0 249 181 222 2794 672 52 4589 4561 18	1.00
67 293 182 54 46 4590 4591 519 4592 4593 18	133 65 427 39 110 510 372 511 65 4590 4572 30 1325 4359 4591 30 21 3322 18	2.00
4594 176 4595 3 431 2554 23 33 2758 68 4596 459 82 270 68 300 4597 1079 4598 18	3 2262 42 54 2473 3 4599 26 3 1118 3 167 363 4600 365 18	1.60
236 42 72 6 0 55 45 65 387 222 52 60 18	436 42 249 238 607 39 4601 4602 71 6 0 147 4603 233 4604 4605 363 4606 18	0.20
21 3 1057 23 275 4590 2643 95 39 4576 21 2957 3322 26 2957 3724 372 21 674 872 18	3565 68 3 261 235 6 4607 4608 313 82 95 68 46 4609 1526 18	0.20
32 37 39 160 587 4610 12 3 594 2156 12 4611 4612 4613 372 18	23 37 4614 68 4615 4616 4598 150 21 2361 68 4615 3 3052 12 4617 18	2.00
0 414 23 468 68 312 67 61 71 63 2245 90 178 176 18	0 4618 135 4619 4561 135 90 23 37 95 39 1706 4620 4576 115 4621 187 30 504 4028 154	0.00
502 71 37 107 6 4622 4623 26 4624 37 39 118 1226 12 4625 18	23 2022 63 4448 23 275 2384 3352 68 4626 18	3.20
4627 54 3128 166 98 182 6 198 157 68 3327 3388 4628 18	317 4629 4630 150 23 33 146 4631 4628 2303 198 4632 4633 112 4634 3645 30 2610 73 37 4635 18	1.00
48 42 54 108 808 3 135 4636 4637 6 135 42 65 146 4638 4639 12 4631 4640 4641 1454 226 4642 18	3 4643 4268 26 3 4641 2134 3 2682 6 8 3730 6 12 4640 6 4644 30 4645 6 4646 18	2.00
3 551 12 4647 70 4556 37 68 108 4648 68 3 4649 115 847 1519 3 4631 358 18	70 4556 24 4555 519 4650 23 6 56 23 1305 493 48 42 3846 23 18	2.40
0 4651 39 3972 6 73 852 293 60 6 236 372 33 146 71 68 9 297 132 18	64 0 400 82 417 23 6 45 21 39 4652 4555 508 18	0.00
4653 6 95 390 4654 6 176 160 4655 30 24 4656 4657 4658 18	233 12 3 175 226 9 886 65 4659 4660 2610 18	1.60
60 504 39 94 95 146 4661 68 39 181 2471 4662 4663 18	0 4664 52 3995 4665 428 3 132 37 39 135 181 2471 4666 135 1032 603 18	3.80
233 4667 248 4668 30 2033 2017 270 2285 68 4263 4669 407 18	405 4670 30 4667 3200 623 1975 198 3 4671 1210 6 3 1932 12 3 4672 18	1.20
3 442 37 3 789 33 4673 634 90 12 453 1229 4674 18	3 1646 4469 37 61 12 3 1602 116 1240 21 3 789 8 283 18	2.00
2435 178 1240 4675 4347 21 3 2953 30 2954 112 166 98 3 250 473 18	3 4676 4598 4092 2780 3 2677 33 245 45 4677 920 18	1.00
323 4678 44 3132 68 143 4678 4679 363 4680 365 515 4678 4681 6 3 1070 275 155 448 3 4680 18	32 37 39 160 157 168 45 68 3132 68 3 4678 33 4682 63 135 1070 135 150 90 49 4008 82 3 1070 18	2.00
68 181 1360 226 178 37 3 4683 21 3 2951 1556 4684 8 1517 177 3 283 4685 18	49 248 39 4686 3315 21 4687 6 779 39 110 4688 1814 3 283 21 132 18	0.60
135 35 0 255 28 343 112 37 146 4689 12 3 1285 4690 467 135 3995 4691 30 3995 4692 6 146 2104 6 476 4690 4689 4693 18	3 1023 37 1956 198 9 4694 4695 12 3 1079 4696 4697 12 4698 331 18	0.00
21 4699 30 4700 32 37 2662 12 1920 30 146 4701 68 45 46 4702 18	60 2174 68 3 135 4703 135 12 1425 6 30 261 4704 4705 8 4706 18	0.00
0 269 555 176 3718 4707 363 4708 365 112 4709 2308 515 4710 18	115 37 2261 3718 504 95 39 437 68 39 1581 515 2574 18	3.40
227 176 4707 68 3 4711 2308 12 4712 363 73 4713 3 318 21 317 3443 365 30 4714 18	0 269 555 176 3718 4707 363 4708 365 112 4709 2308 515 4710 18	2.60
504 95 42 249 4715 4716 33 2267 12 3 4717 3982 18	32 245 181 2032 198 708 68 3 4718 12 1330 18	0.40
107 6 0 54 92 42 198 387 222 115 49 4053 59 4719 18	23 37 2471 115 4720 21 789 1126 4721 216 117 39 4722 159 63 49 925 18	2.80
8 3 62 115 4723 248 4724 4725 6 4726 4727 245 708 33 4728 18	3 4729 4730 3334 779 3 4723 4731 6 779 3 1082 2 4732 4733 4734 4725 18	2.00
32 2721 2261 233 2689 1466 2692 4735 33 806 21 4736 6 61 12 3 4737 1589 21 331 18	63 3037 70 2196 132 105 3 4267 4738 284 45 4739 115 4740 2027 4735 4651 1402 4741 4735 33 4742 18	1.60
135 3 4561 1210 37 61 12 3 390 4743 4744 30 4745 671 12 2610 26 4746 18	63 4747 26 3 4748 316 6 4561 4596 245 4749 68 3 1079 789 68 3405 4750 112 4751 18	1.40
411 105 330 330 4752 330 4748 330 331 4753 12 4753 1080 4754 140 4753 331 1983 115 3 1853 245 1785 1080 363 515 4755 365 226 612 436 3 895 330 4756 4757 18	0 255 45 169 118 56 0 450 3 1793 363 21 892 365 4758 1080 63 135 4759 135 18	1.20
4760 6 4761 4762 6 21 4263 2823 6 2046 3872 6 2048 515 2046 3123 6 2048 3297 12 4763 18	39 4764 4765 363 4766 6 4767 365 0 104 216 1142 271 3872 4768 363 4769 105 4770 428 4771 6 3872 6 2755 428 4772 520 105 4773 365 18	2.20
3 4774 12 892 547 245 45 4578 8 4775 6 56 8 3 4776 4730 6 4777 226 4778 18	0 393 3336 1207 1112 779 271 4779 6 4780 6 4781 198 39 4782 2718 21 3 672 544 4775 18	0.60
107 6 60 37 2471 30 107 6 21 390 1784 4783 4023 2261 1923 198 4784 6 63 3995 4785 238 2323 18	4783 4023 1923 198 4784 6 30 3 4786 4023 1923 198 4787 18	2.60
4788 4789 30 4788 2080 12 3 2571 176 16 2110 183 18	21 2408 6 42 54 430 166 98 30 4790 4789 48 42 81 82 512 293 4788 2080 18	3.00
21 233 4791 4792 2234 42 54 318 273 4793 12 4794 4795 4135 18	4796 4797 6 30 405 261 2515 2234 6 317 69 1423 363 4798 4799 365 4135 12 4784 18	2.20
3 4800 4801 45 198 3 594 4802 2332 12 3 2161 4803 63 405 372 302 18	23 29 26 4435 4804 2061 12 16 2234 30 4805 233 4806 1466 18	1.80
21 2641 6 4053 3 390 501 317 12 55 37 4807 18	21 206 4808 6 3 2077 2794 37 39 4809 21 178 70 2961 18	0.60
39 4810 105 0 370 4811 3 4812 748 12 39 601 854 4813 18	0 628 52 3 4814 115 70 132 37 39 1294 4815 18	0.00
3 168 112 60 37 115 755 37 39 98 485 4816 2161 489 2641 18	497 0 255 427 4817 21 755 6 0 400 82 229 2641 159 3297 729 4652 729 68 505 18	1.60
4818 12 330 4819 330 211 1820 4820 4821 178 808 3 51 105 755 6 3718 6 1386 6 4822 4391 18	4823 6 61 12 3 2234 2547 21 4824 4825 275 39 1479 219 4826 508 18	0.80
178 3 250 2044 12 533 115 176 446 52 2547 2234 3602 4827 68 4828 2234 18	61 158 115 33 448 270 1064 226 612 436 3 4829 37 115 42 54 4830 1856 1239 30 1661 18	0.20
4831 6 39 135 2307 4832 135 2161 4833 68 2287 510 198 4834 30 583 293 4835 4836 18	15 2161 37 4837 8 3 4838 2112 21 73 23 37 4839 18	1.00
21 755 6 112 2042 6 4840 37 45 4841 21 3 4842 4843 330 4844 18	63 21 755 6 3060 4845 4843 4846 4847 8 2470 39 4848 4849 3 4850 12 4844 4851 18	2.80
63 42 54 273 198 60 240 26 3 4852 257 6 32 176 405 18	60 37 146 2042 0 155 212 37 4853 112 375 2559 18	0.60
4854 2015 821 685 6 63 0 223 23 6 37 45 28 293 2234 6 56 293 4855 30 2019 18	63 52 178 4592 4856 6 4854 33 685 37 146 4857 18	2.80
39 314 12 3 132 4858 4859 37 507 3 2267 12 4860 275 155 448 4861 18	135 4860 135 37 39 4482 2195 73 136 54 82 156 4097 18	1.60
48 42 4862 198 3 4863 4272 6 3 304 3972 37 68 113 52 37 4864 6 4865 68 2161 18	60 37 35 49 592 226 4866 63 4867 4868 68 1750 2657 39 4869 729 21 4870 18	1.40
198 35 0 370 4126 23 33 4435 607 115 390 2641 4871 65 39 2366 4123 12 4872 68 4873 262 18	2148 68 39 4874 4689 0 72 2362 4875 262 21 2641 18	1.40
39 3591 44 145 42 4252 485 4876 489 2907 109 21 3 1358 6 56 45 98 18	181 6 39 3591 24 45 145 42 289 4876 198 4877 115 74 35 33 1576 18	3.00
39 110 2527 68 239 372 105 4878 176 45 72 68 46 3837 2666 4233 18	21 476 49 176 45 2045 4879 90 49 4880 1089 4233 18	3.20
4881 4882 4883 6 37 4884 68 4885 30 4886 6 30 2122 4887 18	4881 6 2748 261 4888 6 37 146 4889 2411 112 4890 112 390 3770 4891 112 1412 473 18	2.80
4892 363 4267 365 37 421 26 4893 4894 30 236 37 2183 4895 18	4892 4135 54 6 30 55 6 77 4343 42 54 108 4894 18	3.40
2110 2715 12 1191 65 2110 4896 6 236 42 83 136 4897 3 3207 18	1137 1040 4877 49 176 4898 501 21 233 4899 2627 12 1191 6 570 21 3 4900 18	2.00
236 23 33 496 68 65 39 2099 4483 211 42 3088 108 26 4901 18	4902 37 39 4903 142 3810 4904 4905 360 160 4347 18	2.80
21 39 4906 6 3 4907 24 46 4908 808 39 4909 1032 18	4910 6 32 176 1412 2110 1466 372 115 133 1366 46 118 68 4006 18	0.00
0 441 4911 15 3301 30 4912 233 4913 21 3 4914 151 0 370 32 18	3979 198 35 275 448 2323 6 70 79 12 1767 34 29 26 35 42 3353 18	0.20
39 3488 867 0 72 275 3 4915 3964 8 4916 363 415 365 18	48 42 54 3432 26 4917 4918 30 4919 4920 65 157 2907 2105 21 555 4921 18	0.80
146 4922 21 39 4923 2204 2370 68 289 959 3883 4170 515 4924 21 3 1679 4925 18	372 37 146 567 409 26 4267 68 145 4926 12 1035 1199 4927 18	0.00
23 216 46 278 112 39 4928 68 1089 39 4929 625 18	0 370 181 4930 6 56 21 9 222 6 4931 176 21 3 135 42 81 82 3820 505 6 0 4526 82 3820 42 135 4932 18	4.20
63 0 4182 380 6 23 33 534 68 4092 60 3534 18	4933 557 6 0 104 3 4084 37 166 64 2427 18	0.20
2554 42 1358 23 129 68 4934 6 3 71 37 4935 181 6 3577 37 45 3713 18	3577 4936 523 39 2101 2143 12 4937 115 54 117 42 4938 18	3.20
2110 2715 12 1191 65 2110 4896 6 236 42 83 136 4897 3 3207 18	42 54 108 39 3755 4939 198 1374 146 3808 4940 4689 2277 18	0.00
48 42 3588 39 4941 4942 26 70 4943 6 70 4944 4945 24 842 42 112 2035 4946 18	3 380 215 37 427 157 6 67 2840 68 239 26 130 68 184 4112 2563 21 4941 634 18	0.60
4947 4948 6 0 65 448 1519 60 2403 1532 67 95 42 18	107 6 23 37 607 319 68 826 1079 4949 4520 363 515 593 4520 2280 330 4950 4520 63 23 37 2038 8 4951 365 18	0.00
9 4952 37 68 568 112 3 639 68 85 112 23 18	9 4952 37 68 568 734 3 639 2109 4953 39 4954 112 60 18	4.80
42 176 462 68 317 3 4955 63 447 63 49 65 448 4531 4956 18	0 216 229 23 33 4044 462 236 447 63 3 4955 65 448 4957 4958 68 430 289 4959 202 18	3.80
87 37 3810 3 4960 360 90 87 37 4961 18	42 54 209 1883 3 4960 26 2797 73 44 523 77 112 39 1294 323 18	1.80
0 216 592 172 144 21 39 219 115 313 82 444 39 107 515 181 71 18	216 42 46 4962 52 3 4001 2967 48 87 4963 82 4964 30 330 515 4965 174	0.40
107 6 4966 54 4164 623 297 2161 6 56 23 33 45 39 76 18	372 33 35 0 2949 52 9 4967 4966 105 323 3826 68 128 6 178 1157 4164 233 12 623 297 4968 18	2.60
4969 42 55 6 81 82 4970 214 2285 68 1367 214 115 23 4971 18	133 155 4972 4973 2957 4974 26 3 4975 6 2037 4976 214 115 271 4975 37 35 4586 42 18	1.60
39 149 12 2518 115 0 249 4404 37 135 112 1325 1157 6 277 4977 135 18	289 4978 12 3627 54 46 4030 462 515 2541 4879 18	1.40
0 72 12 181 3403 4979 4980 115 4981 618 37 2782 4853 515 4982 21 2161 2863 18	4981 618 6 151 446 4415 37 4983 68 3463 2863 18	2.00
39 2529 37 68 65 39 1210 126 52 3 2380 2729 12 324 109 3 3847 363 821 365 112 4984 18	405 1157 6 2331 12 2035 4985 8 3847 176 4985 8 2035 21 2549 18	1.80
3 551 37 68 108 3 1626 109 115 3 4986 4987 186 3 2568 323 4988 18	0 249 414 52 9 4981 115 23 33 485 2183 68 156 8 271 3838 489 8 135 2210 135 18	1.20
42 83 65 39 4989 4084 52 3 27 396 73 54 3618 68 371 4989 52 39 2570 3635 18	23 37 155 468 151 1700 4990 68 273 35 188 4455 68 39 3276 18	0.80
42 24 46 534 4991 68 212 399 3977 115 71 227 144 52 289 3220 18	3 3988 42 221 176 160 4045 30 45 4547 1199 21 3 399 789 18	2.20
497 4317 37 160 4992 30 34 157 2780 4993 6 233 2156 57 4198 4994 6 73 54 3029 2689 2168 18	63 245 3375 6 3 251 52 4317 37 3 3658 112 4994 18	3.20
143 12 2957 1157 4995 21 39 4996 4997 112 226 612 623 375 2559 6 30 32 2721 181 2168 18	4998 504 95 3 61 133 446 112 9 4974 363 250 3386 30 361 365 18	1.40
0 65 597 93 182 115 2323 4999 2721 5000 59 42 93 115 174	133 446 39 429 5001 515 4981 5002 4908 1064 146 5003 5004 52 2957 4974 30 5005 18	1.40
0 370 3465 39 246 247 428 2035 5006 30 5007 21 363 5008 365 5009 18	146 5010 216 46 68 5011 395 5012 515 2228 68 5013 21 5014 18	0.00
9 765 3356 82 2399 5015 5016 734 293 271 5017 2674 18	372 176 233 183 115 2575 52 9 765 511 3352 3742 3818 1064 5018 1503 18	1.60
1367 395 97 98 5019 5020 37 150 115 33 35 133 59 6 30 38 39 3217 12 23 18	42 54 463 395 5021 1774 395 515 145 87 5021 68 395 18	0.80
2957 3243 275 155 5022 395 5023 6 56 3100 109 467 45 236 98 18	9 5024 30 0 2379 248 3 250 251 52 2957 5025 4966 5026 151 5023 62 245 808 18	2.80
5027 4529 37 392 178 4974 74 68 209 226 233 551 18	0 65 448 21 39 5028 247 52 9 3243 30 39 3392 4948 151 49 2721 192 30 1187 18	1.80
390 5029 55 592 3553 5030 63 3 375 2563 6 63 32 37 2643 181 80 12 5031 5032 18	5033 360 39 5034 275 68 46 146 278 222 112 139 18	0.67
390 12 3 944 0 54 212 293 4986 2907 275 68 55 230 52 5035 5036 6 45 5033 5036 18	21 9 222 6 5037 4067 68 1926 129 8 260 151 49 108 5038 18	2.60
372 37 9 215 421 26 9 387 222 5039 5040 112 5041 5042 112 39 587 2559 18	0 223 115 3 375 1555 1336 176 3 390 496 6 236 98 236 23 37 3306 42 55 23 547 18	0.40
23 37 138 6 56 23 24 65 68 46 39 5043 3392 5044 30 39 5045 103 18	133 171 1883 39 3391 5044 21 39 3281 103 2554 18	2.40
5046 2847 5033 5047 30 4518 12 183 115 5048 186 623 5049 18	375 6 3 5046 176 5033 3 4371 90 4371 176 2563 6 45 4920 18	2.80
76 115 3 2607 12 5050 37 4488 6 0 81 82 104 32 33 182 42 54 55 68 5051 23 18	68 5052 3 2607 12 5053 39 3656 5054 808 70 5055 30 2702 42 434 209 39 5056 3900 18	2.00
9 222 52 5057 275 115 49 155 65 448 135 5058 135 4371 18	4978 5059 5057 176 2541 4655 4371 6 49 176 2643 468 68 842 18	3.00
0 65 1805 20 45 95 1374 3 5060 112 39 210 12 473 18	0 104 5061 275 233 157 4836 5062 39 3656 54 1393 453 135 418 135 21 5063 2411 18	2.60
20 363 30 178 4285 21 476 365 55 45 223 3 2330 12 1389 515 5064 18	49 81 82 5065 68 2473 555 5066 1064 3 758 515 5067 3 758 18	1.80
23 284 159 95 70 3656 37 2567 293 392 6 30 2661 68 5068 23 68 42 18	392 37 5069 70 3656 30 87 284 45 95 23 18	3.80
0 65 4523 390 20 81 82 3773 510 39 466 276 18	20 44 515 44 45 3773 39 625 421 26 178 4420 12 183 18	3.00
97 434 46 42 236 118 115 3 4371 4781 39 4592 769 18	21 9 5070 5071 3642 1767 103 6 73 37 146 3837 103 6 4371 2199 108 5072 68 769 18	1.40
375 6 5073 3 3627 33 974 2161 68 117 118 115 23 37 2838 3837 18	375 6 42 83 622 115 60 37 45 42 515 70 3627 33 251 18	1.60
3 3685 5074 388 12 3 1767 284 5075 39 281 8 4371 6 56 106 200 54 419 842 139 18	3 268 42 249 448 76 21 3 630 235 37 157 18	0.00
9 269 37 115 170 70 3656 523 5076 2177 3 2563 42 91 4988 214 18	233 4279 393 5077 20 597 28 5078 5079 129 4044 30 49 155 225 226 42 95 623 641 18	0.60
518 3 5080 68 3 5081 52 39 611 5082 30 317 39 5083 5084 68 3821 23 18	0 3352 68 5085 186 60 90 42 5086 9 5087 5088 52 3 132 467	0.00
209 4225 68 5089 428 5090 5089 48 42 79 392 2255 18	63 3375 21 630 235 6 5089 30 5091 54 46 3904 2331 12 5092 515 21 39 5093 52 5092 18	3.40
42 83 224 60 5094 68 39 5095 256 4097 18	63 5096 21 3 261 235 6 70 523 5097 37 68 273 39 5095 21 1389 68 65 5098 266 18	3.60
3 2062 3029 12 3 5099 37 4362 21 3 5100 18	5099 68 4285 6 3297 5101 3118 6 54 46 1153 3 3186 633 489 5102 2241 18	2.20
32 176 39 110 183 68 410 70 5103 2088 39 281 12 3730 18	1402 5104 275 233 5105 30 3685 2044 112 5106 39 5107 3730 21 271 71 18	3.00
5108 37 160 4392 68 3 2241 5109 63 64 63 3 5110 30 70 5111 222 18	42 147 155 74 68 239 4371 186 39 103 187 18	1.80
3 304 2187 37 2940 52 70 3656 673 1786 21 3 3188 211 5112 18	39 3439 0 59 245 68 5113 30 569 9 20 1454 48 49 5114 505 2780 3 1786 18	2.40
0 81 82 65 371 222 52 5115 6 56 0 249 597 4404 115 5116 24 77 5117 21 289 3391 330 3392 4363 18	5115 176 2276 5118 30 181 358 35 2543 42 579 3461 49 24 1663 18	2.60
133 155 463 23 5119 129 21 39 281 12 3719 515 26 39 5120 18	133 248 39 3656 115 337 10 5121 6 30 23 245 39 5122 68 145 3 3656 39 5123 18	1.40
3 2526 168 0 54 104 12 37 115 42 91 3810 4097 39 1178 5124 112 3 3656 18	20 81 82 2132 95 68 65 623 5125 1265 6 5126 6 515 182 95 115 18	1.60
4978 5059 5057 176 2541 4655 4371 6 49 176 2643 468 68 842 18	5127 5057 79 68 27 73 3128 42 79 226 612 5128 5057 21 70 103 18	1.60
429 3 5129 4247 52 5130 363 0 446 68 55 115 151 9 3764 3243 245 39 4981 5131 365 18	557 65 38 233 157 111 293 97 68 5132 3 5133 21 3 283 18	1.40
5134 3356 82 463 3 789 226 3 5135 12 3 4146 3037 5136 18	340 59 5134 51 3 4746 226 3 5137 12 146 5138 4146 174	2.80
0 81 82 104 115 5139 37 39 524 12 570 5140 5141 18	0 255 45 5142 115 5139 37 5143 5144 68 39 5140 4047 18	3.80
64 112 61 39 2035 434 65 39 5145 5146 30 1373 45 3088 46 21 70 4001 18	3 291 37 5147 6 63 45 178 5145 183 2238 21 5148 18	3.40
510 511 176 157 226 3 5149 12 3873 176 2208 30 45 5141 18	9 4242 37 115 0 95 68 225 226 183 198 623 4617 30 156 129 18	0.00
3 291 1856 135 2557 135 30 135 5150 135 37 3 3071 12 3 4452 5151 18	5150 37 146 1480 3236 6 2557 37 39 1022 3236 18	2.00
0 65 181 158 340 23 37 5152 129 6 56 5153 5154 33 71 5155 3 132 18	23 33 39 5156 6 56 3 5157 1856 5158 30 3 5159 4610 37 1107 18	0.00
23 33 2471 115 6 2 61 4483 12 135 5160 135 30 135 5161 135 6 70 5160 5162 37 5163 8 70 5164 18	5160 37 5163 8 3 5164 12 3 5165 5158 42 91 324 78 18	3.80
0 2554 2343 39 5166 511 1265 3 398 5167 524 18	497 0 393 5168 37 5169 6 0 81 82 104 42 65 414 3 251 18	0.20
48 39 3778 37 45 5170 146 5171 515 5172 44 515 24 4164 115 5173 3 508 18	83 5174 226 60 551 46 3 5175 112 4042 12 289 508 174	0.60
3 132 37 363 198 4699 365 428 55 42 2238 90 12 4993 174	3 612 115 54 46 2323 37 115 133 1366 46 2626 52 3 4208 30 729 613 729 68 2659 18	1.80
0 104 115 112 146 4483 5176 33 135 1855 135 6 42 1366 224 21 509 3 2196 363 4264 365 2204 18	5176 37 5177 68 97 5178 2478 2232 3 5179 150 3 2020 12 5180 2156 18	1.80
5181 112 39 355 115 42 3712 5182 182 293 3137 135 5183 135 515 135 5184 135 4268 18	63 557 65 238 3375 6 4268 176 12 2486 5185 18	1.20
3 132 12 62 37 146 5186 468 61 6 73 275 448 5187 12 5141 198 5134 68 5188 18	4267 6 63 98 63 23 37 39 5127 5189 5190 5191 6 37 45 2202 39 5192 509 12 182 18	0.00
45 178 1616 1353 54 46 5193 5194 186 1617 1353 18	0 81 82 104 3 5195 12 2382 37 26 1617 515 1616 2353 18	1.00
63 0 223 23 6 2766 115 54 46 2960 6 515 3619 1519 186 2255 2715 37 5196 626 18	2957 5197 176 5198 29 26 142 133 463 2957 5199 18	0.40
0 54 4189 39 5200 142 39 593 178 2279 5201 263 3 4146 115 133 72 12 18	23 37 3 250 158 63 35 5134 1785 3 5202 5203 18	0.80
151 0 2170 39 2788 5204 6 0 34 5205 112 39 5206 18	146 5010 5204 115 44 5207 70 5208 37 3 5206 18	3.00
4883 345 5209 275 146 5210 1788 112 3 3278 2598 12 191 5211 30 23 2022 68 518 139 178 18	4883 345 5209 37 191 5211 30 477 67 368 26 5212 3757 843 363 0 370 1374 23 4188 365 18	3.80
32 176 405 5213 5214 52 5215 5216 220 198 5217 30 5218 18	32 176 5219 5220 115 156 68 1423 5221 6 598 63 233 12 3 5218 5222 2010 18	3.20
3979 198 5223 30 5224 3780 6 5225 12 2574 34 5226 52 5227 3126 18	3 5228 70 5223 6 3 2255 70 5224 5225 24 46 18	2.60
151 5229 26 39 5230 3 5231 37 2132 2465 63 39 5232 52 39 5233 363 4606 18	23 2370 68 3 252 5231 363 73 37 2003 63 3 5232 12 5224 3780 68 5234 5223 5235 365 18	3.00
42 79 68 46 5236 39 5237 5238 21 42 1894 6 63 34 1374 39 5239 115 2392 5237 5240 18	21 9 222 6 151 3 1513 3119 24 46 21 5241 6 317 115 5237 5238 198 113 68 3662 18	2.60
0 65 39 110 5242 5243 6 30 39 5244 5245 112 5246 1097 18	48 70 3254 37 230 3 5247 6 42 79 68 225 226 5248 5243 6 45 5249 63 39 2558 18	1.80
0 65 414 32 37 181 593 304 219 68 984 4123 18	32 176 39 160 5250 210 12 244 112 5251 30 5252 904 112 317 26 3 2145 18	2.60
0 249 446 564 2504 3994 30 5253 5247 3994 26 3757 18	21 5254 0 317 5255 6 73 37 275 233 5256 56 73 37 3 523 2689 5097 5257 18	0.80
39 2143 705 572 21 2020 83 46 485 489 3713 5258 112 5259 363 5260 365 1608 112 3 5261 363 1058 5262 365 18	233 2892 176 106 1706 68 4032 146 5259 4925 6 236 42 79 61 115 37 4883 3713 18	1.60
372 176 405 5263 105 5264 109 12 3 5265 5266 32 6 0 370 118 233 176 52 39 5267 18	23 33 39 1429 105 1429 5230 6 236 115 170 115 3 4123 12 3 2978 24 46 3 250 4123 26 3 5268 18	0.60
250 372 6 0 249 3 5269 4741 330 5270 6 30 63 9 5271 5230 0 5272 82 102 519 23 112 5273 30 5274 5275 18	0 65 3 5276 6 2677 330 5277 30 2677 330 5270 63 64 63 3 5278 150 5279 8 39 5280 18	2.60
0 317 5281 5282 6 56 48 514 37 45 146 543 547 156 112 5283 18	515 67 156 52 3 5284 5285 5286 6 73 145 42 39 94 12 5287 112 3 5288 18	1.20
3 287 71 37 115 107 6 42 54 55 60 18	4200 198 9 297 222 6 0 216 633 5289 2110 5290 4554 115 5291 16 5292 18	0.00
3 5293 37 2132 1785 135 5294 3958 5295 5294 135 5296 18	5297 330 5298 5299 176 5300 30 216 5301 5302 30 330 515 5303 3 1564 21 39 219 115 434 46 5304 18	2.40
112 35 23 33 5305 6 4627 26 3 5230 57 45 46 63 4982 63 42 216 104 18	3792 348 3438 5306 37 466 112 5307 5308 6 63 23 45 523 5309 23 56 34 5310 23 18	0.40
5311 5214 176 160 98 5305 5312 446 428 49 91 2197 2541 5313 6 48 45 5314 18	48 0 248 68 584 6 5315 216 46 9 2401 18	0.60
5316 6 32 4053 37 39 291 21 1992 6 2067 21 1894 3388 18	48 42 74 68 2659 5275 6 2643 289 2820 24 55 68 113 52 18	1.00
3793 5317 4435 4534 61 6 121 16 183 105 4883 5318 4136 6 30 1746 226 3 256 62 18	21 4303 68 3995 5319 33 71 6 42 54 317 1746 363 2782 3 5320 515 167 1373 6 146 5321 365 68 5322 3 5317 18	2.60
666 5323 284 45 540 3 587 5324 30 3583 3855 236 98 63 3 5325 30 5326 5327 68 3 5328 18	5323 63 39 5329 5330 434 45 5331 3 587 5324 30 3583 3855 12 3 5328 18	4.00
3003 173 54 5332 90 3 685 1300 139 68 18	3 5333 473 340 3003 173 54 5332 65 448 2808 2427 18	3.60
3 1008 2022 68 65 39 2255 5334 1165 112 39 110 473 21 181 2361 1389 18	32 176 601 2062 2157 115 1293 3 3278 5334 1165 21 3 22 18	2.60
2969 4481 5335 512 2672 6 42 176 324 198 39 5336 5337 115 5338 1126 313 82 1822 1834 18	5339 49 216 136 5340 70 5341 4739 115 650 33 5339 685 24 1822 1834 18	1.60
3 676 37 45 28 178 115 496 112 1092 510 18	3 5342 12 3 1092 676 37 2643 67 3101 18	4.00
21 39 135 5343 135 508 6 23 37 468 68 5344 485 489 16 5345 18	323 3 729 5343 508 5346 16 5345 6 23 4053 313 82 5347 3 5348 12 853 5345 18	3.00
3 314 12 3875 115 37 390 95 4160 37 1785 5349 18	2482 2292 375 105 0 81 82 104 115 5166 155 628 26 623 5350 30 5351 18	0.60
2956 505 3776 9 4952 63 798 1135 6 198 5352 6 5353 728 18	0 255 118 60 37 485 5354 30 5355 132 489 23 188 18	0.00
390 510 74 45 523 68 46 64 360 6 56 68 2399 167 360 63 62 1305 8 18	68 113 6 3 2062 823 12 996 4598 176 5356 6 2996 6 30 2523 18	0.40
0 370 45 1373 332 68 71 48 3 5357 275 146 1377 5358 1975 18	32 176 609 2168 52 3 5359 42 2722 21 3 132 6 73 2009 3 5360 5361 18	0.40
181 6 2766 21 3 1818 4876 30 5362 512 3455 5363 3 676 5364 1370 18	32 37 155 135 5364 1370 135 8 5365 12 3 2424 12 5366 18	2.00
755 666 685 37 300 427 2241 26 60 61 30 45 63 5367 63 5368 18	3 2296 3790 12 1251 1589 21 723 245 1265 26 1405 5017 6 5369 30 5370 5017 6 5371 112 3 5372 18	0.60
60 132 275 238 448 4743 5373 30 296 26 5374 18	3905 3374 4856 4586 3 612 5375 6 612 5376 3 390 18	0.00
2148 68 5377 5378 2684 850 1144 30 1006 39 634 1785 831 284 45 2238 18	63 52 3 562 12 5379 6 3 562 12 831 558 4009 26 5380 42 85 18	3.20
90 32 176 485 5234 203 112 395 5381 68 1393 515 5382 4856 18	49 55 45 5382 4856 90 5383 24 3712 5384 39 685 73 37 2539 68 3 2465 4678 33 24 18	2.80
5385 5386 155 2003 8 3 559 6 515 3 2204 18	21 1240 95 892 6 151 42 65 609 330 1555 12 3 5387 12 178 719 6 42 65 5385 5386 18	2.60
58 5388 275 266 5210 481 26 511 37 4586 8 344 3905 5389 18	3905 3374 4856 4586 3 612 5375 6 612 5376 3 390 18	2.80
3 604 5390 176 5391 26 3 604 5390 21 317 21 754 21 5392 151 5393 2853 2163 18	60 37 318 39 5394 520 12 5395 82 6 56 52 39 2365 5396 18	0.20
211 42 74 68 113 3 5397 12 39 2978 6 608 109 35 42 74 68 274 18	63 5398 3379 6 209 68 608 109 35 42 74 68 274 18	3.20
5399 2043 176 3667 12 5399 5400 73 0 317 2643 5401 18	68 1939 2765 68 317 5402 5400 6 5403 70 5404 112 39 110 1336 18	0.60
63 557 65 3375 6 3 5405 5406 37 146 605 2042 12 39 3935 795 73 284 5407 77 18	0 249 448 2784 52 3 5405 5406 112 3548 201 18	3.60
3 496 130 0 209 68 450 37 67 68 575 2698 18	0 65 448 3990 26 60 5408 436 0 65 3231 60 132 18	0.00
0 104 42 79 68 3602 39 1294 4874 583 68 60 18	61 476 127 68 45 2629 5409 37 68 1764 5410 2765 68 557 18	0.00
39 5411 481 363 1429 6 609 365 5412 505 115 3 3470 12 5413 188 68 4100 293 5414 779 5415 18	3 543 37 115 23 597 1069 391 21 453 2471 2080 18	0.00
372 33 39 2280 0 249 1923 519 2035 2909 12 23 105 5416 5417 18	0 628 52 557 115 5418 70 62 37 5419 68 3 1855 18	0.00
0 65 39 5420 330 5421 3532 226 77 30 28 95 23 18	63 3375 8 261 5422 6 23 5423 109 115 1374 39 5420 3532 459 82 2202 39 553 1855 18	2.20
3088 4448 3 132 275 448 296 0 216 95 68 239 9 71 18	0 81 82 72 48 0 83 229 60 6 56 48 70 272 37 177 42 5424 18	0.00
70 2632 37 238 3315 68 5425 1519 63 42 273 3 748 21 2667 18	0 370 2424 372 39 110 5426 115 54 410 42 52 4242 18	0.40
68 4327 52 3 206 5427 2280 60 37 2045 146 5428 18	32 37 300 5429 21 390 5417 238 21 51 68 55 67 60 18	0.00
0 104 4566 1336 37 3 5385 390 42 54 542 109 21 39 593 62 254 18	419 542 39 2649 1166 150 23 33 4724 1232 112 70 5430 68 1393 150 67 5431 139 63 49 55 18	2.60
3 5432 5208 68 5433 112 271 330 5434 3 578 330 5435 12 146 135 4455 135 2089 5436 6 598 63 5437 18	2331 12 2661 68 4674 2241 235 515 2018 33 26 139 18	0.80
0 95 3 630 235 4112 5438 39 2073 30 5439 3 5440 12 270 68 39 272 18	189 39 1555 5441 2637 30 317 23 68 2025 3 77 283 198 3 2907 283 18	0.40
0 228 113 8 3990 5442 5443 33 3972 105 301 183 266 18	0 370 5444 3092 3 191 1058 3037 2649 26 3 5445 363 301 183 266 365 508 5446 8 5442 5443 18	3.00
3 304 219 68 2759 70 396 779 39 5397 5447 37 8 3810 26 39 4496 5448 4497 363 5449 18	35 477 112 505 37 68 3605 3 2772 30 224 5450 948 18	2.20
0 5451 52 5452 5453 26 233 12 271 5426 18	481 284 3018 115 2907 779 4257 37 39 166 157 5454 18	0.60
5455 0 249 449 39 2122 1454 68 5456 2973 5445 5110 6 497 60 434 55 52 233 5457 30 5458 18	9 5445 508 37 5459 882 2682 5460 2427 21 5461 372 18	3.40
474 3 1833 467 30 55 23 3450 3 3972 5462 68 474 3 1833 18	1016 5426 68 1139 70 1833 30 2964 3 5463 188 567 18	2.20
0 249 4506 4651 16 4491 330 3404 5464 5465 198 5466 30 0 370 427 2784 52 139 18	411 105 330 330 5467 330 32 37 34 3 5468 330 5469 3269 112 73 42 434 5470 5471 5472 112 18	1.80
0 216 229 3 304 130 112 505 37 68 65 39 5473 30 5474 3372 2073 18	32 33 34 5475 112 5476 6 73 288 42 458 502 5158 330 424 2168 211 3 5477 24 3846 360 18	0.80
233 3977 302 5478 5479 1022 324 2089 52 5480 983 4075 68 5481 6 2497 30 2795 18	32 33 146 5482 5483 1785 671 73 57 46 4853 18	0.00
222 105 42 1366 65 4523 21 42 2476 330 886 115 261 3701 511 176 485 222 223 183 4347 18	0 104 39 3826 2535 37 3 5484 5485 12 39 5486 625 18	1.60
32 37 39 2830 4897 506 12 510 511 176 859 68 46 5487 21 3 5488 2627 18	3 1417 3476 5489 510 511 396 109 68 3 5488 2627 363 4245 18	2.80
0 5451 115 3 5490 2046 390 5210 2048 83 46 3055 68 5491 1431 5492 2015 821 2161 18	3 390 5210 5493 2161 245 38 8 5494 21 3 1257 33 6 3081 8 5495 5491 1431 5492 18	1.67
0 228 46 485 5496 68 393 115 23 33 233 4062 12 5497 789 18	23 37 45 5498 6 23 37 3790 67 63 2957 789 18	1.80
26 3 61 4642 6 32 2015 821 2766 21 5217 68 302 115 3 62 5499 434 156 5500 21 62 18	62 5499 2721 5501 3375 112 317 21 270 2285 21 62 18	2.80
0 245 5502 21 68 5503 326 4836 68 5504 5505 226 5506 105 5507 18	23 33 4397 138 112 23 68 2473 3 2574 519 5508 150 23 2771 18	0.00
375 12 178 6 2956 505 229 115 32 188 68 46 1555 2062 5509 68 5510 39 5511 18	0 155 2837 115 1722 5512 68 2659 198 3 5513 1590 167 489 87 59 198 261 5514 18	0.60
0 3352 2778 3 5515 790 8 2778 5516 375 154	519 5517 186 146 5518 533 12 5516 30 4146 6 0 147 209 30 46 63 5519 63 138 18	1.80
0 5152 112 3 5520 5521 63 2035 3 2526 5522 18	5443 5523 33 3972 5524 5525 39 5520 5521 6 56 38 12 5526 6 5527 3381 363 4819 174	0.40
23 245 211 3 308 3513 90 5528 2949 3 867 211 3 5529 3200 395 18	3 560 5530 5531 82 448 5532 1373 6 56 32 176 39 110 5533 133 54 117 18	0.20
133 65 16 5534 5535 21 4085 515 121 485 18	2957 5536 5537 34 3356 82 5538 3 639 511 245 21 3 5539 18	0.00
5540 245 146 158 5541 30 39 510 5541 6 45 39 2223 5541 18	390 12 5542 4819 5540 33 477 4008 82 534 5543 21 3 612 18	1.40
375 6 133 1366 184 115 135 5521 135 37 513 534 5544 30 485 3788 5544 6 5545 6 1133 2414 30 598 18	135 5546 135 26 626 5547 176 2132 112 61 12 16 4508 105 4109 5548 515 5549 5550 18	0.00
2148 68 5217 6 5551 245 146 5552 21 5553 6 3081 1603 363 60 37 198 988 2706 365 18	21 5554 5553 6 390 1693 37 446 68 5555 3 4479 6 45 842 139 18	0.60
0 81 82 104 133 65 39 5556 2020 12 5557 5558 18	3 287 71 37 115 5559 5272 82 263 5560 21 4233 18	0.80
372 37 3 5561 518 1303 6 2401 482 21 70 132 37 3 5561 3269 18	4267 33 5562 12 62 2788 2210 37 39 157 5563 68 521 293 60 2978 18	0.20
1226 2161 121 6 436 32 37 181 2979 68 5564 2080 6 4197 515 5565 18	23 37 462 68 229 115 974 5566 2669 39 277 2670 21 178 2234 18	2.20
450 6 198 3 5567 33 551 12 2594 6 3 2433 12 3 4079 37 35 33 3883 30 4811 62 5568 18	64 6 23 28 29 26 97 447 87 245 32 6 30 3 560 4136 12 3 5567 18	1.80
60 158 275 448 1064 436 3 3315 12 5569 30 5570 18	3 2223 3201 5571 57 1678 233 3561 26 60 5408 18	0.20
37 23 138 112 39 3933 68 108 5572 3088 779 5573 3750 330 5071 2018 174	107 6 23 33 138 112 39 3933 68 108 5572 779 5573 3 3750 330 5071 2018 18	4.00
107 39 457 54 317 3 250 5574 112 143 5575 30 5576 21 39 5577 808 18	32 33 181 149 115 5578 73 3195 54 46 5579 112 5575 330 5576 21 3 5577 808 18	4.20
23 37 134 3 2076 12 3961 5580 1074 8 3 2076 12 5581 1956 18	5575 738 4092 37 2003 112 39 5582 63 3 1433 2076 12 3961 5580 3037 5583 1956 18	4.40
107 6 367 150 3 5584 5574 1366 2346 3 2180 68 5585 211 5586 3 5207 150 515 289 1096 6 300 18	107 6 3 5587 5208 68 568 734 3 2180 966 271 5027 283 6 3024 23 2230 63 2035 5588 18	3.00
133 523 446 5589 63 39 5590 5591 6 30 63 39 281 12 5019 18	5589 37 45 485 5234 489 289 5473 5592 3818 150 67 485 5019 154	2.60
48 3 2076 12 5593 772 8 16 5594 176 34 2092 547 143 5594 24 108 1429 551 673 18	60 37 3 149 48 3 5595 5596 8 16 5594 21 5577 808 37 2092 467	0.60
1156 375 5597 21 3 4796 5598 21 5599 226 3 5600 5598 18	21 5600 6 3 1115 4796 3065 3257 6 1502 1156 5601 21 192 2072 105 5602 6 5603 6 5599 6 5604 6 30 5605 18	3.20
23 37 534 68 128 112 39 457 6 72 35 623 5606 37 270 186 39 1394 18	5607 275 2960 5608 52 3 1079 5609 5610 1332 18	2.60
68 2940 5605 6 3 375 130 42 79 37 39 506 12 1763 18	2470 2122 4506 1956 129 3 4903 4188 6 0 474 70 5611 18	1.20
107 6 5612 363 5613 21 3 4272 365 4637 54 1393 3 3071 12 39 3933 18	243 5614 12 3 5612 4637 37 115 23 288 5615 5616 468 18	3.00
3990 70 885 6 38 505 104 12 9 5617 1503 154 154	0 228 229 42 79 68 5618 2765 198 3 5619 345 18	0.00
32 37 181 157 168 112 3 5620 68 5621 1608 2669 21 3635 2602 18	32 37 243 251 52 5573 3923 5622 4580 67 3702 3 3834 12 3 3217 18	2.60
2011 6 3 149 37 115 42 1366 2940 3 2180 6 30 45 3 1130 6 734 5623 5624 3 2180 18	23 37 2122 502 68 223 6 4898 4504 68 3911 18	1.20
226 3 3215 388 6 39 2591 5625 627 2716 49 1404 623 3217 542 112 3 2502 169 18	198 387 222 0 414 115 39 2591 5625 68 46 5186 4853 18	2.80
0 54 104 12 601 127 2157 115 176 427 4452 5626 18	32 65 448 427 39 110 3977 21 3061 330 2602 5627 1306 2574 2318 18	0.20
3 4536 12 3 2180 21 3 1626 37 1785 5628 5575 18	143 12 227 5629 12 5575 176 2937 8 5630 511 176 5191 2591 515 4883 5630 18	1.80
300 6 23 33 98 485 4503 68 5631 3 61 45 26 3 250 5632 18	115 37 34 3 4548 5606 112 5633 6 48 42 176 270 112 62 18	0.00
783 2180 2 1467 5634 1077 26 39 5635 5237 73 37 160 246 68 3 5237 12 3 5503 18	0 255 106 39 5636 5637 56 63 314 12 9 5638 3818 18	0.00
181 6 32 37 181 2241 5639 112 4431 3 1130 12 3 3933 5640 18	63 3037 3 2210 6 641 5640 37 96 8 3 5641 5642 18	3.00
0 54 82 104 12 3 5643 6 56 0 4194 68 450 60 5200 198 405 1503 2461 18	3 4856 12 3963 229 115 42 54 5644 289 5645 6 181 358 35 3 3489 3780 37 18	0.00
63 3037 5646 33 135 2821 5366 135 6 4738 1502 6 523 3 5647 37 5648 68 3588 39 3373 18	497 5649 37 3319 68 46 461 6 23 37 45 401 112 2211 261 489 3 5647 18	2.40
2479 68 3048 42 249 3352 5027 5650 6 453 39 466 4903 154	39 476 149 12 2518 37 15 5651 17 12 5652 18	0.40
0 3423 68 3800 3 1115 2418 5653 2763 493 547 3 375 18	0 216 419 156 112 39 4252 5654 375 2418 18	2.60
23 245 2139 115 2798 2582 1752 1753 21 3 375 3790 150 45 90 2798 33 5655 330 5656 4754 5657 18	60 245 106 447 112 39 5658 6 236 0 255 5659 23 63 39 5660 18	0.00
112 3 390 314 42 54 3602 226 289 22 5661 18	4435 42 91 5662 68 3602 226 3 22 5661 226 70 51 12 1095 18	3.60
32 37 61 5663 6 2754 1347 6 73 37 2661 68 4695 5664 52 5577 3411 4707 30 5665 161 1213 18	32 176 39 110 1347 73 5666 3182 226 1022 5667 18	1.80
0 228 302 42 212 39 888 21 70 2243 634 6 30 184 3756 39 931 5668 888 509 52 139 18	0 255 45 118 48 42 54 1358 39 888 509 21 933 48 42 176 45 39 5669 18	1.60
63 0 450 6 21 5670 226 612 6 32 176 1358 1626 1562 26 39 5671 5672 18	60 316 3667 178 3 277 5673 1562 21 241 18	2.00
9 222 37 115 39 4488 2881 37 155 5674 18	151 1374 39 3792 2881 117 118 23 33 52 39 3880 124 515 42 628 2326 3 4092 5675 18	2.00
0 248 39 246 543 56 21 35 5512 68 46 39 5676 247 18	0 370 300 293 68 55 3 250 130 151 5677 226 5678 5679 18	0.00
39 4072 2950 37 112 3 5435 12 3 1348 18	2132 23 33 39 5680 2950 6 30 42 67 4491 26 3 1348 18	2.60
5681 6 226 612 284 6 63 2427 372 105 5682 5681 3247 18	5683 5684 176 39 2377 12 390 1357 21 1595 18	0.40
32 33 39 5685 71 68 60 6 30 39 5686 71 68 60 18	23 33 166 5687 115 0 249 1805 1347 85 112 227 68 46 5688 360 226 407 18	0.00
0 5689 5690 21 5691 6 2657 198 5692 30 5693 112 601 2460 18	5694 105 920 105 5695 3278 105 5696 60 37 67 211 3 3382 308 363 5697 365 30 5698 176 476 513 18	0.20
4435 6 2643 5699 0 156 6 0 212 23 33 2086 68 108 514 109 12 3 889 18	32 176 5700 12 5701 30 5702 178 1064 3 1853 6 3081 21 1853 5135 18	1.80
3 390 4455 37 3 5703 447 3126 2787 21 5704 105 3 1550 5705 219 18	225 226 60 105 411 105 330 330 5706 330 42 434 55 23 21 599 18	1.60
3 71 24 25 2466 26 35 634 42 91 1134 68 18	63 5623 511 275 155 5707 52 39 94 12 5708 5121 6 0 155 5644 23 18	1.00
32 176 5709 2552 5710 6 73 170 39 959 5711 5712 363 32 67 459 82 39 5713 4271 365 18	63 557 65 2323 48 42 74 68 108 68 3890 3 304 3003 2239 5714 37 8 1935 18	0.60
216 270 26 39 5715 5716 5631 63 39 577 174	5717 3505 39 1472 2884 577 12 811 2581 6 2657 30 5718 21 5719 18	1.00
2641 477 4343 52 510 5312 30 5720 183 30 21 3 5721 30 5722 5723 18	0 309 1064 5724 363 2499 5725 365 30 5726 5727 30 0 248 181 251 301 8 52 67 2641 18	2.80
0 104 3 5728 478 65 39 94 68 55 52 3 3781 12 3 5729 18	0 104 23 33 270 68 25 26 35 3 473 176 18	2.60
32 37 2766 1107 52 3 2611 135 502 561 1213 135 18	3 2347 1393 2170 68 1764 2538 5730 37 68 67 1142 23 39 135 502 2042 1213 135 18	3.40
0 249 3352 9 297 5436 436 0 3356 82 95 5731 30 5732 18	0 249 171 405 12 3 183 3375 380 6 56 49 597 28 2575 112 505 18	1.60
107 6 60 37 1232 6 63 23 1300 42 68 5733 2101 183 6 115 42 74 3 2889 68 5734 18	0 393 60 37 4030 2269 30 284 39 157 272 12 2902 70 551 18	4.00
112 5735 6 0 65 1294 2382 68 1367 12 595 2035 5736 63 3120 30 330 515 5737 18	68 71 70 132 6 107 6 0 104 5738 70 5735 24 4586 70 5739 68 46 5740 5736 2352 18	1.80
5442 5741 33 3 1126 5201 33 297 275 233 5742 2788 5743 21 23 73 87 284 427 64 18	61 130 115 83 46 446 63 39 5744 21 5745 5746 37 3 158 12 3 4406 5747 18	0.20
42 65 68 2058 3 251 211 5748 39 1855 18	5749 0 113 3990 3 250 3615 808 30 808 2344 6 0 113 5750 18	0.00
70 80 37 39 472 61 428 3 3677 434 46 5751 8 60 18	0 81 82 393 45 4031 39 5752 33 1975 216 46 4815 359 42 117 23 236 18	1.40
181 6 42 81 82 79 68 65 1956 2002 515 5753 39 451 21 70 283 18	0 65 266 427 39 281 12 4072 2424 112 5339 596 4135 18	0.00
61 130 42 4194 68 46 5754 4112 5755 6 37 49 176 2541 5756 5757 18	0 4523 42 2323 135 366 5758 135 2964 5759 426 21 39 41 6 56 55 5760 174	1.20
133 67 5761 60 4506 6 30 3 605 71 5762 245 5763 18	5763 6 63 5762 8 5764 5765 6 37 39 157 5097 18	3.60
3 5766 0 367 5767 176 5768 30 5769 6 56 49 176 34 5770 18	39 5771 42 74 68 224 1519 37 6 226 271 330 395 2631 6 5623 511 284 45 512 293 3 5772 12 557 18	3.00
42 54 3154 3 3972 21 289 219 42 2896 6 63 447 63 23 477 112 42 18	5773 39 523 21 2424 363 327 42 65 68 156 2285 30 5774 365 5097 3 45 3649 275 37 18	1.20
107 6 5775 5776 83 46 2991 4044 363 515 1296 68 567 5776 365 18	0 628 52 5764 33 71 105 42 79 5777 30 5778 21 289 326 18	1.80
3 71 68 70 132 37 105 23 29 26 97 3 3649 477 18	226 375 6 0 2837 60 37 39 281 12 39 5779 132 18	0.80
5780 33 1079 789 5781 5782 105 5783 208 33 5784 60 37 3 5781 5782 0 3846 68 375 18	411 105 330 330 5785 330 42 67 3569 21 39 2077 6 547 5786 61 12 3 1023 18	1.20
579 21 4001 115 42 54 4015 5787 519 5788 18	0 104 5789 1070 33 629 176 4853 21 60 5790 18	0.00
21 227 1336 12 5791 6 23 33 5792 68 45 212 3 4639 12 39 5793 18	0 628 52 5794 5795 6 42 83 46 332 68 5796 390 5797 227 1336 8 502 2408 5798 18	3.20
0 65 448 2794 39 94 12 9 5799 330 5800 77 21 5801 18	255 0 3319 68 785 3 5802 112 5803 2344 174	0.20
