135 3 5804 1144 226 3 5805 5806 3 5807 135 135 821 5804 1144 135	5805 1429 37 5808 68 3 1616 5807 5805	1.80
3 5809 311 37 5808 68 3 3561 3620	3620 39 245 318 4313 21 3 250 5809 311 52 3 5807 18	2.40
90 3620 39 37 4313 78 3 250 5809 311 63 3 5807	3620 39 245 318 4313 21 3 250 5809 311 52 3 5807 18	4.40
32 37 39 5810 3620	5805 705 37 5811 8 39 3937 198 3 1616 5807 5805	0.80
5812 39 30 3654 176 21 2025 5813 18	39 6 482 30 3654 176 21 2110 5813	3.20
42 65 1224 39 551 142 3 5814 176 45 5808 68 673 261 18	3 5814 176 45 5808	4.20
248 39 5809 311 68 3 5807	3620 39 245 318 4313 21 3 250 5809 311 52 3 5807 18	3.00
32 245 181 3937 1856 5805 705 30 3 1617 5805 18	32 37 181 3937 1856 5805 705 30 3 1617 5805	4.60
45 4313 21 39 5809 311	3620 3654 245 45 21 39 5809 311	2.83
3 5807 5814 65 2110 5804 4469 18	39 5807 2078 39 494 5032 68 1311 2110 5804 4469 226 3 5814	3.60
146 1358 3605 185 39 3937 18	3 1358 3605 5815 39 3937	5.00
3620 39 30 3620 3654 285 673 261 18	39 30 3654 176 21 3 250 5809 311	2.80
3 5805 37 5811 198 3 5807 5805	3 5814 176 5811 8 39 3937	2.80
3605 4478 37 45 21 3 250 311 12 3620 39 18	3620 39 37 318 21 39 5809 311 52 3 5807	1.60
151 39 3605 37 1358 3 3941 37 181 2262 522	32 37 146 5816 3941	3.00
90 3 1617 3941 275 39 5817 12 982 5818 18	5805 1429 30 3 1617 5805 176 5811 8 3 3937	1.00
3 3620 37 523 5808 226 3 1616 5819 18	3 5807 37 21 146 1358 311	0.60
32 37 45 39 5805 5808 68 3 1617 311 12 3 5807	3 5807 37 21 146 1358 311	1.40
3 5805 37 45 5808 68 3 5807 5805	3 5814 176 45 5808	3.60
32 37 181 3937 1856 3 1617 5807 5805 30 5805 192	32 37 181 3937 1856 5805 192 30 3 1617 5805	5.00
23 5820 3 3529 198 3 5807	3 311 37 45 5809	1.00
3620 39 30 3620 3654 2721 318 4313 21 39 5809 311 52 3 5807 18	5812 39 30 3654 176 318 4313 21 5809 5813 52 3 5807	5.00
90 3 3937 5815 39 291 21 5804 4469	39 5807 2078 39 494 5032 68 1311 2110 5804 4469 226 3 5814	1.60
3 5807 37 4313 21 39 5809 311 519 289 5821	3 5807 37 4313 21 39 5809 311 73 284 45 4198 289 261 5822	4.60
32 37 318 39 5809 311	48 3620 39 5823 109 6 5812 482 30 3654 176 318 21 39 5809 311	2.40
3 176 26 3 250 3695	39 30 3654 176 21 3 250 5809 311	1.60
3620 482 284 45 5824 3 261 5812	32 37 146 5816 3941	0.80
32 37 39 5809 311	5812 39 30 482 176 21 39 5809 311	2.20
48 32 37 39 3937 1856 3 5814 6 3 5817 24 46 2110 18	5825 5817 5826 507 16 5814 176 5811 8 39 3937 18	4.00
5805 1429 37 5808 68 3 982 5827 5807 18	5805 1429 37 5808 68 3 1616 5807 5805	2.60
90 39 30 3654 318 65 39 5819 68 3 5807	5812 39 30 3654 176 318 21 5809 5813 52 3 5807	3.40
3 5807 37 26 39 5809 311	3 5807 37 4313 21 39 5809 311 21 73 32 37 181 3620	3.20
48 23 37 21 3 250 311 63 3 3620 18	151 3 3605 30 3 3620 176 4313 21 3 250 311	2.80
5828 32 245 39 3937 21 3 5819	5805 1429 30 3 1617 5805 176 5811 8 3 3937	1.60
32 245 39 5829 3937	5805 1187 37 5811 8 39 3937 198 3 1616 5807 5805	2.40
48 3 3620 37 4313 21 39 5809 311 52 39 3605	151 3 3605 30 3 3620 176 4313 21 3 250 311	4.20
135 90 3605 5830 37 21 3620 3654 135 135 821 5809 311 135	32 37 39 311 5831 143 5830 30 3654	4.20
3620 39 30 482 176 318 4313 78 5809 5813	5812 39 30 482 176 21 39 5809 311	5.00
39 5807 155 275 5817 359 23 37 5810	39 5807 2078 39 494 5032 68 1311 2110 5804 4469 226 3 5814	1.40
5805 705 37 5808 68 5832 5805 12 5807	5814 1429 30 705 176 45 5808	1.40
90 5805 1429 37 45 5808 68 5805 705 18	5814 1429 30 705 176 45 5808	4.60
32 37 181 291 21 5804 4469 18	5814 1429 6 609 30 1555 176 5811 198 3 1617 5807 5805 8 39 3937	1.00
90 5812 176 5808 68 3 1616 5805 12 3 5807	5814 1429 6 609 30 1555 176 5808 68 3 1616 5807 5805	2.40
3620 482 30 3654 143 318 176 26 39 5809 311 52 3 5807	5812 482 30 3654 176 318 21 5809 5813 52 3 5807	5.00
3 5814 176 45 5808	5814 1429 30 705 176 45 5808	3.40
23 37 45 21 3 250 311 63 3620 39 18	3620 39 37 318 21 39 5809 311 52 3 5807	1.60
3 5833 37 45 4313 21 3 250 5809 311 63 3 5807	3 3620 37 45 21 3 5809 311 5831 3 5807	5.00
5805 1429 30 5805 1187 176 5808	5814 1429 30 1187 176 5808	5.00
436 39 39 3937 284 45 285 3 5817 12 39 5807	5814 1429 6 609 30 1555 176 5811 198 3 1617 5807 5805 8 39 3937	1.80
3 1617 5805 37 5808 68 3 3620	5805 1429 30 3 1617 5805 176 5811 8 3 3937	1.40
90 982 5834 5835 2357 5834 5836 982 5834	5805 1429 30 3 1617 5805 176 5811 8 3 3937	0.80
3 3605 275 68 46 4313 21 3 250 311 63 3 3620 30 3 5807	3 3605 30 3 3620 65 68 46 21 3 250 311	3.60
90 3620 3654 245 45 318 4313 21 39 5809 311 52 3 5807	3620 3654 245 181 2262 21 39 5809 311 52 3 5807	4.80
90 23 37 5808 68 39 3620 115 37 39 5809 311	3 5807 37 21 146 1358 311	1.00
90 32 37 39 3937 1856 5805 1429 30 5805 705 18	32 37 39 3937 1856 5814 1429 30 705	4.40
5812 39 30 3654 176 45 26 3 250 5809 311 18	39 30 3654 176 45 21 3 250 311	4.60
3620 39 30 482 176 318 4313 78 39 5809 311 30 5808 68 39 5807	48 3654 5823 109 6 547 39 30 482 176 318 21 39 5809 311 52 3 5807 18	4.00
90 3620 39 37 21 39 5809 3941 52 3 5807 30 3605 4141	3620 39 37 318 4313 21 39 5809 311 52 3 5807 30 3605 4141 18	4.80
3 5812 176 26 3 250 311 52 3 5807	39 30 3654 176 21 3 250 311	3.20
115 32 37 39 3937	32 37 181 3937 1856 3 5814	2.20
3620 39 37 4313 21 39 5809 311 52 3 5807	3620 39 37 318 4313 21 39 5809 311 52 3 5807 18	4.60
5805 1187 37 5808 68 3 1617 5837 5805	5805 1187 30 3 1617 5805 176 5808	5.00
90 3620 39 30 482 176 78 3 250 311	673 3620 37 21 453 297 311	1.80
90 23 245 21 3 250 3941	3605 4478 30 3620 39 176 45 21 3 250 5809 311	1.80
5812 39 30 3654 176 21 2025 5813 18	39 30 3654 176 21 2110 5813	4.20
32 245 39 5809 3941	3620 39 37 318 4313 21 39 5809 311 52 3 5807 18	1.60
23 5815 39 3937 6 236 181 5838 198 3 5807 54 3834 68 3 261 5812 18	32 37 146 1358 311	0.80
90 32 37 39 3937 21 3 3941 18	32 37 39 3937 21 3 3941	4.40
23 245 45 39 5809 311	32 245 181 2262 39 5809 311 5831 3620 3654 30 3 5807	1.80
3 5807 4425 37 21 39 5809 311	3 5807 37 4313 21 39 311 73 284 45 4198 289 261 5822	4.20
5812 482 30 3654 176 4313 26 3 250 311 52 3 5807 18	482 30 3654 176 21 3 250 311 52 3 5807	5.00
32 245 5809 5813 1856 3 5807	3620 39 245 318 4313 21 3 250 5809 311 52 3 5807 18	1.60
5805 275 3 250 5804 1144	5814 1429 30 609 176 5808 30 21 3 250 5804 1144	3.60
90 3620 39 37 26 39 2110 311 489 5812 482 30 3654	3620 39 37 318 4313 21 39 5809 311 52 3 5807 18	1.60
3620 39 245 26 39 5809 311	3620 39 37 318 4313 21 39 5809 311 52 3 5807 18	3.60
3 5839 37 45 21 39 5809 311	3 5807 21 609 37 45 21 39 5809 311	3.60
90 23 5815 39 3937 73 21 3846 3416 146 1358 311	3 1358 3605 5815 39 3937	3.00
151 23 1775 39 522 311	151 3 3605 30 3 3620 176 4313 21 3 250 311	0.80
5805 1429 37 5840 68 5805 1187	5814 1429 30 1187 176 5808	4.80
32 37 181 3937 21 3 3941 18	3620 39 37 318 4313 21 39 5809 311 52 3 5807 18	1.40
3620 39 30 3620 3654 176 21 39 5809 311 52 3 5807 18	3620 482 30 3620 3654 2721 318 4313 21 3 250 5809 311 52 3 5807 18	3.60
5812 39 30 482 176 318 4313 26 39 5809 311 52 3 5807	48 3654 5823 109 547 39 30 482 176 318 21 39 5809 311 52 3 5807	3.40
90 32 245 181 3937 198 3 1617 5805 12 3 5807	5805 1429 30 3 1617 5805 176 5811 8 3 3937	2.00
90 23 318 5086 3 3529 198 143 5814	3605 4478 30 3620 39 176 45 21 3 250 5809 311	1.00
3 3529 275 5841 109 3 5807 18	32 37 39 287 3941	3.60
3 5814 156 198 45 2035 5808 68 2035 5808 68 673 261 18	3 5814 176 45 5808	2.40
90 5805 1429 37 5808 68 3 1617 5807 5805	5805 1429 37 5808 68 3 1616 5807 5805	2.60
3 5807 37 5842 21 39 5809 311 519 243 5843 18	3 5807 37 4313 21 39 311 73 284 45 4198 289 261 5822	4.80
3 5807 30 3561 3620 176 45 4313 21 39 1454 311	3 5807 21 1187 37 45 21 39 5809 311	2.80
90 61 12 3 3620 5814 37 161 6 30 3 261 3118 176 157 18	5814 1187 6 192 30 705 176 5808 68 3 1617 5807 5805	1.17
90 23 245 318 5808 68 3 5807 5805 18	3620 39 37 318 4313 21 39 5809 311 52 3 5807 18	1.60
32 37 181 3937 236 32 37 181 291 21 5817	32 37 181 3937 1856 3 5814	3.00
3 5817 5844 3 250 78 3 5807	39 5807 2078 39 494 5032 68 1311 2110 5804 4469 226 3 5814	1.00
90 32 37 39 3620 21 61 12 3 5813 18	32 37 181 5809 311 5831 3 5807	1.40
151 39 3605 30 3620 176 5845 39 5809 311	151 3 3605 30 3 3620 176 4313 21 3 250 311	4.20
32 37 39 3937 21 3 5846 18	32 37 39 3937 21 3 3941	5.00
5805 1429 37 5808 68 5847 1187 18	5814 1429 30 1187 176 5808	5.00
3 1617 5807 5805 37 5848 8 39 3937 198 5805 1555 18	5805 1555 30 3 1617 5805 176 5811 8 3 3937	5.00
5805 1429 37 5808 68 3 1617 5805	5805 1429 30 3 1617 5805 176 5811 8 3 3937	1.80
5812 39 30 3654 176 318 4313 21 5809 5813 52 3 5807	48 3654 5823 109 6 547 39 30 482 176 318 21 39 5809 311 52 3 5807 18	2.60
90 3620 3654 37 45 4313 26 3 311 12 3 261 5812	39 30 482 65 623 297 311	1.40
5805 37 5808 68 5832 5805 12 3 5807	5805 705 30 3 1617 5805 176 5808	3.60
3 5817 284 45 1393 18	39 5807 2078 39 494 5032 68 1311 2110 5804 4469 226 3 5814	1.60
3 16 5814 12 39 5807 24 155 65 2110 5804 4469 4075 68 39 494 5032 1576 3 5807	39 5807 2078 39 494 5032 68 1311 2110 5804 4469 226 3 5814	4.80
3 3620 284 45 5824 3 557	32 37 146 5816 3941	1.00
3 176 26 3 250 311	39 30 3654 176 21 3 250 311	2.40
3605 5830 37 4313 21 39 5809 311	32 37 39 311 5831 143 5830 30 3654	2.20
3 5807 24 65 39 2110 5804 1144 489 3 3941	39 5807 2078 39 494 5032 68 1311 2110 5804 4469 226 3 5814	2.60
48 61 3620 37 2991 6 3 557 2950 324	39 30 3654 176 21 3 250 5809 311	0.60
5814 1187 6 192 6 30 705 176 523 5808 68 3 1617 5807 5805 18	5814 1187 6 192 30 705 176 5808 68 3 1617 5807 5805	4.60
1617 5807 37 5849 8 39 3937 198 5805 609	5805 609 30 3 1617 5805 176 5811 8 3 3937	3.80
90 32 245 16 1616 3554	5814 1429 30 609 176 5808	1.40
176 178 26 2025 5813	39 30 3654 176 21 2110 5813	3.60
90 3605 4478 37 45 5850 21 3 5809 311 12 3620 39 30 3 5807 18	3620 39 37 318 21 39 5809 311 52 3 5807	1.20
3620 39 30 3620 482 30 3 5807 176 21 39 5809 311 18	48 3654 5823 109 6 547 39 30 482 176 318 21 39 5809 311 52 3 5807 18	3.20
48 3 3605 30 3 3620 176 21 3 250 311	151 3 3605 30 3 3620 176 4313 21 3 250 311	5.00
3 5810 3620 5815 39 3937 21 3 311 18	39 5810 3620 5815 39 3937	4.20
3 3620 37 45 3675 21 3 311 12 3 3941	3 5807 37 4313 21 39 311 73 284 45 4198 289 261 5822	1.00
3 1617 5807 5805 37 5808 68 5805 1187 18	5805 1187 30 3 1617 5805 176 5808	5.00
3 1617 5805 30 5805 609 176 5849 8 39 3937	5805 609 30 3 1617 5805 176 5811 8 3 3937	5.00
143 5822 79 68 46 21 5809 5813 18	3 3620 30 3 5807 176 21 39 5809 311	3.80
90 3620 482 37 5810 30 284 45 2346 3 1617 5807 3529 68 791 3 261 2482 18	5814 1429 6 609 30 1555 176 45 5808 68 3 1617 5807 5805	2.20
5805 705 37 5808 68 5832 748 12 5807 30 3 5817 2389	5805 705 30 3 1617 5805 176 5808	3.20
39 5805 37 45 5808 68 3 1617 5807 5805 18	5814 1429 30 1187 176 5808	1.00
1617 5805 37 5851 198 5805 609	5805 609 30 3 1617 5805 176 5811 8 3 3937	3.20
3 5807 37 21 146 1358 311 68 3 3620 18	3 5807 37 21 146 1358 311	3.40
32 24 46 39 3937 142 3 3620 1419 37 5662 68 46	32 37 39 3937 21 39 3941	2.60
5812 482 30 3654 24 318 46 26 5809 5813 52 3 5807	5812 482 30 3654 176 318 21 5809 5813 52 3 5807	4.40
3620 39 37 26 453 297 5809 311 30 5812 482 30 3654 176 26 3 250 5809 311	32 37 39 311 5831 39 30 39 2110 311 5831 482 30 3654	4.60
3620 39 37 5808 68 3605 5830	32 37 181 311 5831 143 3605 4478 30 3620 39	1.00
5805 705 37 5808 68 3 5852 5807 5805 18	5805 705 30 3 1617 5805 176 5808	4.60
3620 248 39 287 3941	32 37 39 522 3941	1.00
5807 24 155 65 5817 18	39 5807 2078 39 494 5032 68 1311 2110 5804 4469 226 3 5814	1.60
23 5423 360 178 3 5812 18	3 1358 3605 5815 39 3937	0.60
3 5817 37 982 90 5853 5805 37 5808 68 3 5807 5805 18	5805 1429 37 5808 68 3 1616 5807 5805	1.40
90 39 30 3654 176 318 21 39 5809 3941	5812 39 30 3654 176 21 39 5809 311	4.40
3 5814 176 5854 68 3 1616 5805 12 3 5807 18	5814 1429 6 609 30 1555 176 5808 68 3 1616 5807 5805	3.20
90 555 5814 176 5808 68 3 1617 5805 12 3 5807 18	5814 1187 6 192 30 705 176 5808 68 3 1617 5807 5805	2.40
3620 39 245 318 21 39 5809 311	3620 39 37 318 4313 21 39 5809 311 52 3 5807 30 3605 4141 18	3.60
32 37 39 3937 21 3 5819 18	32 37 181 3937 1856 3 5814	1.00
32 37 39 5809 311 6 52 181 5855 21 3 311	3 5807 37 4313 21 39 311 21 73 32 37 181 3620	4.20
5812 39 30 3654 176 318 4313 21 39 5809 311 52 3 5807 18	5812 39 30 3654 176 318 21 5809 5813 52 3 5807	4.80
5805 1429 37 45 5808 68 3 1617 5807 5805	5805 1429 30 3 1617 5805 176 45 5808	4.90
3 5807 37 4313 21 3 3941 30 3 3561 3620 37 45	3 5807 37 4313 21 39 311 21 73 32 37 181 3620	4.00
3 5807 2078 39 494 5032 68 1311 3 5817 6	39 5807 2078 39 494 5032 68 1311 2110 5804 4469 226 3 5814	3.00
5805 1187 6 5805 192 6 30 5805 705 176 5808 68 3 1617 5805	5814 1187 6 192 30 705 176 5808 68 3 1617 5807 5805	4.60
3620 482 30 3654 176 4313 21 3 250 311 52 3 5807 18	482 30 3654 176 21 3 250 311 52 3 5807	4.80
3 1616 5856 5805 37 5849 8 39 3937 198 5805 1187	5805 1187 37 5811 8 39 3937 198 3 1616 5807 5805	5.00
90 3 311 1856 3 5807 30 3 3561 3620 37 45 5809	3 311 37 45 5809	4.00
115 3 5814 176 45 5808 68 673 261 18	3 5814 176 45 5808	4.00
3 5857 5814 176 45 5808	3941 1187 275 181 5809 5813	0.60
90 3 311 245 5809	3620 39 37 318 4313 21 39 5809 311 52 3 5807 18	1.40
3 1617 5807 5805 37 5811 8 39 3937	5805 1429 30 3 1617 5805 176 5811 8 3 3937	2.80
48 39 3620 37 21 39 5809 3941 52 39 5807 30 39 3605 3 3605 24 285 3 3620 18	151 3 3605 30 3 3620 176 4313 21 3 250 311	2.40
90 32 37 45 39 5809 3941 5858 112 3620 3654	3620 3654 245 181 2262 21 39 5809 311 52 3 5807	3.40
5805 192 37 5808 68 5859 1617 5807 5805	5805 192 30 3 1617 5805 176 5808	5.00
90 3 311 37 287	3 311 37 45 5809	1.00
3 311 23 245 26	32 37 39 311 5831 143 5830 30 3654	2.40
115 3 3620 5805 37 523 5808 68 61 12 3 5807 5814	32 37 181 3937 1856 3 5814	1.40
5812 39 30 3654 2721 318 4313 26 5809 5813 52 3 5860	5812 39 30 3654 176 318 4313 21 5809 5813 52 3 5807	4.60
5805 1602 37 5808 68 3 1617 5807 5805 18	5805 192 30 3 1617 5805 176 5808	5.00
90 32 37 181 5809 311 68 3 5807	3 311 37 45 5809	3.20
5805 61 37 5808 68 3 1616 5807 5805	5805 1429 37 5808 68 3 1616 5807 5805	5.00
151 3 3605 37 26 39 5809 311 52 3 3620	151 3 3605 30 3 3620 176 4313 21 3 250 311	3.60
5307 61 3620 1940 360 3 261 18	39 30 3654 176 21 3 250 5809 311	1.80
3620 39 37 21 39 5809 311 52 39 5807	3620 39 37 318 21 39 5809 311 52 3 5807	5.00
48 3 3620 30 3 3605 176 4313 8 39 5809 311 547 3 3605 4273 3 3620 18	151 3 3605 30 3 3620 176 4313 21 3 250 311	2.60
3 3620 24 45 3561	32 37 181 3937 1856 3 5814	1.00
48 3620 482 37 5810 6 547 3 5846 37 181 2262 5809 18	32 37 181 5809 311	1.40
39 5810 3620 5815 39 3937 21 3 311 18	39 5810 3620 5815 39 3937	4.40
3620 3654 30 3605 5830 176 21 3 250 5809 311	32 37 39 311 5831 143 5830 30 3654	4.40
39 3605 5815 39 847 21 3 5809 311 18	3 1358 3605 5815 39 3937	3.80
90 3 5807 275 5838 30 3 3937 284 45	39 5807 2078 39 494 5032 68 1311 2110 5804 4469 226 3 5814	2.00
23 1366 46 21 39 5809 311 18	3 3620 30 3 5807 176 21 39 5809 311	2.60
3941 609 37 45 39 287 3941 90 3 5807 37 45 5808 68 2109 18	3 5807 21 609 37 45 21 39 5809 311	2.00
5812 39 30 482 176 318 5808 68 3 5809 3941 5831 3 5807	48 3654 5823 109 547 39 30 482 176 318 21 39 5809 311 52 3 5807	3.00
3620 39 30 3654 24 318 46 4313 21 39 5809 311 52 3 5807	5812 39 30 3654 176 318 21 5809 5813 52 3 5807	4.40
5805 37 5808 68 3 5807	5814 1429 6 609 30 1555 176 5808 68 3 1616 5807 5805	3.00
0 104 3 783 4141 170 115 60 37 4879 30 83 597 2726 359 392 37 5861 1107 18	32 37 39 287 3941	0.00
5805 5862 5808 68 5805 1187	5814 1429 30 1187 176 5808	5.00
5805 61 37 45 5808 68 5805 700	5814 1429 30 705 176 45 5808	5.00
135 48 3 3605 37 4510 21 3 3620 135 135 821 5809 311 6 547 3 3605 2035 1358 24 285 3 3620 135	48 39 3620 30 39 3605 176 21 3 250 311 3 3605 4273 3 3620	3.20
3 311 275 68 46 5809 112 3 3620 68 3561 129	48 39 3620 30 39 3605 176 21 3 250 311 3 3605 4273 3 3620	2.00
3 1617 5807 245 45 5808 68 5805 61 18	5805 1429 30 3 1617 5805 176 45 5808	4.20
3 3941 37 45 5809 1064 3 5807 18	3 5807 21 609 37 45 21 39 5809 311	2.80
90 23 54 156 2423 3605 5830	32 37 39 311 5831 39 6 3654 6 5830 30 4141	1.40
48 3 311 37 5809 52 3 5807 6 3 3605 5863 285 23	48 39 3620 30 39 3605 176 21 3 250 311 3 3605 4273 3 3620	2.00
5805 1555 30 3 5864 5805 176 45 5808 18	5805 1555 30 3 1617 5805 176 45 5808	5.00
90 3620 3654 37 45 4510 21 3 5809 311	32 37 39 5809 311 52 39 30 482 115 3654 37 45 21 18	3.40
5805 1429 30 3 1617 5805 248 2110 5804 4469 18	5805 1429 30 3 1617 5805 176 5811 8 3 3937	2.60
3 3937 21 5805 609 37 5832	5805 609 30 3 1617 5805 176 5811 8 3 3937	3.60
5812 39 30 3654 176 21 2025 5809 5813 52 3 5807 18	39 30 3654 176 21 2110 5813 52 3 5807	3.60
3620 6 5807 6 30 3605 176 21 5809 311	151 3 3605 30 3 3620 176 4313 21 3 250 311	3.20
5814 1187 6 192 6 30 705 176 5808 68 3 1617 5807 5805	5814 1187 6 192 30 705 176 5808 68 3 1617 5807 5805	5.00
5805 192 30 3 1617 5807 5805 176 21 3 250 1144 18	5805 192 30 3 1617 5805 176 5808	3.60
5812 39 30 3654 176 4313 21 2110 5813 52 3 5807	39 30 3654 176 21 2110 5813 52 3 5807	4.80
90 3 5807 37 45 21 39 5809 311 18	3 5807 21 1187 37 45 21 39 5809 311	4.00
3620 39 5815 39 3937	673 3620 37 21 453 297 311	1.40
5805 705 37 5808 68 3 1617 5807 5805	5805 705 30 3 1617 5805 176 5808	4.90
133 54 212 3 5865 109 3620 8 2268 5817 1856 2110 5814	5825 5817 5826 3 51 142 3 5804 1144 1177 4075 68 39 5810 3620 18	3.40
3 5814 176 26 3 250 2482 63 3 1616 2482 12 3 5807 18	5814 1429 6 609 30 1555 176 5808 68 3 1616 5807 5805	3.20
3 1617 5807 5805 821 5811 8 39 3937 198 5805 1187	5805 1187 30 3 1617 5807 5805 176 21 3 250 5804 1144	1.60
23 5815 39 3937 21 3 3529 18	3 1358 3605 5815 39 3937	3.40
39 5805 37 5808 68 3 1617 5805 12 3 5807	5805 705 30 3 1617 5805 176 5808	3.20
32 37 45 39 522 311 5866 143 5807 5814	32 37 181 5809 311 5831 3 5807	3.60
143 3 3561 3620 30 5807 1366 46 21 39 5809 311 18	3 3620 30 3 5807 176 21 39 5809 311	4.20
3 16 5814 176 5808	5805 705 30 3 1617 5805 176 5808	3.20
90 3620 39 245 318 21 39 5809 311 52 3 5807	3620 39 245 318 4313 21 3 250 5809 311 52 3 5807 18	4.40
90 23 275 243 5809 311 23 54 317	3620 39 37 318 21 39 5809 311 52 3 5807	1.60
90 39 30 482 176 21 790 30 39 30 3654 176 21 5534	48 3654 5823 109 6 547 39 30 482 176 318 21 39 5809 311 18	2.20
23 2108 3529 198 5867 5830 18	32 37 39 311 5831 39 6 3654 6 5830 30 4141	1.40
3 1617 5856 5805 284 45 65 39 3937 198 5805 1187	5805 1187 30 3 1617 5805 176 45 5811 8 3 3937	4.80
5812 39 30 3654 176 45 4313 5868 5809 311	39 30 3654 176 45 21 3 250 311	3.80
5812 482 30 3654 176 4313 26 3 250 311 52 3 5807	482 30 3654 176 21 3 250 311 52 3 5807	5.00
48 4141 30 5830 176 5809 547 23 24 263 39 5809 311	32 37 39 311 5831 39 6 3654 6 5830 30 4141	1.40
3 5805 37 5808 68 39 1616 5805 18	32 37 181 3937 1856 3 5814	1.00
482 30 3654 176 45 21 3 250 3941 63 39 18	673 3620 37 21 453 297 311	1.00
3620 482 3416 39 3937	5805 1187 30 3 1617 5807 5805 176 21 3 250 5804 1144	0.40
5812 482 30 3654 5869 39 3937 21 3 311	3620 482 37 21 39 2025 311	1.33
23 37 45 21 3 250 311 52 3 3620 30 5807	3620 39 37 318 21 39 5809 311 52 3 5807	2.40
482 30 3654 24 46 21 623 297 5809 5813 52 3 5807 18	5812 482 30 3654 176 318 21 5809 5813 52 3 5807	4.40
48 3 3605 37 26 30 288 39 3937 1856 3 3620 30 3 5807 18	151 3 3605 30 3 3620 176 4313 21 3 250 311	1.20
4478 37 45 2170 112 3620 39 68 3561	3620 39 37 318 21 39 5809 311 52 3 5807	1.20
135 90 3605 4478 459 135 135 2297 4510 21 3620 39 135 135 821 5809 311 135	3605 4478 30 3620 39 176 45 21 3 250 5809 311	4.80
151 3 3605 37 21 3 311 12 3 3620 18	151 3 3605 30 3 3620 176 4313 21 3 250 311	4.80
3 1617 5807 5870 37 5811 5871 39 3937 198 5805 1187	5805 1187 30 3 1617 5807 5805 176 21 3 250 5804 1144	2.20
54 522 3 311 8 2470 5830 46 5809	32 37 39 311 5831 39 6 3654 6 5830 30 4141	1.00
23 5815 39 3937 21 3 5846 18	3 1358 3605 5815 39 3937	3.00
3620 482 30 3654 2721 4313 21 39 5809 311 52 3 5807	3620 482 30 3620 3654 2721 318 4313 21 3 250 5809 311 52 3 5807 18	4.60
23 5595 26 39 2110 3529	48 3654 5823 109 6 547 39 30 482 176 318 21 39 5809 311 52 3 5807 18	1.60
39 5809 3941 5831 39 3620 30 39 5807	32 37 39 5809 311 5831 143 3 3620 30 39 5807	4.60
90 3 3620 37 5808 4415 18	3 5807 37 21 146 1358 311	0.80
3 5807 37 4313 21 39 5809 311	32 37 318 39 5809 311	2.80
3620 482 30 3654 176 318 4313 21 39 311 52 3 5807	5812 482 30 3654 176 318 21 5809 5813 52 3 5807	4.40
135 3620 39 135 135 821 311 523 4313 3605 5830 135	3605 4478 30 3620 39 176 45 21 3 250 5809 311	1.60
3 3937 5872 3 1617 5807 5805 198 5805 609	5805 609 30 3 1617 5805 176 5811 8 3 3937	5.00
90 3 5807 5595 21 39 5809 3941 18	32 37 146 5816 3941	1.60
673 3941 1366 65 39 5819 18	32 37 39 522 3941	1.40
5805 5808 68 1617 1078	5814 1187 6 192 30 705 176 5808 68 3 1617 5807 5805	2.20
90 23 245 45 4313 21 3 5809 311 18	32 37 181 311 5831 143 3605 4478 30 3620 39	2.20
5812 482 30 3654 65 2025 5813 78 3 5809 3941	48 3620 39 5823 109 6 482 30 3654 176 181 2262 21 39 5809 311 52 3 5807	1.80
48 3 311 37 45 5809 6 3 3605 24 45 285 3 5873	48 39 3620 30 39 3605 176 21 3 250 311 3 3605 4273 3 3620	3.80
32 37 39 3937 1856 5859 1617 5807 5805 30 5805 1187 18	5805 1187 30 3 1617 5807 5805 176 21 3 250 5804 1144	1.60
5817 37 3 291 1856 39 1617 30 1616 5805 26 3 5807 18	5805 1429 30 3 1617 5805 176 5811 8 3 3937	1.00
5805 705 37 5808 68 39 1617 5807 5805	5805 705 30 3 1617 5805 176 5808	5.00
32 37 39 3937 1856 5805 1555 30 3 1617 5805	5805 1555 30 3 1617 5805 176 5811 8 3 3937	5.00
3620 3654 245 45 5808 68 3 5807 18	3620 3654 245 181 2262 21 39 5809 311 52 3 5807	4.00
90 5805 1187 37 5808 68 3 1617 5805 56 45 3 1616 5805	5805 1187 30 3 1617 5805 176 5808	3.60
3 3937 5872 3 1617 5807 5805 198 5805 1429	5805 1429 30 3 1617 5805 176 5811 8 3 3937	4.80
3941 609 37 45 39 287 3941 90 3 5807 37 45 21 39 5809 311 52 2109 18	3 5807 21 609 37 45 21 39 5809 311	3.00
5805 1429 245 5808 68 3 1617 5805	5805 1429 30 3 1617 5805 176 5811 8 3 3937	1.20
135 519 39 6 32 135 135 821 181 5809 311 135	48 3620 39 5823 109 6 3408 482 3409 3654 37 21 39 5809 311	4.00
90 3 5807 37 45 21 39 5809 3941	3 5807 21 609 37 45 21 39 5809 311	2.83
39 5809 311 52 39 5807 30 3620	32 37 39 5809 311 5831 143 3 3620 30 39 5807	5.00
3 3620 5805 30 3 1616 5807 5805 176 5811 8 39 3937	32 37 181 3937 1856 3 5814	1.20
3620 39 24 263 39 3937 21 3 311	48 3620 39 5823 109 6 482 30 3654 176 181 2262 21 39 5809 311 52 3 5807	2.20
39 5810 3620 5815 39 3937 21 3 311	39 5810 3620 5815 39 3937	4.60
3 3937 21 3 3941 185 3 3941 68 46 146 1358 3941	32 37 39 3937 21 39 3941	2.80
3 5813 12 3 3941 176 181 2262 522	32 37 146 5816 3941	4.80
3 5807 30 3620 79 68 46 21 39 5809 311 3461 18	3 3620 30 3 5807 176 21 39 5809 311	3.60
90 23 37 318 5808 68 39 5860	32 37 181 5809 311 5831 3 5807	2.20
3 3620 523 275 61 5805 5808	3 5807 37 4313 21 39 311 73 284 45 4198 289 261 5822	2.00
32 37 39 291 21 5804 4469 18	3 5814 176 45 5808	0.80
90 3 16 5814 24 155 65 2110 5804 4469 18	39 5807 2078 39 494 5032 68 1311 2110 5804 4469 226 3 5814	2.00
3 5807 37 21 39 5809 311 52 2109 18	3 5807 37 4313 21 39 5809 311 73 284 45 4198 289 261 5822	4.40
32 24 46 39 3937	48 3620 39 5823 109 6 3408 482 3409 3654 37 21 39 5809 311	1.00
3620 39 37 78 453 297 5809 311 30 2163 12 482 30 3654	32 37 39 311 5831 39 30 39 2110 311 5831 482 30 3654	4.40
3620 482 30 3620 3654 176 318 21 5809 5813 18	5812 482 30 3654 176 318 21 5809 5813 52 3 5807	4.00
3620 39 37 45 21 3 250 311 63 5812 482 30 3654 18	48 3620 39 5823 109 6 482 30 3654 176 181 2262 21 39 5809 311 52 3 5807	1.80
5805 1429 6 5805 609 6 30 5805 1555 176 5808 5874 3 1616 5807	5814 1429 6 609 30 1555 176 5808 68 3 1616 5807 5805	5.00
3 5807 37 5831 39 1616 1078 523	3605 4478 30 3620 39 176 45 21 3 250 5809 311	1.20
3620 39 30 3620 3654 2721 318 21 39 5809 311 52 3 5807	5812 39 30 3654 176 318 4313 21 5809 5813 52 3 5807	5.00
48 3620 39 5823 109 547 5812 482 30 3654 24 181 2262 46 21 39 5809 311 18	48 3620 39 5823 109 6 3408 482 3409 3654 37 21 39 5809 311	5.00
5805 192 37 523 5808 68 3 1617 5807 5805 18	5805 192 30 3 1617 5805 176 5808	3.80
45 5808 68 1617 5807	5805 609 30 3 1617 5805 176 45 5808	2.60
5805 1429 37 5808 68 3 1616 5807 5805	5805 1429 37 5808 68 3 1616 5807 5805	5.00
3620 39 30 3654 176 4313 21 2110 5813 52 3 5807	39 30 3654 176 21 2110 5813 52 3 5807	4.60
90 32 37 39 3561 3620	3 5807 21 609 37 45 21 39 5809 311	0.40
5812 482 30 3654 176 5875 21 3 3 250 311 52 3 5807 18	39 30 3654 176 45 21 3 250 311 52 3 5807	1.80
3 1617 5805 30 5805 1429 176 5849 8 39 3937	5805 1429 30 3 1617 5805 176 5811 8 3 3937	4.80
482 30 3654 176 143 2715 12 522 5876 68 3 5807	5812 482 30 3654 176 318 21 5809 5813 52 3 5807	3.80
48 23 37 39 314 12 39 5846 115 5877 39 3620 30 39 5807 18	151 3 3605 30 3 3620 176 4313 21 3 250 311	1.40
90 3620 39 24 318 46 4313 26 39 5809 311 68 3 5807 18	3620 39 37 318 21 39 5809 311 52 3 5807	4.60
90 3 5817 284 45 791 3 5812 18	3 311 37 45 5809	1.80
32 37 39 3937 1856 3 5878 30 5807 5805 18	32 37 181 3937 1856 3 5814	1.60
39 5810 3620 284 45 117 39 5879 236 3 5846 37 45 522	32 37 146 5816 3941	2.60
90 5812 482 30 3654 2721 318 21 39 5809 311 52 3 5807 18	3620 482 30 3620 3654 2721 318 4313 21 3 250 5809 311 52 3 5807 18	4.80
5812 482 30 3654 5880 21 39 5809 311 52 3 5807	5812 482 30 3654 176 318 21 5809 5813 52 3 5807	5.00
48 3 5804 1144 37 1998 42 54 212 3 3937 21 3 3941	39 1998 5817 170 115 32 37 39 3937	4.00
39 5805 37 5808 68 3 1617 5807 5805	3 5814 176 45 5808	1.00
3 5805 23 37 5808 68 37 45 324	32 37 181 3937 1856 3 5814	0.80
48 3620 482 37 5810 32 37 39 3937 21 3 3941	32 37 39 3937 21 39 3941	2.40
133 5881 3 5814 1064 18	5805 1429 30 3 1617 5805 176 5811 8 3 3937	0.80
3620 39 3416 39 3937	48 3620 39 5823 109 6 3408 482 3409 3654 37 21 39 5809 311	1.80
3620 39 37 21 39 522 3941 52 3 5807 151 3605 5830 37 5809 18	3620 39 37 318 4313 21 39 5809 311 52 3 5807 30 3605 5830 18	3.60
3605 4478 245 45 26 3 311 12 3620 39 18	32 37 181 311 5831 143 3605 4478 30 3620 39	3.80
48 23 37 1358 30 3 3620 37 181 2262 30 39 5809 311 90 23 37 1358	151 3 3605 30 3 3620 176 4313 21 3 250 311	0.80
3 5807 37 45 5809 21 39 5809 311 18	3941 1187 275 181 5809 5813	2.60
23 37 21 3 250 5809 311 18	32 37 146 1358 311	0.80
5812 39 30 482 176 45 78 3 250 311 63 3620 3654 18	3620 3654 37 21 39 2025 311	3.40
23 948 3 3941 3834 1856 3 5807 30 3 5812	39 5810 3620 5815 39 3937	2.00
90 32 37 39 3937 90 3620 482 37 5810	5814 1429 6 609 30 1555 176 5811 198 3 1617 5807 5805 8 39 3937	1.20
3 1616 5807 5805 37 5849 8 39 3937 198 5805 705	5805 705 37 5811 8 39 3937 198 3 1616 5807 5805	5.00
32 37 181 287 3941 68 3 5807 18	39 5807 2078 39 494 5032 68 1311 2110 5804 4469 226 3 5814	0.40
32 37 39 3937 1856 5814 1429 30 609 198 3 1617 5807 5805	5814 1429 30 609 176 5808 30 21 3 250 5804 1144	1.00
90 3620 482 30 3654 2721 318 21 39 5809 311 52 3 5807	3620 482 30 3620 3654 2721 318 4313 21 3 250 5809 311 52 3 5807 18	3.80
3620 39 30 3605 5830 176 21 39 5809 311	3620 39 37 318 4313 21 39 5809 311 52 3 5807 30 3605 5830 18	3.40
32 37 39 3937 21 3 311 18	5814 1429 30 609 176 21 3 250 5804 1144	0.40
5809 5819 1856 3 3620 30 3 5807 18	32 37 39 5809 311 5831 143 3 3620 30 39 5807	4.20
143 176 26 250 5809 5813	482 30 3654 176 21 3 250 311 52 3 5807	2.60
151 23 5815 146 1358 311	151 3 3605 30 3 3620 176 4313 21 3 250 311	1.40
23 627 90 42 212 3 3937 142 3 5814 176 5882	5825 5817 5826 507 16 5814 176 5811 8 39 3937 18	2.80
5812 39 30 3654 176 26 39 5809 311 52 3 5807	5812 39 30 3654 176 318 21 5809 5813 52 3 5807	4.60
5808 68 3 1616 5805	5814 1429 30 609 176 5808	2.20
32 37 39 3937 1856 5805 61 30 16 30 3 1617 5807 5805	5814 1429 30 609 176 21 3 250 5804 1144	1.80
48 3654 37 5810 6 3 3620 39 30 482 5883 4313 21 39 5809 311	48 3654 37 5810 6 39 30 482 176 318 21 39 5809 311	4.80
39 3937 5884 46 3416	48 3620 39 5823 109 6 3408 482 3409 3654 37 21 39 5809 311	1.40
5812 39 6 482 6 30 3654 176 26 39 311 52 3 5807	39 30 3654 176 21 3 250 311	2.80
3620 39 6 3620 482 30 3620 3654 176 21 2110 5809 5813 18	39 30 3654 176 21 2110 5813	3.00
3 1617 5807 5805 275 181 5885 198 5805 1187	5805 1187 30 3 1617 5805 176 45 5811 8 3 3937	4.80
3941 609 37 45 39 287 3941 90 37 1983 5819 68 3 3620 18	3 5807 21 609 37 45 21 39 5809 311	2.00
32 1366 46 39 5809 311 30 39 5807 18	32 37 39 5809 311 5831 143 3 3620 30 39 5807	3.40
90 146 1358 3605 5815 39 3937 18	3 1358 3605 5815 39 3937	4.80
39 30 3654 176 26 3 250 5809 311 52 3 5807	39 30 3654 176 21 3 250 5809 311	3.60
5812 39 30 482 176 318 5808 68 3 5809 311 5831 3 5807	48 3654 5823 109 547 39 30 482 176 318 21 39 5809 311 52 3 5807	3.40
3620 3654 30 39 176 4313 21 3 250 311 52 3 5807	39 30 3654 176 21 2110 5813	1.60
90 673 3620 275 453 297 5886	673 3620 37 21 453 297 311	4.80
151 3 3605 37 3 21 39 5809 311 52 3 3620	151 3 3605 30 3 3620 176 4313 21 3 250 311	4.00
5887 3 5814 5888 6 30 705 176 5808 68 3 1617 5805 12 3 5807	5814 1187 6 192 30 705 176 5808 68 3 1617 5807 5805	4.40
5812 482 30 3654 2721 21 39 5809 5889 52 3 5807 18	3620 482 30 3620 3654 2721 318 4313 21 3 250 5809 311 52 3 5807 18	4.80
146 1358 3605 170 3 3941 37 45 39 5809 311 18	3 311 37 45 5809	3.00
3620 39 37 21 3 5809 311	48 3620 39 5823 109 6 3408 482 3409 3654 37 21 39 5809 311	2.00
112 3 250 168 63 1555	5805 192 37 5811 8 39 3937 198 3 1616 5807 5805	0.17
3605 5830 37 5809 236 23 318 5815 39 522 311 68 3 5807	32 37 318 39 5809 311 5831 3605 5830 6 3605 4141 6 5812 39 30 3654 30 3 5807	2.83
32 5814 176 5811 8 39 3937 151 3 5817 5890 198 2357 68 982 18	3 5814 176 5811 8 39 3937	3.17
3 3561 3620 37 45 21 39 5809 311	3 5807 37 4313 21 39 311 21 73 32 37 181 3620	2.00
23 948 3 5809 3941	3 1358 3605 5815 39 3937	1.83
3 1616 5807 5805 37 5849 8 39 3937 198 5805 1429 30 609	5814 1429 30 609 176 21 3 250 5804 1144	1.83
3620 39 30 3620 3654 176 4313 21 2110 5813 52 3 5807 18	39 30 3654 176 21 2110 5813 52 3 5807	4.50
3 3605 275 68 46 78 39 5809 311 52 3 3620 30 5807	3 3605 30 3 3620 65 68 46 21 3 250 311	3.83
3 5807 37 45 21 39 5809 5023 4425	3 5807 21 609 37 45 21 39 5809 311	3.50
5833 39 30 3620 3654 176 4313 21 2110 5813 52 3 250 5807 18	39 30 3654 176 21 2110 5813 52 3 5807	4.67
5805 1429 30 1187 5808	5814 1429 30 1187 176 5808	5.00
5805 1429 30 5805 609 176 26 3 250 2482 18	5814 1429 30 609 176 5808	2.83
39 287 3941 275 5891	32 37 39 287 3941	5.00
3272 42 115 32 37 39 3937	32 37 181 3937 1856 3 5814	1.33
3 3620 37 45 4313 21 3 311	3 3620 37 45 21 3 5809 311 5831 3 5807	3.33
39 5805 37 5808 68 3 1617 5805 12 3 5807	5805 1187 30 3 1617 5805 176 5808	3.40
3 1617 5805 37 5808 68 5805 1187 18	5805 1187 30 3 1617 5805 176 5808	5.00
5812 39 30 3654 2721 318 26 5809 5813 52 3 5807	5812 39 30 3654 176 318 4313 21 5809 5813 52 3 5807	4.33
3605 4478 245 21 39 5892 311	3605 4478 30 3620 39 176 45 21 3 250 5809 311	2.83
23 245 21 3 250 311 63 3605 4141 18	3620 39 37 318 4313 21 39 5809 311 52 3 5807 30 3605 4141 18	2.83
48 3 311 37 1358 515 5809	48 39 3620 30 39 3605 176 21 3 250 311 3 3605 4273 3 3620	1.67
3 5807 37 45 4313 21 39 5809 311	3 5807 21 1187 37 45 21 39 5809 311	3.50
90 3605 4478 30 5830 176 34 5808 68 3620 39 18	32 37 39 311 5831 39 6 3654 6 5830 30 4141	2.50
48 143 5812 176 4313 78 39 5809 311	3 5810 3620 30 3 261 3620 1366 46 4313 21 3 250 311	2.83
3620 39 24 484 109 52 3620 3654	48 3654 5823 109 6 547 39 30 482 176 318 21 39 5809 311 52 3 5807 18	2.17
5805 1429 30 609 65 3 250 5817 90 32 37 39 324 3620 5808 68 3 1616 5807 5805 18	5814 1429 30 609 176 5808 30 21 3 250 5804 1144	3.50
90 32 37 39 3937 18	32 37 39 3937 21 39 3941	3.67
32 37 181 3937 1856 3 1617 5805 30 5805 1187	5805 1187 30 3 1617 5805 176 45 5811 8 3 3937	5.00
23 37 45 39 5809 311 18	3 311 37 45 5809	5.00
115 32 37 181 291 21 5804 4469 12 3 16 5814	3 5814 176 21 3 250 1144 18	4.00
32 37 318 39 5809 311 5831 3620 482 30 3654 52 3 5807 18	5812 482 30 3654 176 318 21 5809 5813 52 3 5807	5.00
90 23 275 39 1617 5805	39 5807 2078 39 494 5032 68 1311 2110 5804 4469 226 3 5814	1.50
5805 61 37 5808 68 39 1617 5807 5805	5805 1429 30 3 1617 5805 176 5811 8 3 3937	2.17
5805 61 37 45 5808 68 3 1617 5807 5805	5805 1429 30 3 1617 5805 176 45 5808	4.67
39 5817 3990 12 2357 5818 5826 39 3937 21 3 3941 18	32 37 181 3937 1856 3 5814	0.83
3620 39 30 3654 176 4313 26 3 250 311 52 3 5807	39 30 3654 176 45 21 3 250 311 52 3 5807	1.67
3 5807 37 21 39 5809 311 56 5893 52 2766 566	3 5807 37 4313 21 39 5809 311 73 284 45 4198 289 261 5822	4.50
3 5814 1366 65 39 291 21 5804 4469 68 65 5817	39 5807 2078 39 494 5032 68 1311 2110 5804 4469 226 3 5814	1.83
3 16 5822 176 5849 18	5805 1429 30 3 1617 5805 176 5811 8 3 3937	3.33
90 1617 1078 37 211 3937	5805 1429 30 3 1617 5805 176 5811 8 3 3937	1.83
3605 4478 37 45 26 3 311 12 3620 39 18	32 37 181 311 5831 143 3605 4478 30 3620 39	4.33
32 37 39 3937 1856 3 16 3620 5814	3 5814 176 5811 8 39 3937	4.17
3 1617 5805 30 5805 705 176 5808	5805 705 30 3 1617 5805 176 5808	5.00
3 3620 37 4313 21 146 5809 3941	48 39 3620 30 39 3605 176 21 3 250 311 3 3605 4273 3 3620	1.83
5807 37 4313 26 39 5809 311	3 5807 37 4313 21 39 5809 311 73 284 45 4198 289 261 5822	3.83
23 155 275 3 250 5817 4075 68 39 494 5032 1576 12 23	39 5807 2078 39 494 5032 68 1311 2110 5804 4469 226 3 5814	3.00
5814 176 5811 8 39 5894 1856 3 1617 30 1616 5814 12 3 5807	5814 1429 30 609 176 21 3 250 5804 1144	1.17
5805 1429 30 5805 609 176 5808 68 3 1616 5805 12 3 5807	5814 1429 30 609 176 5808 30 21 3 250 5804 1144	3.33
90 23 275 61 2066 12 3 3941	39 5807 2078 39 494 5032 68 1311 2110 5804 4469 226 3 5814	1.33
90 12 3 3937 21 3620 482	5814 1187 6 192 30 705 176 5811 198 3 1616 5807 5805 8 39 3937	1.33
3 5804 4469 1856 3 5814 37 3 250 6 5895 21 2357	3 5814 176 21 3 250 1144 18	4.00
3 1617 5805 37 5808 68 5805 705	5805 705 30 3 1617 5805 176 5808	5.00
90 23 216 3029 39 3937	48 3620 39 5823 109 6 3408 482 3409 3654 37 21 39 5809 311	0.67
5809 5813 198 3 5807	3 3620 30 3 5807 176 21 39 5809 311	2.50
3605 4478 59 45 5824 3620 39	3605 4478 30 3620 39 176 45 21 3 250 5809 311	3.17
5812 39 30 482 24 318 46 4313 21 39 5809 311 68 3 5807 18	5812 39 30 482 176 318 21 5809 5813 52 3 5807	4.83
5807 37 45 4313 0 39 5809 311 18	3 5807 21 1187 37 45 21 39 5809 311	3.50
5817 37 3 291 1856 39 1617 30 1616 748 26 3 5807 18	5805 1429 30 3 1617 5805 176 5811 8 3 3937	0.67
3605 4478 284 45 5824 3620 39	3605 4478 30 3620 39 176 45 21 3 250 5809 311	3.50
3620 482 30 3654 176 21 39 5809 311	482 30 3654 176 21 3 250 311	4.00
5807 37 4313 21 3620	3 5807 37 4313 21 39 311 73 284 45 4198 289 261 5822	2.50
90 32 245 39 3937 21 3 5886 18	32 37 39 311 5831 143 5830 30 3654	1.67
3620 482 30 3620 3654 176 4313 21 2110 5813 52 3 5807	482 30 3654 176 21 3 250 311 52 3 5807	1.83
3 1617 5805 37 45 5849 198 3 3937	5805 1187 30 3 1617 5805 176 45 5811 8 3 3937	3.00
135 5896 3620 3654 37 26 23 135 135 821 297 5886 18 135	3620 3654 37 21 39 2025 311	4.17
39 5819 68 3 5807	32 37 39 522 3941	2.17
42 2170 143 39 5807 30 39 5833 52 3 250 311 6 30 3 311 1366 46 5809	32 37 39 5809 311 5831 143 3 3620 30 39 5807	4.00
32 37 39 3937 1856 5805 61 30 16	32 37 181 3937 1856 139	1.50
32 37 45 39 3937 21 3 5819	3 5814 176 45 5811 8 39 3937	4.17
3 3605 5897 507 3 311 37 1358 515 5809 18	48 39 3620 30 39 3605 176 21 3 250 311 3 3605 4273 3 3620	1.20
39 3605 24 285 39 3620 23 3 3620 30 3 3605 176 21 3 311 63 3 5807	151 3 3605 30 3 3620 176 4313 21 3 250 311	3.00
32 37 39 3937 21 3 3941	5814 1429 30 1187 176 5808	0.80
3 3620 37 21 39 5809 3941 30 3 5807 2091 21 115 3941	3 5807 21 609 37 45 21 39 5809 311	0.80
1617 5807 5805 37 45 5811 8 39 3937 198 5805 1187	5805 1187 30 3 1617 5805 176 45 5811 8 3 3937	5.00
3 261 3620 24 45 3561 18	3 5810 3620 30 3 261 3620 1366 46 4313 21 3 250 311	1.60
90 5812 482 30 3654 176 26 39 5809 311 52 3 5807	3620 482 30 3620 3654 2721 318 4313 21 3 250 5809 311 52 3 5807 18	4.40
32 37 45 3937 1856 3 5814	5805 1429 37 5808 68 3 1616 5807 5805	1.00
90 32 37 39 1617 30 1616 3554	5814 1429 30 705 176 45 5808	0.60
90 23 248 181 3937 1856 3 5814	3620 39 37 318 4313 21 39 5809 311 52 3 5807 18	0.80
3 5807 37 45 5809 3 3620 37 18	3 5807 21 609 37 45 21 39 5809 311	2.20
5805 1429 37 45 5808 68 3 1617 5805 18	5805 1429 30 3 1617 5805 176 45 5808	5.00
39 5805 37 5808 68 3 1616 5807 5805	3 5814 176 45 5808	1.40
3 1617 5807 5805 30 5805 1429 176 45 5808	5805 1429 30 3 1617 5805 176 45 5808	5.00
32 37 39 291 21 5804 4469	3 5814 176 5811 8 39 3937	0.40
90 23 37 318 21 39 5809 3941	3620 39 245 318 4313 21 3 250 5809 311 52 3 5807 18	1.60
32 216 46 39 3937 21 3 3941	32 37 39 3937 21 39 3941	3.60
3 5807 2078 3 494 5898 68 263 5817	39 5807 2078 39 494 5032 68 1311 2110 5804 4469 226 3 5814	3.20
5805 705 37 5808 68 3 291	5805 705 30 3 1617 5805 176 5808	2.40
3 1617 5807 5805 37 5811 8 39 3937 198 5805 1187	5805 1187 30 3 1617 5807 5805 176 21 3 250 5804 1144	1.80
39 3605 4313 21 39 5809 311 52 39 3620 30 39 5807 24 285 3 3620 18	48 39 3620 30 39 3605 176 21 3 250 311 3 3605 4273 3 3620	4.20
90 3 1617 5805 37 5811 8 39 3937 198 5805 1555	5805 1555 30 3 1617 5805 176 5811 8 3 3937	4.60
23 37 45 21 3 250 311 18	3620 39 37 318 21 39 5809 311 52 3 5807	1.00
5810 3620 5815 39 3937 18	39 5810 3620 5815 39 3937	5.00
3 5817 37 5899 3 5865 109 3620	5825 5817 5826 3 51 142 3 5804 1144 1177 4075 68 39 5810 3620 18	2.40
23 1300 42 68 3824 5804 4469 1856 5814	5825 5817 5826 3 51 142 3 5804 1144 1177 4075 68 39 3937 18	3.20
3941 192 37 21 39 5809 311 18	3 5807 37 4313 21 39 5809 311 21 73 32 37 181 3620	2.00
482 30 3654 2721 318 4313 21 39 5809 3941 52 3 5807	3620 482 30 3620 3654 2721 318 4313 21 3 250 5809 311 52 3 5807 18	4.60
23 24 410 212 142 3 3937 21 3 3941 37 18	5825 5817 5826 507 16 5814 176 5811 8 39 3937 18	3.20
135 3 5807 5814 81 135 135 2297 3564 519 289 5821 135	3 5807 37 21 146 1358 311	1.80
5805 37 5808 68 5832 748 12 5807	5814 1187 6 192 30 705 176 5808 68 3 1617 5807 5805	3.20
90 23 890 3 3941 6 2037 3 3941 37 45 5809	3 311 37 45 5809	3.60
90 3 5807 37 21 39 5809 311 18	3 5807 37 4313 21 39 5809 311 21 73 32 37 181 3620	3.60
90 3408 5822 176 21 5809 5813 18	3941 1187 275 181 5809 5813	2.60
3605 4141 284 45 5824 5812 482 30 3654	32 37 39 311 52 482 30 3654 115 284 45 4912 4141	4.40
3620 39 24 181 2262 46 4237 3 5876 18	48 3620 39 5823 109 6 3408 482 3409 3654 37 21 39 5809 311	2.20
3605 4478 37 21 39 2110 311 489 3620 39	3605 4478 30 3620 39 176 45 21 3 250 5809 311	4.00
32 37 181 311 2423 3620 482 18	32 37 146 5816 3941	2.80
318 65 5819 68 5807	48 3654 5823 109 6 547 39 30 482 176 318 21 39 5809 311 52 3 5807 18	1.60
23 245 39 5809 311	3620 39 245 318 4313 21 3 250 5809 311 52 3 5807 18	2.60
3620 3654 5815 39 3937	48 3654 5823 109 6 547 39 30 482 176 318 21 39 5809 311 52 3 5807 18	1.60
5805 1187 6 5805 192 6 30 5805 705 176 5808 68 3 1617 5807 5805	5814 1187 6 192 30 705 176 5808 68 3 1617 5807 5805	5.00
3620 3654 30 3 5807 176 45 4313 21 39 5809 5886	3620 3654 245 181 2262 21 39 5809 311 52 3 5807	3.60
90 32 245 39 3937 21 3 5814	32 37 181 311 5831 143 3605 4478 30 3620 39	1.40
3620 3654 284 45 263 39 3937 21 3 311 112 3620 482 30 39	48 3654 37 5810 6 39 30 482 176 318 21 39 5809 311	3.60
48 3 261 3620 37 181 2262 4313 21 39 5809 311 52 3 5807	3 5810 3620 30 3 261 3620 1366 46 4313 21 3 250 311	1.60
143 176 26 3 250 2482 12 3 3941	5814 1429 6 609 30 1555 176 5808 68 3 1616 5807 5805	0.60
32 37 181 3937 1856 3 1617 5807 5805 30 5805 705	5805 705 30 3 1617 5805 176 45 5811 8 3 3937	4.40
90 5805 1429 248 181 3937 18	5805 1429 30 3 1617 5805 176 5811 8 3 3937	1.40
23 3514 3 3834 12 5838 18	32 37 146 1358 311	0.40
90 5805 1429 30 3 5900 5805 176 5849 18	5805 1429 30 3 1617 5805 176 5811 8 3 3937	2.80
5805 1429 37 5808 68 3 1616 5805 18	5805 1429 37 5808 68 3 1616 5807 5805	5.00
3 5817 275 3 250 5804 1144 1856 289 16 5814 18	5814 1429 6 609 30 1555 176 5811 198 3 1617 5807 5805 8 39 3937	1.00
23 288 3 3941 5816 18	32 37 146 5816 3941	3.50
90 32 37 181 3937 226 5805 1429	5805 1429 37 5808 68 3 1616 5807 5805	1.00
3620 39 30 482 24 318 46 21 39 4313 311 18	48 3654 5823 109 6 547 39 30 482 176 318 21 39 5809 311 18	3.60
5805 1429 30 5805 705 176 5849 8 39 3937	5814 1429 30 705 176 5811 8 3 3937	5.00
48 3 3605 30 3620 176 4313 21 3 250 311 6 3 3605 24 285 3 3620 18	151 3 3605 30 3 3620 176 4313 21 3 250 311	3.20
90 5812 39 30 3654 176 4313 21 2110 5813 52 3 5807	39 30 3654 176 21 2110 5813 52 3 5807	4.80
107 3620 39 245 26	3620 39 245 318 4313 21 3 250 5809 311 52 3 5807 18	1.80
3620 39 30 3620 3654 176 4313 21 2110 5813 52 3 5901 18	39 30 3654 176 21 2110 5813 52 3 5807	4.60
90 3 5856 5902 245 45 5903 8 39 3937 198 5805 18	5805 1187 30 3 1617 5805 176 45 5811 8 3 3937	3.00
48 3 311 37 1358 3 3620 24 46 360	48 39 3620 30 39 3605 176 21 3 250 311 3 3605 4273 3 3620	2.00
23 24 5904 3 3937 18	39 1998 5817 170 115 3 5814 176 45 5808 18	0.20
3620 5814 1555 30 1187	5805 1429 30 3 1617 5805 176 5811 8 3 3937	0.60
3620 39 37 4198 21 39 5809 311	3620 39 245 318 4313 21 3 250 5809 311 52 3 5807 18	3.60
90 3620 39 37 21 39 5809 311 6 30 3620 3654 37 21 39 5809 311 18	5812 39 30 3654 176 318 21 5809 5813	4.60
3620 39 30 3654 176 4313 21 2110 5813 52 3 5807 18	39 30 3654 176 21 2110 5813 52 3 5807	5.00
39 30 482 176 360	32 37 146 5816 3941	1.40
48 3694 4141 30 5830 176 5809 23 24 522 3 5809 3941 112 3620 39	32 37 318 39 5809 311 5831 3605 5830 6 3605 4141 6 5812 39 30 3654 30 3 5807	3.00
3620 39 245 21 39 5809 311 52 39 5807 18	3620 39 37 318 4313 21 39 5809 311 52 3 5807 18	4.40
146 1358 3605 3514 3 2999 3834	3 311 37 45 5809	2.00
5812 482 30 3654 2721 4313 21 39 5809 311 52 3 5807 18	3620 482 30 3620 3654 2721 318 4313 21 3 250 5809 311 52 3 5807 18	4.40
5812 39 30 3654 285 673 261 18	39 30 3654 176 21 3 250 311	3.00
32 37 39 5809 311 68 3 5807	5812 39 30 3654 176 318 4313 21 5809 5813 52 3 5807	3.00
23 921 3 5804 1144 1856 16 5814 18	5825 5817 5826 3 51 142 3 5804 1144 1177 4075 68 39 3937 18	2.60
90 3 5838 24 45 3834 2423 3 3566 48 3 3941 311 37 5816 18	32 37 146 5816 3941	3.00
90 23 245 5808 68 3 1617 2482 18	5805 1429 30 3 1617 5805 176 5811 8 3 3937	1.60
212 142 32 176 2110 5804 4469	5825 5817 5826 3 51 142 3 5804 1144 1177 4075 68 39 3937 18	2.60
3 3605 30 3 3620 176 4313 21 3 250 311	48 3620 39 5823 109 6 5812 482 30 3654 176 318 21 39 5809 311	2.20
32 245 39 5809 311 45 5905 8 3 3605	32 37 181 311 5831 143 3605 4478 30 3620 39	1.20
90 3 5804 4469 1856 3 16 5807 5814 24 46 2110 181 358 35	39 5807 2078 39 494 5032 68 1311 2110 5804 4469 226 3 5814	3.00
3 3 3620 5805 5882 198 3 5807 5805	3 5814 176 45 5808	3.20
5805 1429 37 5849 198 3 1617 5805	5805 1429 30 3 1617 5805 176 5811 8 3 3937	4.20
90 3 5813 2721 318 21 39 5809 3941 52 3 5807 5805	5812 39 30 3654 176 318 4313 21 5809 5813 52 3 5807	3.60
90 3620 39 37 21 39 5809 311 52 3 5807 18	3620 39 37 318 21 39 5809 311 52 3 5807	4.80
32 37 39 3937 21 5805 1429	5814 1429 30 609 176 21 3 250 5804 1144	1.00
90 12 3 3937 21 3620 482	5814 1429 6 609 30 1555 176 5811 198 3 1617 5807 5805 8 39 3937	2.20
3 1617 5807 5805 37 5808 68 5805 705	5805 705 30 3 1617 5805 176 5808	5.00
90 12 3 3937 21 3620 482 18	5814 1187 6 192 30 705 176 45 5808 68 3 1616 5807 5805	0.80
3620 39 6 3620 482 6 30 3620 3654 176 4313 21 5906 5813 18	39 30 3654 176 21 2110 5813 52 3 5807	3.00
3 311 5877 3 3561 3620 30 3 311 37 45 5809 18	32 37 181 5809 311	1.80
3620 482 30 3620 3654 176 4313 78 39 5809 311	482 30 3654 176 21 3 250 311 52 3 5807	2.80
90 3 5807 30 3 3620 176 45 21 39 5809 311 18	3 5807 21 1187 37 45 21 39 5809 311	2.00
48 3 5810 5855 37 4313 21 3 5809 3941	3 5810 3620 30 3 261 3620 1366 46 4313 21 3 250 311	2.60
5805 37 5808 68 5805 705	5814 1429 30 705 176 45 5808	1.40
5812 39 30 3654 176 45 4313 21 3 250 5809 311 18	39 30 3654 176 45 21 3 250 311	4.00
90 5805 1187 37 5808 68 3 1616 5805	5805 1187 30 3 1617 5807 5805 176 21 3 250 5804 1144	1.60
3 3620 30 3 5807 176 5808	3 5807 37 21 146 1358 311	1.80
146 5816 3941 216 45 5824 3 3 5804 1144 1856 3 5814 18	39 5807 2078 39 494 5032 68 1311 2110 5804 4469 226 3 5814	1.20
90 3 3605 245 5808 68 3 5809 3941	32 37 181 311 5831 143 3605 4478 30 3620 39	1.20
3620 39 30 3620 3654 176 45 4313 21 3 250 5809 311	39 30 3654 176 45 21 3 250 311	5.00
3 1617 5807 5805 37 5849 198 3 1616 5807 5805	32 37 181 3937 1856 3 5814	1.20
23 5815 39 3937 21 3 3941	39 5810 3620 5815 39 3937	3.60
90 5805 61 30 3 1617 5807 5805 176 26 39 5809 311	5805 1429 37 5808 68 3 1616 5807 5805	1.40
3 5817 37 3 291 1856 3 5804 1144 12 3 5814 18	5805 1429 30 3 1617 5805 176 5811 8 3 3937	1.00
90 32 37 181 3937 1856 5805 1187 30 3 1617 5805	32 37 181 3937 1856 5805 1187 30 3 1617 5805	4.80
32 37 39 5809 311 6 52 3605 5830 6 115 5877 3620 39 30 3 5807	32 37 39 311 5831 39 6 3654 6 5830 30 3 5807	3.20
3941 1187 37 45 39 287 3941 90 3 5807 37 45 4313 21 39 5809 311 18	3 5807 21 1187 37 45 21 39 5809 311	3.60
112 3 250 168 63 1429	5805 1555 30 3 1617 5805 176 45 5808	0.00
3 1617 5807 5805 245 45 5903 8 39 3937 198 5805 705	5805 705 30 3 1617 5805 176 45 5811 8 3 3937	4.60
3937 21 3941 226 3620 482 185 3 5817 3990 68 46 2357	5805 1187 37 5811 8 39 3937 198 3 1616 5807 5805	1.00
39 3937 21 3 3941 284 45 285 3 5817 12 3 5807 18	39 5807 2078 39 494 5032 68 1311 2110 5804 4469 226 3 5814	1.80
90 39 5807 24 155 65 39 5817 3088 48 23 37 2357	39 5807 2078 39 494 5032 68 1311 2110 5804 4469 226 3 5814	0.80
3 1617 5805 30 1616 5805 176 45 5808	39 5807 2078 39 494 5032 68 1311 2110 5804 4469 226 3 5814	0.80
5805 705 37 5808 68 3 1617 5805 12 3 5807	5805 705 30 3 1617 5805 176 5808	4.80
5812 24 46 5907 8 3694 115 176 21 3 311	48 39 3620 30 39 3605 176 21 3 250 311 3 3605 4273 3 3620	4.60
30 3 5846 37 5809	39 30 3654 176 21 3 250 5809 311	1.20
48 39 311 37 5808 68 146 5908 3605 6 3 3620 24 46 360 18	48 39 3620 30 39 3605 176 21 3 250 311 3 3605 4273 3 3620	3.20
178 3 5812 176 26 5909 5813	39 30 3654 176 21 2110 5813	1.20
5805 705 37 5910 68 3 1617 5805	5805 705 30 3 1617 5805 176 5808	5.00
90 48 32 37 39 5817 115 170 32 37 39 3937	5825 5817 5826 3 51 142 3 5804 1144 1177 4075 68 39 3937 18	3.40
5805 1187 37 5808 68 3 5911 5807 5805 30 5805 1187 37 45 5849 8 39 3937	5805 1187 30 3 1617 5805 176 5808	4.00
5805 192 37 5808 68 3 5912 5807 5805	5805 192 30 3 1617 5805 176 5808	5.00
90 3620 39 245 21 39 5809 3941 52 3 5807	3620 39 37 318 4313 21 39 5809 311 52 3 5807 18	4.40
3941 609 37 5808 68 3 5807	32 37 181 5809 311 5831 3 5807	1.00
5913 5813 5808 68 3 5807	48 3620 39 5823 109 6 482 30 3654 176 181 2262 21 39 5809 311 52 3 5807	2.00
3 311 284 45 1454	3 5807 37 21 146 1358 311	3.40
5812 39 30 3654 24 318 46 26 623 297 5914 5876 18	5812 39 30 3654 176 21 39 5809 311	2.40
3620 482 30 3620 3654 176 318 26 5809 5813 52 3 5807 18	5812 39 30 482 176 318 21 5809 5813 52 3 5807	1.80
39 5805 37 45 5808 68 3 1617 5807 5805 18	5814 1429 30 609 176 5808	1.00
135 90 8 5825 5817 6 42 212 3 3937 142 32 135 135 821 39 291 21 5804 4469 18 135	5825 5817 5826 3 51 142 3 5804 1144 1177 4075 68 39 3937 18	3.80
3620 482 37 45 21 3 250 311 52 5812 39 30 3654 18	3620 482 37 21 39 2025 311	3.60
3 3620 37 45 4313 21 39 5809 311 18	3 5807 37 4313 21 39 311 73 284 45 4198 289 261 5822	1.80
32 37 318 39 5809 311 115 5877 3 5807 30 3620 39 30 3620 3654	5812 39 30 3654 176 318 4313 21 5809 5813 52 3 5807	5.00
151 23 5815 39 3937 18	151 3 3605 30 3 3620 176 4313 21 3 250 311	0.80
5805 705 37 5808 68 3 1617 5807 5805	5814 1429 30 705 176 45 5808	1.20
48 3 311 37 469 5808 68 3 5807 6 547 3 3605 4273 39 3620 18	48 39 3620 30 39 3605 176 21 3 250 311 3 3605 4273 3 3620	4.40
5805 1429 30 5805 609 4206 181 291	5814 1429 30 609 176 5808 30 21 3 250 5804 1144	3.20
32 176 261 5809 311 519 3620 482	5812 39 30 3654 176 21 39 5809 311	1.60
90 3 1617 5856 5805 30 5805 705 2721 5808 18	5805 705 30 3 1617 5805 176 5808	4.40
5812 482 30 3654 176 26 3 250 311 63 3 5807	482 30 3654 176 21 3 250 311 52 3 5807	5.00
5805 1429 37 5808 68 5805 705	5814 1429 30 705 176 5811 8 3 3937	1.60
90 3 5814 176 45 5808	39 5807 2078 39 494 5032 68 1311 2110 5804 4469 226 3 5814	0.80
5896 3 261 5814 176 5808 68 3 1617 5807 5805	5814 1187 6 192 30 705 176 5808 68 3 1617 5807 5805	3.00
3620 3654 24 263 39 3937 21 3 311	673 3620 37 21 453 297 311	1.00
90 23 5815 39 3937 5915 3 5807 30 3 261 5813	48 3620 39 5823 109 6 5812 482 30 3654 176 318 21 39 5809 311	1.00
3605 4141 37 21 3 5809 311 52 3620 39	3620 39 37 318 4313 21 39 5809 311 52 3 5807 30 3605 4141 18	2.80
32 24 46 39 3937 226 61 551 21 62 30 32 24 46 39 5817 4541 236 42 72 18	39 1998 5817 170 115 3 5814 176 5811 8 39 3937 18	1.60
90 32 37 39 3937 4075 68 39 5810 3620 18	5814 1429 6 609 30 1555 176 5811 198 3 1617 5807 5805 8 39 3937	1.60
39 494 5032 1576 3 5807 288 3 5804 4469 12 3 1617 30 1616 5814 2110 226 178 407 18	39 5807 2078 39 494 5032 68 1311 2110 5804 4469 226 3 5814	3.80
2110 5813 52 3 5807	482 30 3654 176 21 3 250 311 52 3 5807	1.40
3 37 146 1358 311	3 5807 37 21 146 1358 311	2.80
5805 705 37 469 5808 68 3 1617 5805 18	5805 705 30 3 1617 5805 176 5808	5.00
151 3 3605 37 5808 1856 3 3620 30 3 5807	151 3 3605 30 3 3620 176 4313 21 3 250 311	3.60
90 23 5815 39 3937 6 236 3 3941 1069 5816	39 5810 3620 5815 39 3937	2.20
3620 482 37 21 39 2163 311	3620 482 37 21 39 2025 311	4.40
3 5916 5807 5805 37 5808 21 5805 705 18	5805 705 30 3 1617 5805 176 5808	4.80
32 24 46 39 3937 1856 3 1617 5807 5805 30 3 3620 5805	39 1998 5817 170 115 3 5814 176 45 5808 18	2.20
32 24 46 39 3937 226 3620 482 6 2033 5917 3 2433 12 3 3941	3620 482 5815 39 3937	4.00
5805 1429 37 5808 68 5805 609	5814 1429 30 1187 176 5808	1.40
39 5805 37 5808 68 39 3620 18	5814 1429 6 609 30 1555 176 5811 198 3 1617 5807 5805 8 39 3937	1.00
135 3 5804 1144 291 1856 3 5807 135 135 821 16 5814 135	39 5807 2078 39 494 5032 68 1311 2110 5804 4469 226 3 5814	1.80
523 61 5805 37 3467 21 3 3941 18	3 5807 21 609 37 45 21 39 5809 311	0.60
275 68 55 392 52 39 3937	5805 609 30 3 1617 5805 176 5811 8 3 3937	2.00
90 12 3 494 21 3 5807	39 5807 2078 39 494 5032 68 1311 2110 5804 4469 226 3 5814	2.60
90 3 311 5918 3 5812 24 46 5810	32 37 39 3937 21 39 3941	2.00
2344 6 5812 39 30 482 24 46 4313 26 39 5809 311	48 3654 5823 109 6 547 39 30 482 176 318 21 39 5809 311 18	3.00
522 311 2499 39 5807 30 39 3620	32 37 39 5809 311 5831 143 3 3620 30 39 5807	3.60
90 23 5919 39 245 21 39 5809 311 52 39 5807 18	3620 39 37 318 4313 21 39 5809 311 52 3 5807 18	4.40
23 5877 39 3620 30 284 45 522 39 587 3941 68 3 5807	3 5807 21 609 37 45 21 39 5809 311	1.40
90 23 37 45 26 3 250 311	48 3620 39 5823 109 6 5812 482 30 3654 176 318 21 39 5809 311	1.20
39 5807 83 3564 68 39 3620 21 39 5809 311 18	3 3620 30 3 5807 176 21 39 5809 311	3.60
5805 1429 30 3 1617 5805 176 5808 18	5805 1429 30 3 1617 5805 176 5811 8 3 3937	1.60
90 32 37 181 3937 1856 3 5814	5805 1429 37 45 5811 198 3 1616 5807 5805	3.00
5805 1429 30 609 176 5808 68 3 5920 5805 12 3 5807	5814 1429 30 609 176 5808	3.40
32 37 155 39 291 21 5817 1856 16 5807 5814 18	39 5807 2078 39 494 5032 68 1311 2110 5804 4469 226 3 5814	3.00
39 5856 2078 39 494 5032 68 263 5817	39 5807 2078 39 494 5032 68 1311 2110 5804 4469 226 3 5814	3.40
32 245 39 3937 21 3 3941 115 3654 245 26	3620 3654 245 45 21 39 5809 311	3.80
5805 192 37 5808 68 3 5832 5807 5805	5805 192 30 3 1617 5805 176 5808	4.60
151 3 3605 37 21 3 250 5921 63 3 3620 18	151 3 3605 30 3 3620 176 4313 21 3 250 311	4.40
115 3 3620 5805 30 5807 5805 176 26 3 250 2482 12 39 5882 5846	3 5814 176 21 3 250 1144 18	2.40
23 3272 42 115 23 37 5808 68 39 1617 5807 5805 18	32 37 181 3937 1856 3 5814	0.60
32 176 609 5813 21 60 5922	32 37 39 311 5831 39 30 39 2110 311 5831 482 30 3654	3.20
3620 39 245 318 4313 21 39 5809 311 52 3 5807 18	3620 39 245 318 4313 21 3 250 5809 311 52 3 5807 18	4.80
32 275 68 46 39 5809 3941 5807 18	3 3620 30 3 5807 176 21 39 5809 311	1.80
90 3 3620 284 45 65 39 5809 311 18	3 3620 37 45 21 3 5809 311 5831 3 5807	3.60
5896 4326 61 3620 547 4273 3 4208 12 3 557 68 3561 129 18	39 30 3654 176 21 3 250 5809 311	1.20
90 5805 1429 37 469 5808 68 5805 1187	5814 1429 30 1187 176 5808	4.80
143 5812 39 30 3654 318 65 39 5809 311	5812 39 30 3654 176 318 21 5809 5813	5.00
5817 37 3 291 1856 39 1617 30 1616 748 26 39 5807 18	5805 1429 37 5808 68 3 1616 5807 5805	1.00
3620 39 30 3620 3654 176 45 26 3 250 311 63 3620 482	39 6 482 30 3654 176 21 2110 5813	3.40
3 1617 5807 5805 30 5805 192 176 5808	5805 192 30 3 1617 5805 176 5808	5.00
453 45 5923 198 2782 3 1616 515 1617 5805	32 37 181 3937 1856 3 5814	1.60
5805 1187 37 5808 68 3 1617 5807 5805 18	5805 1187 30 3 1617 5805 176 5808	5.00
48 39 3620 30 39 3605 176 4313 21 3 250 5809 311 6 3 3605 4273 3 3620 18	151 3 3605 30 3 3620 176 4313 21 3 250 311	2.60
3620 3654 37 21 453 297 5886	3620 3654 37 21 39 2025 311	4.80
3620 39 30 3654 318 248 39 5809 311 52 3 5807 18	5812 39 30 3654 176 318 4313 21 5809 5813 52 3 5807	4.60
3 5807 155 275 39 5817 90 32 37 39 1617 5805 30 32 37 39 1616 5805 18	39 5807 2078 39 494 5032 68 1311 2110 5804 4469 226 3 5814	2.20
3 1617 5805 275 982 5834	5805 1429 30 3 1617 5805 176 5811 8 3 3937	0.80
42 54 273 142 3 3937 37	5825 5817 5826 3 51 142 3 5804 1144 1177 4075 68 39 3937 18	2.20
3 3620 37 21 39 5809 3941	3 5807 37 21 146 1358 311	0.40
45 5849 8 39 3937	5805 705 30 3 1617 5805 176 45 5811 8 3 3937	2.20
39 5805 37 45 5808 68 3 1616 5807 5805 18	5814 1429 30 705 176 45 5808	1.40
5812 39 6 482 6 30 3654 176 178 21 3 250 311 18	39 30 3654 176 21 3 250 311	3.40
90 5817 2374 3 291 1856 16 2527	5805 1429 30 3 1617 5805 176 5811 8 3 3937	1.40
3620 39 37 26 39 5809 311 52 3 5807	32 37 39 311 5831 39 30 39 2110 311 5831 482 30 3654	1.40
3 5807 30 3 3620 1366 46 21 39 5809 311 3461 18	3 3620 30 3 5807 176 21 39 5809 311	3.80
3 291 1856 3 5804 4469 37 982 5818	5805 1429 30 3 1617 5805 176 5811 8 3 3937	1.40
3 3620 1077 4097 3 311 18	32 37 146 1358 311	0.80
3620 3654 245 21 146 1358 311 6	3620 3654 245 45 21 39 5809 311	4.80
143 5812 482 30 3654 176 21 3 250 311 63 3620 39	48 3620 39 5823 109 6 3408 482 3409 3654 37 21 39 5809 311	2.40
32 37 181 291 1856 3 16 5814 18	3 5814 176 21 3 250 1144 18	4.40
3620 39 30 3605 4478 176 45 21 3 250 311 18	3605 4478 30 3620 39 176 45 21 3 250 5809 311	5.00
3620 39 37 45 26 3 250 311 115 3620 482 30 3620 3654 176 18	32 37 39 311 5831 39 30 39 2110 311 5831 482 30 3654	4.80
39 783 4141 170 3 5807 37 21 39 287 3941 18	32 37 39 287 3941	2.80
48 3 3605 37 1358 21 39 311 52 3 5807 30 3620 18	151 3 3605 30 3 3620 176 4313 21 3 250 311	3.20
3620 39 30 3620 482 176 318 21 39 5809 311 52 3 5807 18	5812 39 30 482 176 318 21 5809 5813 52 3 5807	4.80
5812 39 30 3654 176 45 21 3 250 5809 311 63 3620 482	3620 482 37 21 39 2025 311	3.40
48 289 3620 37 109 6 23 4273 3 2558 508 30 361 37 905 198 3 5807 18	673 3620 37 21 453 297 311	1.40
90 3 5814 176 21 3 250 1144	5805 1429 37 5808 68 3 1616 5807 5805	1.00
1187 6 192 6 30 705 176 5808 68 3 1617 2482	5814 1187 6 192 30 705 176 5808 68 3 1617 5807 5805	4.20
23 37 146 1358 311 18	32 37 39 287 3941	0.80
90 3 3 3941 37 522 18	3 311 37 45 5809	1.80
112 3 250 168 63 1555	5805 705 30 3 1617 5805 176 45 5811 8 3 3937	0.00
3 311 24 65 39 3937	673 3620 37 21 453 297 311	1.20
90 623 37 39 3937 1856 39 30 3654 552 18	32 37 146 5816 3941	3.00
5805 1429 30 5805 1187 176 3 250	5814 1429 30 1187 176 5808 30 21 3 250 5804 1144	3.60
3 783 4141 170 115 3 3941 37 45 462 18	32 37 39 287 3941	1.80
32 37 318 39 5809 311 115 5877 3 5807 6 3620 482 6 30 3620 3654 18	5812 482 30 3654 176 318 21 5809 5813 52 3 5807	4.60
1187 192 30 705 176 45 5808 68 1616 5807 5805	5814 1187 6 192 30 705 176 45 5808 68 3 1616 5807 5805	4.40
23 948 3 5809 311 18	3 1358 3605 5815 39 3937	2.20
5812 482 5924 3654 176 26 3 250 5809 311 52 3 5807 56 5913 198 3620 39	32 37 39 311 5831 39 30 39 2110 311 5831 482 30 3654	4.20
135 90 23 3356 135 135 2297 3029 39 3937 18 135	673 3620 37 21 453 297 311	0.40
3 5805 37 5808 68 3 5807	5805 1429 37 5808 68 3 1616 5807 5805	2.80
4650 360 61 3620 24 45 3846 360 243 3620	39 30 3654 176 21 2110 5813	0.60
5805 192 37 5808 68 5832 5805 12 3 5807	5805 192 30 3 1617 5805 176 5808	4.80
48 3 3605 37 4313 21 3 250 311 52 3 3620	151 3 3605 30 3 3620 176 4313 21 3 250 311	4.40
3 1617 5807 5805 37 5811 8 39 3937 198 5805 1187 18	32 37 181 3937 1856 5814 1429 30 1187	0.80
3 261 5814 176 5808 68 3 1617 5805 18	5814 1187 6 192 30 705 176 5808 68 3 1617 5807 5805	2.80
90 32 37 181 5809 311	3 311 37 45 5809	4.60
90 23 5815 39 3937 21 3 3941 18	39 5810 3620 5815 39 3937	3.80
39 37 26 39 5925 5807	3620 39 37 318 4313 21 39 5809 311 52 3 5807 18	3.40
3 3561 3620 1366 46 5808 68 143 1860 12 3 5807 30 32 1366 46 39 5809 3941 18	32 37 39 522 3941	1.80
5805 192 37 5808 68 3 1617 5807 5805 18	5805 192 30 3 1617 5805 176 5808	5.00
48 39 3605 37 1358 6 3 5846 37 181 2262 5809 18	3 311 37 45 5809	2.40
3620 482 30 3654 176 318 21 39 5809 311 52 3 5807 18	5812 482 30 3654 176 318 21 5809 5813 52 3 5807	4.80
3 5805 37 45 5808 68 3 1617 5807 5805	5805 1429 30 3 1617 5805 176 45 5808	4.20
3620 482 59 45 263 39 3937 21 3 311 112 3620 39 30 3654	5812 39 30 3654 176 318 21 5809 5813	2.20
3 1617 5807 5805 30 5805 1187 176 5808	5805 1187 30 3 1617 5805 176 5808	5.00
3 5809 311 318 5926 112 3620 39 3088 4448 3605 4478 245 1358	3620 39 37 318 4313 21 39 5809 311 52 3 5807 18	3.20
3620 39 245 318 21 39 5809 311 52 3 5807	3620 39 245 318 4313 21 3 250 5809 311 52 3 5807 18	4.80
90 23 890 3 3941	32 37 146 1358 311	1.60
5805 1429 245 5808 68 3 1617 5807 5805	5805 1429 30 3 1617 5805 176 5811 8 3 3937	2.80
5812 39 30 482 176 45 26 3 250 311 63 3620 3654 18	3620 3654 37 21 39 2025 311	3.40
3 311 3358 3 2999 2423 3 3605	48 39 3620 30 39 3605 176 21 3 250 311 3 3605 4273 3 3620	1.60
3 1358 3605 288 3 311 1358	32 37 146 1358 311	2.80
5812 39 482 30 3654 176 26 39 5809 311	39 30 3654 176 21 3 250 5809 311	3.00
90 178 3 5814 176 5808 68 261 5814 6 146 1358 3605 1775 115 18	3 1358 3605 5815 39 3937	3.20
5805 1429 37 5808 68 5805 1187	5814 1429 30 1187 176 5808	5.00
3 1617 5805 37 45 5849 8 39 3937 198 5805 192	5805 192 30 3 1617 5805 176 45 5811 8 3 3937	5.00
32 37 181 5819 1856 3 3620 5805 30 3 5807 5805 18	3 5814 176 45 5808	3.00
3 5807 37 45 21 39 5809 311 18	3 5807 21 1187 37 45 21 39 5809 311	3.80
32 37 39 3937 21 3 3941	5805 1429 30 3 1617 5805 176 5811 8 3 3937	3.60
32 24 46 39 3937 21 3 311	48 3620 39 5823 109 6 3408 482 3409 3654 37 21 39 5809 311	1.60
90 3 5814 176 45 21 39 5809 311 6 236 42 176 4431 3 5817 12 3 5807 2109	39 5807 2078 39 494 5032 68 1311 2110 5804 4469 226 3 5814	1.60
90 12 3 3937 226 3620 482	5814 1429 6 609 30 1555 176 5811 198 3 1617 5807 5805 8 39 3937	1.40
3605 4478 284 45 285 3 5809 3941 12 3620 39	3605 4478 30 3620 39 176 45 21 3 250 5809 311	4.00
5804 4469 24 1359 507 32 37 39 3937 515 5819 21 3 3941	5825 5817 5826 507 16 5814 176 5811 8 39 3937 18	4.20
90 39 5809 3941 245 2299 18	3620 39 245 318 4313 21 3 250 5809 311 52 3 5807 18	2.40
48 3 3605 30 3 3620 176 21 3 250 311 18	151 3 3605 30 3 3620 176 4313 21 3 250 311	4.20
90 3 232 12 3 3620 24 45 285 673 261	39 30 3654 176 45 21 3 250 311 52 3 5807	0.80
42 54 212 142 32 37 39 3937	5825 5817 5826 507 16 5814 176 5811 8 39 3937 18	2.60
23 37 21 39 5809 311 52 3 5807	32 37 39 311 5831 39 6 3654 6 5830 30 3 5807	2.40
3620 39 30 3620 3654 176 318 26 39 5809 311 115 5877 3 5807 18	5812 39 30 3654 176 318 21 5809 5813 52 3 5807	4.60
3 5927 4273 3 3620 48 23 37 26 3 250 311	151 3 3605 30 3 3620 176 4313 21 3 250 311	3.00
3 5807 37 4313 21 39 5809 3941 30 32 37 2766 21 453 5886	3 5807 37 4313 21 39 5809 311 73 284 45 4198 289 261 5822	5.00
3620 39 30 3620 482 176 318 4313 21 5809 5813 52 3 5807	48 3654 5823 109 547 39 30 482 176 318 21 39 5809 311 52 3 5807	2.80
0 269 90 23 37 21 3 5135 18	3620 482 37 21 39 2025 311	0.00
90 3 16 1339 12 3 5807 55 45 3564 68 61 243	3 5807 37 21 146 1358 311	2.40
3 5807 1808 39 494 5032 5032 18	39 5807 2078 39 494 5032 68 1311 2110 5804 4469 226 3 5814	3.80
5814 5888 6 30 705 176 5808 68 3 1617 5805	5814 1187 6 192 30 705 176 5808 68 3 1617 5807 5805	4.60
3 1617 5807 5805 37 45 5808	32 37 181 3937 1856 5805 705 30 3 1617 5805	1.40
39 959 61 6 48 23 37 5809 23 24 3561 129 56 48 23 37 1358 23 24 45	48 39 3620 30 39 3605 176 21 3 250 311 3 3605 4273 3 3620	0.80
3620 39 37 26 39 5809 5846 311	3620 39 245 318 4313 21 3 250 5809 311 52 3 5807 18	4.00
48 3 3620 37 26 3 250 5809 311	3 5810 3620 30 3 261 3620 1366 46 4313 21 3 250 311	3.40
61 2482 37 5809 3 261 2482 37 1358 18	3 5807 37 21 146 1358 311	0.60
3620 39 245 4313 26 39 5809 311 52 3 5807	3620 39 245 318 4313 21 3 250 5809 311 52 3 5807 18	4.60
23 37 39 5809 311 18	32 37 181 5809 311 5831 3 5807	1.20
32 37 39 311 198 3620 68 5807	3620 39 37 318 4313 21 39 5809 311 52 3 5807 18	2.20
2423 3620 39 6 3620 482 37 318 4313 21 39 5809 311 68 3 5807 18	48 3654 5823 109 547 39 30 482 176 318 21 39 5809 311 52 3 5807	2.00
48 3605 30 3620 176 4313 21 3 250 5809 311	151 3 3605 30 3 3620 176 4313 21 3 250 311	3.20
5812 482 30 3654 5928 318 4313 21 39 5809 311 52 3 5807 18	3620 482 30 3620 3654 2721 318 4313 21 3 250 5809 311 52 3 5807 18	5.00
90 3 1617 5807 5805 37 45 5811 8 39 3937 198 5805 705 18	5805 705 30 3 1617 5805 176 45 5811 8 3 3937	4.60
3937 1856 1555 30 1617 5807	5805 1555 30 3 1617 5805 176 5811 8 3 3937	4.00
32 37 181 5809 311 21 3941 1187 18	3941 1187 275 181 5809 5813	5.00
90 3 5817 5863 1393 21 3 5807	39 5807 2078 39 494 5032 68 1311 2110 5804 4469 226 3 5814	2.40
39 37 26 453 26 311 482 30 3654 3776 39 311	32 37 39 311 5831 39 30 39 2110 311 5831 482 30 3654	3.40
32 37 39 494 5032 18	39 5807 2078 39 494 5032 68 1311 2110 5804 4469 226 3 5814	2.20
5812 65 68 46 4313 21 5809 5813 52 3 5807	3 5810 3620 30 3 261 3620 1366 46 4313 21 3 250 311	2.20
3620 39 37 21 39 5809 3941 52 3 5807 519 3 4478 3605 18	3620 39 37 318 21 39 5809 311 52 3 5807	3.00
5812 39 30 3654 176 4313 21 2110 5813 52 3 5807 18	39 30 3654 176 21 2110 5813 52 3 5807	4.80
3605 5830 37 21 3 250 311 63 3620 39	3620 39 37 318 4313 21 39 5809 311 52 3 5807 30 3605 5830 18	3.60
45 4313 5929 250 311	48 3654 5823 109 6 547 39 30 482 176 318 21 39 5809 311 18	1.00
3620 482 30 3654 176 26 39 5809 311 68 3 5807	48 3620 39 5823 109 6 5812 482 30 3654 176 318 21 39 5809 311	2.80
32 176 318 522 5813 68 3 5807 112 482 30 3654	5812 482 30 3654 176 318 21 5809 5813 52 3 5807	4.00
90 3 16 5814 176 5808	5814 1429 30 1187 176 5808	3.00
3620 39 5815 39 3937	48 3620 39 5823 109 6 3408 482 3409 3654 37 21 39 5809 311	1.80
32 245 39 3937 198 5805 609 68 5805 705	5814 1429 30 609 176 21 3 250 5804 1144	1.40
23 245 318 26 39 5809 311	3620 39 245 318 4313 21 3 250 5809 311 52 3 5807 18	3.20
32 37 39 3937 21 3 3941 18	32 37 39 3937 21 39 3941	5.00
3 1617 5807 5805 37 5811 8 39 3937 198 5805 1187 18	5805 1187 30 3 1617 5807 5805 176 21 3 250 5804 1144	1.40
32 37 39 3937 1856 3 1617 5807 5819 30 3 3620 5805 18	32 37 181 3937 1856 3 5814	1.60
39 3937 185 39 1207 5819	39 1998 5817 170 115 3 5814 176 45 5808 18	3.00
3 5804 1144 37 5930 52 18	39 1998 5817 170 115 3 5814 176 45 5808 18	1.80
90 3620 3654 245 21 146 1358 311	3620 3654 245 45 21 39 5809 311	4.60
3620 39 37 26 39 5809 311 52 3 5807	3620 39 37 318 21 39 5809 311 52 3 5807	4.60
90 3 5807 275 453 297 494 5931 1856 3 1617 30 1616 5932 23 5877	39 5807 2078 39 494 5032 68 1311 2110 5804 4469 226 3 5814	4.20
39 5805 37 5808 68 3 1617 5805 12 3 5807	5805 192 30 3 1617 5805 176 5808	4.00
39 5805 37 5808 68 243 5805	5814 1187 6 192 30 705 176 5808 68 3 1617 5807 5805	2.20
3620 39 30 3654 176 318 21 39 5809 311 52 3 5807 18	5812 39 30 3654 176 318 4313 21 5809 5813 52 3 5807	5.00
151 3 3605 37 21 3 250 311 63 3 3620 18	151 3 3605 30 3 3620 176 4313 21 3 250 311	4.40
90 673 3620 275 453 297 522 311	673 3620 37 21 453 297 311	4.00
3 1617 5807 5805 245 45 5849 8 39 3937 198 5805 1187 18	5805 1187 30 3 1617 5805 176 45 5811 8 3 3937	5.00
5805 705 37 5808 68 5805 1429	5814 1429 30 705 176 5811 8 3 3937	2.20
3620 39 30 3620 3654 176 3839 21 5534	39 30 3654 176 21 2110 5813	1.40
115 3 5807 5819 284 45 77	32 37 39 287 3941	1.20
48 32 37 39 3937 21 3 3941 32 3 3620 24 45 3561 129 18	39 1998 5817 170 115 3 5814 176 45 5808 18	1.00
5805 1429 30 609 65 3 250 291 21 5804 4469	5814 1429 30 609 176 5808 30 21 3 250 5804 1144	3.60
3 311 1366 46 5809	48 39 3620 30 39 3605 176 21 3 250 311 3 3605 4273 3 3620	1.40
23 245 5808 68 3 1617 5805	5805 1429 30 3 1617 5805 176 5811 8 3 3937	1.40
23 275 453 297 311 5808 68 3 5807	673 3620 37 21 453 297 311	3.20
48 23 37 21 3 250 311 63 3 3620	151 3 3605 30 3 3620 176 4313 21 3 250 311	3.40
3 5807 37 21 39 5809 311 18	3 5807 37 4313 21 39 311 21 73 32 37 181 3620	1.40
3620 39 275 39 5809 5886	3620 39 245 318 4313 21 3 250 5809 311 52 3 5807 18	4.00
23 29 26 507 453 146 1358 515 5809 311	48 39 3620 30 39 3605 176 21 3 250 311 3 3605 4273 3 3620	1.40
90 5805 1429 37 5849 198 3 1617 5807 5805 18	5805 1429 30 3 1617 5805 176 5811 8 3 3937	4.40
151 23 37 26 3 250 5886 63 3 5856 30 3 3620 18	151 3 3605 30 3 3620 176 4313 21 3 250 311	3.20
90 32 37 39 291 21 5933 4469 1856 3 16 5814	39 5807 2078 39 494 5032 68 1311 2110 5804 4469 226 3 5814	3.00
3 176 143 5808 3 1616 5807 5805 18	5814 1429 30 609 176 5808	3.20
3 16 5814 24 143 46 2357	3 5814 176 21 3 250 1144 18	3.60
3 5810 3620 482 275 2767 39 3937 21 3 311 236 3 1078 54 45 791 23	5814 1429 6 609 30 1555 176 5811 198 3 1617 5807 5805 8 39 3937	1.20
39 5809 311 52 39 5807 5934 3 3620 68 46 26 18	48 39 3620 30 39 3605 176 21 3 250 311 3 3605 4273 3 3620	2.00
3 3620 24 46 5935 109 90 3 5814	3 5810 3620 30 3 261 3620 1366 46 4313 21 3 250 311	1.20
3 5807 37 21 39 5809 311 115 284 45 4198 289 261 5822 18	3 5807 37 4313 21 39 311 73 284 45 4198 289 261 5822	4.00
3 5814 176 45 5808	5805 1429 30 3 1617 5805 176 45 5808	2.80
90 5812 482 30 3654 176 21 39 5809 311 52 3 5807 18	3620 482 30 3620 3654 2721 318 4313 21 3 250 5809 311 52 3 5807 18	4.60
90 32 245 39 1617 30 1616 5819	5805 1429 37 5808 68 3 1616 5807 5805	2.00
23 245 5849 8 39 3937 198 5805 1555	5805 1555 30 3 1617 5805 176 5811 8 3 3937	3.80
