5936 24 46 337 2199 68 2142 2641 5937 63 157 175 18	5936 24 34 46 337 68 2142 2641 5937 68 2940 2641 2762 18	2.70
236 5938 3141 95 1829 90 49 74 68 3533 21 39 1144 271 135 4920 135 81 82 2549 37 45 5939 272 4598 174	2028 5940 421 26 4979 236 5938 3141 95 1829 90 49 74 68 3533 21 39 1144 271 135 4920 135 81 82 2549 37 45 5939 272 4598 174	4.00
5941 68 42 121 18	5941 2776 5942 39 2884 459 82 174	1.60
148 6 5943 275 448 5944 18	5943 275 45 448 5944 18	1.80
30 60 5945 683 174	293 3 5945 683 174	4.60
5946 6 133 2847 3 1351 3 219 5947 5948 5949 4977 18	5950 105 2581 5949 453 1351 729 3 219 5947 5948 5949 4977 729 2028 5951	4.71
81 82 1881 112 214 150 87 33 39 4590 129 18	81 82 80 293 214 150 87 33 39 4590 129 18	3.60
60 135 5952 135 5953 39 3014 18	45 5954 60 135 5952 135 5953 39 3014 18	4.20
56 35 0 2323 68 4188 245 135 55 0 5955 60 112 3 2433 12 9 2848 515 55 0 5955 167 174 135	236 85 2765 135 55 0 5955 60 112 3 2433 12 9 2848 515 55 0 5955 167 174 135 467 0	4.60
30 112 510 511 65 2758 2423 115 222 2848 37 3411 30 52 39 5956 4001 54 46 2541 4879 68 260 30 68 557 5957 2719 5709 2957 2942 68 842 21 62 12 1126 30 1373 3006 139 68 5958 2848 21 62 12 1920 18	30 112 510 511 65 2758 2423 115 222 2848 37 3411 30 52 39 5956 4001 54 46 2541 4879 68 260 30 68 557 105 2197 6 3079 12 115 188 68 358 2554 49 249 448 446 63 170 5959 3495 146 748 5960 8 3 530 18	3.20
3 5961 12 5962 5963 12 1057 1264 5964 5965 63 49 2721 21 39 2391 30 520 236 95 623 297 5966 12 3 135 5967 135 1007 49 5968 135 30 1373 0 5969 26 3 2874 21 5970 5971 18	3 5961 12 5962 5963 12 1057 1264 5964 5965 63 49 2721 21 39 2391 30 520 236 95 623 297 5966 12 3 135 5967 135 1007 49 5968 6 245 67 106 98 112 505 18	3.00
55 42 72 511 503 198 5972 174	55 42 72 511 5973 176 174	2.40
609 365 151 0 2323 5974 135 0 104 177 5975 112 5976 37 39 4879 520 12 5976 18	192 365 115 5977 981 60 63 39 387 1089 37 4492 237 106 5978 135 0 104 177 5975 112 5976 37 39 4879 520 12 5976 18	3.20
115 313 82 117 289 258 18	23 67 313 82 117 258 18	4.60
5979 5980 1064 52 60 2662 226 5981 5982 6 5369 1064 5983 105 5983 15 593 625 511 37 5984 1218 83 46 21 1674 67 90 3 5985 87 1096 245 1040 18	15 593 625 511 37 5984 1218 83 46 21 1674 67 90 3 5985 87 1096 245 1040 18	4.00
115 33 340 0 54 181 2262 1216 139 18	0 54 181 2262 1216 139 18	4.80
4739 105 5986 5987 115 1255 245 965 5988 5989 5990 4007 4833 68 5289 5991 834 18	4739 105 5986 5987 115 135 5992 5514 135 5993 115 5994 248 5995 271 2574 5996 68 317 5991 834 18	2.40
30 3 158 245 68 410 510 3564 52 5997 5998 18	30 49 216 209 30 463 510 3461 52 5997 5998 18	4.60
35 551 176 42 2661 68 5999 174	35 176 42 2661 68 229 174	5.00
6000 6001 45 118 48 0 54 4912 9 297 2911 2692 5940 18	6002 6001 45 118 48 0 54 4912 6003 30 6004 0 6005 226 3 62 293 5940 18	4.00
1232 6 357 112 3 6006 18	357 112 3 3073 129 18	3.70
112 70 215 175 154 154	112 70 215 175 467 9	4.80
216 82 46 6007 48 49 446 6008 2782 6009 115 37 39 277 4739 6 23 216 427 146 6010 6011 48 831 446 851 4720 26 850 18	115 37 39 277 4739 6 23 216 427 146 6010 6011 48 831 446 851 4720 26 850 18	4.20
0 248 39 6012 0 245 6013 8 6014 6 26 9 6015 30 6016 18	39 1294 808 39 2559 2352 0 245 6013 8 6014 6 26 9 6015 30 6016 18	4.00
372 33 39 415 68 146 2485 87 2498 293 3 6017 18	115 37 35 6018 37 293 6 779 178 18	0.00
0 67 81 82 108 60 18	23 67 313 82 117 258 18	5.00
135 6019 5874 6020 6021 130 115 0 55 72 37 271 2470 4590 129 21 1934 6 271 2594 12 3 6022 6 112 2042 6 160 2110 489 3 1433 1137 6 135 6023 1015 6024 6025 6026 6 3 6027 885 1666 18	30 61 130 115 0 55 72 37 271 2470 4590 129 21 1934 150 271 2594 12 3 6022 6 112 2042 6 160 2110 198 3 1433 1137 18	4.00
0 255 148 112 60 1270 68 42 56 60 275 448 3 517 436 467 64 6	6019 4480 6028 6029 428 6030 6020 0 255 148 112 60 1270 68 42 56 60 275 448 3 517 436 467 64 6	5.00
6031 6032 6033 3 6034 330 6035 6036 467 30	515 176 42 2838 67 243 6031 6032 6033 70 6034 330 6035 6037 33 6038 174	3.90
115 33 39 6039 6040 115 42 176 6041 68 6042 18	115 33 35 6043 245 356 30 115 33 35 42 176 6041 68 6042 18	2.40
3 6044 6045 275 68 46 3 3350 26 6046 18	6045 275 68 46 3 3350 26 6046 18	4.20
42 2767 109 1515 3141 6 6047 18	6048 4008 82 1515 3141 6 6047 18	2.40
650 33 6049 286 176 6050 2043 2677 983 6 1373 87 275 38 3 3667 112 3 5017 2559 21 39 6051 18	6052 87 33 226 3 1031 12 3 3667 112 3 5017 2559 21 39 6051 18	2.33
3361 133 147 178 46 157 52 135 39 587 62 272 52 3 6053 18 135	0 370 178 157 552 0 449 39 587 62 272 52 3 6053 18	3.40
3 6054 996 4509 436 3 466 6055 150 6056 48 6057 30 6058 248 300 6059 6060 63 42 4739 30 0 6061 547 87 30 405 12 271 3161 30 261 1126 6062 216 552 46 21 846 18	48 6057 30 6058 248 300 6059 6060 63 42 4739 30 0 6061 547 87 30 405 12 271 3161 30 261 1126 6062 216 552 46 21 846 18	3.80
0 72 151 61 2482 6063 68 6064 1519 3 943 356 32 37 39 4280 6 49 91 6065 18	0 72 35 42 91 2661 68 55 6 56 42 83 3125 23 226 5623 511 1077 3 6066 18	1.60
5208 583 293 18	72 35 6001 452 293 18	0.60
6067 6068 6069 650 216 2560 23 18	676 650 216 1677 115 3184 18	2.30
3 6070 37 3135 112 1794 12 2401 18	236 552 23 37 39 1663 112 1794 12 2401 18	3.00
236 552 23 37 39 1663 112 1794 12 2401 18	3 6070 37 3135 112 1794 12 6071 18	1.60
90 6072 176 6073 30 6074 6075 157 6076 1366 46 6077 18	90 6072 176 6073 30 6074 6075 157 6078 238 174	3.40
1595 6079 6080 18	1938 6079 21 6081 18	0.80
135 340 3356 82 133 3048 293 3 6082 2780 3 2477 3161 174 135	340 3356 82 133 3712 3048 293 23 2780 3 2477 6083 151 2780 271 6083 3 3064 937 245 485 489 6084 174	3.80
35 37 6085 33 515 6086 33 135 5565 135 151 49 224 233 6087 5658 6088 8 5623 21 3 650 3161 6 515 3 676 2478 6 30 263 146 6089 1367 293 23 174	3883 26 467 135 35 37 6085 33 515 6086 33 135 5565 135 151 49 224 233 6087 5658 6088 8 5623 21 3 650 3161 6 467 135	4.20
0 370 2689 293 60 18	0 370 45 118 293 289 12 555 18	0.60
76 3 1520 6090 0 216 229 133 24 273 139 738 850 18	216 82 46 6007 48 49 446 6008 2782 6009 76 3 1520 6090 0 216 229 133 24 273 139 738 850 18	3.80
0 370 45 452 293 60 2559 6 6091 18	42 91 45 452 293 3529 2072 18	2.40
64 49 238 176 6092 293 6093 21 6094 18	3 329 37 23 37 45 2211 33 5175 68 300 3405 3 6094 18	1.20
2757 6095 2323 87 248 3231 3 746 3425 6 754 33 390 1375 1361 6096 6 68 6097 1216 112 178 5345 115 57 46 3467 21 852 808 39 138 1355 6098 1082 18	135 0 65 3231 3 746 3425 68 6097 112 3 1361 1213 68 2235 1216 26 279 68 5345 6099 21 6100 26 3 2371 12 1082 18 135	3.40
150 1608 1983 6101 1377 356 2798 3356 82 145 729 587 4674 729 12 410 68 946 6102 3901 84 843 330 2776 18	150 1608 1983 6101 1377 356 2798 3356 82 145 729 587 4674 729 12 410 68 946 6102 209 68 93 3 6089 6103 211 885 6 63 23 24 117 42 1978 513 6104 18	3.80
93 39 1294 6105 21 3 4267 409 18	42 28 55 79 68 93 35 261 2995 21 3 2574 176 356 6 9 4948 18	1.80
0 65 68 229 6001 161 30 65 1785 21 6106 211 151 0 6107 28 6106 18	0 65 1785 21 6106 151 0 4963 82 3656 467 45	4.20
3 6089 6108 963 275 448 6109 18	3 6089 6108 6109 174	3.20
523 700 2682 12 6110 24 93 115 6089 409 18	4189 48 6111 6112 97 68 3533 146 2857 6113 523 700 2682 12 6110 24 93 115 6089 409 18	3.20
3 861 6114 76 26 60 4935 463 3 132 12 375 6115 4876 21 623 6116 18	3 861 37 6117 26 3 685 30 21 60 517 2411 2408 245 3 1103 3463 6118 6115 4876 18	4.40
8 3 219 6 3 6119 12 3 5577 3066 2480 37 115 3 3452 3356 82 360 61 593 542 18	0 228 229 3 4265 245 506 151 3 3452 2498 6120 39 6121 112 6065 2 6122 18	0.70
3 1377 6123 26 1054 12 6124 90 3 1327 37 318 2035 6059 18	3 1377 6 511 6123 26 1054 12 6124 6 2323 87 245 5584 271 596 198 146 1554 1018 21 6125 18	3.60
284 45 65 3 6126 515 3 6127 68 5344 39 31 95 6128 18	313 82 65 3 6126 68 135 5344 135 6128 174	3.60
510 6129 6120 112 3 6065 90 3 132 597 83 65 448 3231 21 3 375 51 18	181 79 112 6130 90 3 6131 176 6132 236 115 49 4008 82 3712 6117 21 3 375 51 18	0.00
42 249 461 109 3 6133 26 70 6046 3922 18	42 249 461 3 3662 360 70 195 2732 18	1.80
49 135 65 135 6134 90 6134 1270 902 26 6135 2072 18	0 6136 129 112 23 90 0 6112 0 245 270 68 79 23 18	0.00
39 6137 37 39 1495 115 37 6138 6139 129 112 289 168 18	9 4483 12 39 135 6137 135 37 39 3035 115 37 6138 6139 129 6140 1385	4.20
23 33 90 3 256 6 115 1076 12 135 6141 135 6 81 82 65 135 3278 135 4005 18	427 134 90 49 91 6142 26 3 6143 12 555 511 4781 18	0.20
236 42 628 115 48 523 1423 983 12 35 6144 95 42 229 2721 2471 547 2957 3488 634 216 65 6145 21 6146 174	95 0 2323 2648 6 48 523 1423 983 12 3 6147 42 6148 6149 2323 2721 2471 547 2957 3488 634 216 65 6145 95 39 3411 927 21 515 293 6146 18	5.00
0 72 151 3 523 1855 37 68 394 6150 112 2347 6 6151 5435 6 0 72 3 6152 37 39 5140 18	0 393 115 3 850 543 37 485 12 146 1520 251 547 23 37 12 3 442 515 3 3466 789 18	0.20
42 24 2430 5027 1137 3061 18	1848 6 42 24 2950 5027 6153 18	1.00
2141 6 0 65 4510 9 6003 30 1635 0 6005 226 3 62 30 340 0 6154 18	6002 6001 45 118 48 0 54 4912 6003 30 6004 0 6005 226 3 62 293 5940 18	2.80
4458 42 112 6155 505 6156 18	4458 42 112 70 1574 6157 18	0.40
236 6 87 37 39 729 5189 38 1130 729 6 48 42 74 68 6158 808 115 6 368 18	48 115 37 45 39 5189 38 1130 0 65 597 4404 12 61 18	2.60
0 628 52 32 1305 6159 18	0 255 266 52 60 6103 18	0.20
6160 37 151 39 6161 1874 271 272 18	6055 37 151 42 6162 4998 18	1.20
6163 176 42 6164 293 174	6163 37 115 178 293 174	3.90
3 6165 176 67 39 6166 12 6167 4974 115 74 466 575 3948 330 5874 3 6168 515 6169 23 1077 68 108 23 18	49 176 178 39 6166 12 6167 4974 6 515 6170 6171 115 74 261 510 68 224 512 12 139 18	3.20
23 37 6172 115 2502 37 45 39 472 5991 5357 63 447 63 23 37 146 6173 5357 18	2035 146 1137 37 45 39 472 5991 5357 2782 6 1373 6 178 12 42 184 6174 4706 18	1.50
676 650 216 1677 115 3184 18	676 650 37 2794 39 5287 129 272 18	2.80
59 0 229 0 6175 23 174	142 59 0 229 23 59 174	1.60
0 72 115 6176 42 6177 330 6178 6 56 115 33 3 219 23 37 18	1130 6 42 6177 330 6178 28 176 1207 18	2.00
2429 42 216 512 68 3505 146 6179 2020 18	2429 42 83 67 579 70 1444 26 3 247 30 273 97 23 1305 18	1.60
59 6180 566 212 60 6181 174	284 2211 566 212 115 6182 174	2.40
216 82 46 6007 48 49 446 6008 2782 6009 76 3 1520 6090 0 216 229 133 24 273 139 738 850 18	216 82 46 6007 48 49 446 6008 2782 6009 115 37 39 277 4739 6 23 216 427 146 6010 6011 48 831 446 851 4720 26 850 18	4.40
6183 6 8 547 133 248 238 1207 3 1176 1126 26 3 6184 30 6185 12 3 1646 4469 18	23 33 507 515 45 1176 6036 54 3029 510 68 55 1141 18	0.80
142 2721 3 135 6186 6187 135 21 1717 729 6188 154 154 154 154 174 174 174 174 174	56 142 2721 3 3003 6186 5345 154 154 154 154 154 154 154 154 154 174 174 174 174 174 174	2.47
3 6189 30 6190 6 133 91 238 6191 52 18	3 6192 6193 6194 30 3 6195 49 6196 6 133 91 238 6191 52 18	1.80
0 104 32 176 39 2076 12 6197 1127 142 6062 176 1265 447 447 779 3 551 142 49 176 39 6198 68 2211 18	0 249 1373 68 3048 2211 6199 6200 12 271 1127 26 3 4453 115 3 1793 6 45 87 6 245 5012 68 3435 18	1.00
87 552 88 68 156 68 653 112 39 1817 1389 18	5623 5208 68 156 68 1674 112 115 61 18	0.80
55 42 3088 575 2698 68 3529 2072 174	42 91 45 452 293 3529 2072 18	1.60
121 49 81 82 74 68 6201 129 2921 112 3 6202 12 286 174	121 49 81 82 95 2502 6203 174	3.00
700 2546 37 3 3905 4548 8 6204 6205 18	239 186 23 3 6206 12 623 6204 3554 18	0.67
6207 105 90 49 176 6208 6 6209 4341 396 6210 18	6211 105 42 81 82 104 12 139 63 6208 6 6209 6210 174	2.00
1082 150 4264 937 6212 150 6213 6214 150 2810 30 552 70 6215 37 270 68 2560 115 18	1082 150 4264 937 6212 150 6213 6214 150 2810 3 2810 937 2076 37 198 3 2477 3161 33 6216 2559 18	3.00
0 3128 6 2035 39 331 1837 6140	2035 39 604 1837 18	3.00
95 6217 983 12 70 6218 144 6 23 313 82 5955 146 71 112 453 6219 5336 5337 18	115 245 39 6220 132 30 3356 82 5955 30 71 6140	3.80
35 176 42 2661 68 229 174	6163 176 42 6164 293 174	4.40
2957 634 37 5662 68 46 39 1215 12 4856 30 45 14 6 256 174	35 2070 68 2581 2035 39 1215 12 4856 30 45 14 174	3.60
1291 26 146 6221 1532 30 6222 459 82 39 666 251 734 23 4273 1709 12 510 18	15 6223 1291 26 6221 6224 4273 1709 12 510 18	3.10
9 4483 12 39 135 6137 135 37 39 3035 115 37 6138 6139 129 6140 1385	39 6137 37 39 1495 115 37 6138 6139 129 112 289 168 18	4.00
3 5473 2486 245 1956 293 6225 30 6226 18	3 251 37 22 6 2423 30 2423 18	0.00
0 54 82 5289 26 63 0 255 6 236 0 55 79 68 72 35 271 447 385 6227 176 18	0 81 82 3128 68 46 6228 6 56 340 55 42 65 68 212 109 35 271 447 385 6227 176 174	2.20
23 2575 21 3 6229 517 18	115 37 3 6089 517 18	0.60
48 70 251 37 52 3 2464 6 547 6230 3 2464 30 209 68 108 233 514 109 12 139 18	6230 139 30 209 68 108 233 514 109 12 139 18	3.20
0 6231 214 226 6232 68 273 142 87 245 6 181 6233 18	571 214 39 2051 172 214 68 2956 505 72 87 245 1232 6 181 6233 18	2.60
157 554 991 1244 275 2766 68 55 52 977 18	300 991 1244 284 65 392 68 55 52 977 21 3 219 23 363 6234 365 37 6235 18	2.00
23 33 95 2035 544 6236 18	87 33 45 6237 544 3 1351 18	0.00
3 6238 6239 1939 37 360 3 6240 30 109 12 6239 18	3 6239 1939 28 37 178 109 12 6239 18	3.10
30 21 3 748 6 2477 33 1252 4268 2721 6241 3 6242 90 12 271 3092 467	551 505 21 3 3071 12 178 555 6186 6243 511 2721 109 32 6244 293 3 2477 6082 3092 18	1.80
67 54 82 2950 2629 60 219 18	2198 0 434 2950 583 60 219 18	4.00
6245 6 143 1860 1247 146 3505 68 1389 3 6246 135 2907 135 744 109 12 965 18	340 216 6247 33 6248 5340 146 3505 68 1389 3 135 2907 744 135 109 12 3 3198 174	2.20
62 68 108 3 1082 109 12 3 3726 18	6230 139 30 209 68 108 233 514 109 12 139 18	0.00
115 2015 821 3981 3 517 18	115 37 3 6089 517 18	2.40
23 245 2767 129 68 139 68 96 507 3 375 6115 3055 18	3 861 37 6117 26 3 685 30 21 60 517 2411 2408 245 3 1103 3463 6118 6115 4876 18	3.60
275 32 3088 448 289 6249 1684 174	32 33 45 3088 146 1684 18	2.20
6250 729 6251 105 67 90 49 81 82 1367 23 68 42 18	81 82 74 68 93 30 3800 56 0 81 82 72 35 68 229 18	0.80
284 2211 72 48 60 37 138 174 174	97 37 115 138 174	4.00
3079 12 23 216 2238 48 23 4963 82 446 68 5052 3730 26 2957 5547 18	61 216 104 49 216 3800 52 3 326 6 56 49 500 82 18	0.00
23 37 39 6252 52 3792 1177 21 1082 405 12 139 4075 68 866 18	0 104 23 33 39 626 2805 26 3 314 12 2957 1082 112 6253 139 95 60 18	0.80
510 176 67 5420 21 3615 6254 729 68 2399 6255 18	176 42 67 2035 39 6220 6256 52 60 6034 330 6035 6257 174	0.00
148 6 42 67 81 82 18	148 112 70 1993 6 60 434 46 6258 18	1.40
148 112 598 39 447 6259 885 150 289 4836 216 46 98 6260 154	289 410 216 46 98 6260 18	3.20
85 2765 35 42 225 112 21 39 4948 106 18	0 1106 109 3174 414 1079 4920 18	1.60
115 37 35 133 91 129 544 30 1366 6261 26 39 1634 3571 18	60 37 35 133 178 771 245 270 26 3450 18	1.40
68 139 23 245 157 3713 18	236 115 37 3 748 12 115 18	1.80
67 243 281 12 115 6262 6263 4406 18	261 2715 12 3 5397 33 2192 37 5336 18	2.40
0 81 82 104 390 923 510 176 106 6264 68 77 56 0 104 49 65 6265 6266 12 77 18	0 81 82 104 390 6022 74 68 113 226 3 3430 30 55 6267 3278 47 1182 211 49 108 3 222 68 6268 129 3 6192 6269 18	3.40
23 33 45 70 4944 439 729 6270 68 55 115 18	56 81 82 99 70 4944 439 575 112 70 297 6271 515 2168 52 2464 18	2.20
0 6272 97 60 24 4344 109 18	30 87 2773 271 514 26 183 87 6273 293 18	0.00
3 6274 26 3064 3003 2404 6275 115 2691 363 6276 365 2780 2885 3121 32 24 46 39 326 26 3 3905 3374 18	34 3375 115 3 2477 3161 37 45 21 6277 12 6278 3905 3374 18	1.60
115 33 97 0 216 474 6279 18	23 275 552 448 6280 18	0.60
42 65 38 39 4739 6 115 1595 3904 68 1364 21 6281 6282 407 211 2782 698 245 6283 18	3 6284 115 1595 245 6285 68 1364 37 6286 331 18	2.60
23 33 45 90 87 37 6220 6 23 33 90 32 37 236 98 5324 30 236 1294 2983 583 21 271 6287 18	0 255 45 39 3560 12 6288 90 49 4198 236 98 596 0 81 82 512 293 18	0.00
1082 150 4264 937 6212 150 6213 6214 150 2810 3 2810 937 2076 37 198 3 2477 3161 33 6216 2559 18	95 3 135 6289 135 6137 226 3 3315 12 3 2477 3161 18	1.20
49 54 3903 623 297 382 519 2470 68 5289 3 491 6 6264 6 6290 6 3278 5375 30 2140 3042 1322 18	557 65 3 256 68 623 6291 63 155 6 133 81 82 65 68 628 6 30 32 33 1294 354 133 3712 24 628 18	0.60
3 299 2316 505 63 39 626 6292 6 6140	6293 2238 112 39 168 18	0.00
937 6294 372 33 35 2143 6295 504 95 154	937 6294 372 33 39 6296 18	2.40
181 79 68 92 139 226 178 18	181 61 28 88 68 618 293 6297 566 18	1.20
284 2211 3088 224 60 6298 5861 227 1336 174	284 2211 72 48 60 37 138 174 174	2.00
67 280 95 42 91 6299 6300 566 112 70 297 6271 18	48 133 434 523 2659 198 2957 6271 154	1.20
5946 56 42 50 67 153 1064 851 4720 519 5147 6301 3312 18	39 6302 738 26 850 37 270 68 986 6303 6301 3312 106 18	2.40
30 151 3327 6304 245 2966 68 475 6 6134 6305 109 52 39 6306 6 67 6307 6 115 650 6308 146 135 6309 135 867 2 3 1935 18	3 6101 30 3 6310 83 65 6311 3 326 211 49 6312 3 6313 30 6308 3275 6314 2 3 1935 18	2.20
56 3 1137 841 65 2011 3416 60 2558 5200 30 3618 214 186 23 6 4988 214 1814 174	56 3 6315 5200 37 2470 214 6316 30 21 661 6 6317 845 18	1.40
3 6318 2607 245 266 21 625 515 808 3 2760 497 0 59 463 9 1635 26 455 39 110 407 18	2798 2380 115 49 434 45 224 6319 808 3 2760 56 49 248 68 46 21 2424 515 8 3684 18	1.60
547 0 414 557 115 6320 35 2798 2323 18	6321 115 151 271 6322 4781 18	0.00
42 67 65 68 108 26 52 2848 327 30 342 112 3 304 30 23 2132 5423 109 1232 467	0 2992 270 109 52 4920 511 0 248 448 4920 52 178 3 219 2423 27 18	0.80
0 628 52 42 6 453 39 6323 326 34 18	547 42 6324 449 6325 68 80 293 6140	0.60
42 54 82 759 5623 112 392 49 500 82 266 467	547 49 176 452 514 109 12 392 566 18	0.00
3 1264 44 1035 374 1236 6326 6327 68 6328 5430 68 5431 3 5328 63 39 6329 5441 2155 6285 68 471 1177 141 2649 18	56 61 2884 779 690 374 1236 6326 6330 6331 39 1144 12 1145 68 463 1519 2917 691 372 8 6332 6333 6 511 6334 271 3339 6 3 2777 3117 176 318 6335 2423 39 6336 6 6337 1215 18	2.40
6207 105 181 6 340 216 0 5767 139 174	340 55 42 5767 2581 236 98 174	2.00
0 1785 2285 6 30 3 6338 2323 148 436 42 3356 82 71 133 3904 3 272 68 3 141 625 26 3 3667 511 296 3 2760 6 115 3356 82 117 289 6339 258 68 505 18	0 6340 214 21 3 6341 30 2323 115 227 3333 505 59 35 49 248 68 55 6 49 83 65 181 1780 515 474 161 30 23 83 65 448 266 3360 18	0.00
30 3 6342 142 1132 37 408 34 5152 112 214 174	30 35 55 42 72 6 6343 6344 293 3 250 18	0.00
133 55 65 39 6345 12 135 1151 135 21 60 1215 6 39 1946 61 18	3 6346 24 65 39 468 62 556 60 61 18	1.20
6347 6348 6349 198 6350 920 27 21 6351 6 811 6352 18	6081 330 44 330 736 6353 1069 39 757 12 1361 656 6354 21 6355 6 674 6352 18	0.60
0 450 151 0 2767 27 30 1106 68 6356 6 178 9 4920 6344 226 27 6357 520 18	60 2811 0 2767 1306 6 30 3352 226 604 18	2.00
650 275 3319 3 1712 45 523 68 6358 129 6359 56 87 37 34 177 22 2140 26 139 68 46 332 68 3547 2957 4894 18	55 42 104 3 1712 54 46 6360 68 2956 22 6361 39 5463 68 3 1990 3247 515 2346 22 68 3547 2957 3437 4894 18	1.60
176 42 356 115 48 39 1082 313 82 847 129 39 6362 363 1269 365 6 23 37 6363 3 6362 174	2211 583 2957 1082 37 45 3800 8 514 6 37 39 591 18	1.20
63 6364 2132 55 6 49 6365 4360 623 503 226 3 388 49 176 6 808 4360 6366 26 3 272 6 30 3 4328 6367 2070 18	6364 176 112 555 115 65 181 261 5485 261 489 39 6368 6369 6370 1322 275 52 39 6371 21 623 4642 18	1.30
236 245 60 6372 3 685 6 515 67 6373 6374 174	0 54 82 273 271 769 3310 3 3571 12 3 729 1126 26 1553 729 6140	0.00
48 3 1082 2205 2570 512 6 507 6375 109 21 60 683 515 45 6 23 24 6376 3 512 18	30 3 1079 1082 2197 4905 2698 68 3260 3 94 12 453 439 6 226 612 112 39 323 18	1.00
151 23 2155 808 191 192 39 6377 6 0 6378 1680 109 467	49 3356 82 3088 65 39 1939 3247 467	0.00
160 6379 2261 150 4821 68 6300 18	4856 83 46 112 6300 18	0.00
0 370 6007 87 245 3088 1114 467	23 2575 21 3 6229 517 18	0.00
4988 39 110 510 552 37 45 270 68 3547 289 12 60 329 18	236 4988 227 510 552 236 1273 407 63 405 6380 21 3 1355 37 485 377 30 6381 174	2.60
3 3278 625 281 6382 505 360 6 56 3 6383 115 6384 245 236 157 154	547 0 414 557 115 6320 35 2798 2323 18	0.00
30 115 313 2015 2297 4912 178 3 2876 511 65 6385 3 6386 2 650 2015 821 996 6387 18	30 115 245 4053 39 6388 112 505 68 77 9 219 129 3 6192 6269 12 9 6389 18	0.20
178 42 59 37 3335 70 522 6390 18	48 0 2721 42 6 0 228 46 6391 68 6392 70 6390 21 3003 18	3.20
0 216 6393 65 6394 35 0 245 300 356 6 56 42 597 3231 150 42 134 2927 186 2809 18	6395 60 37 6396 174 87 3356 82 300 55 182 90 49 2011 3618 214 186 3 247 174	2.00
23 33 45 3 2267 12 6397 3037 5136 6 56 3 383 12 3 6397 260 18	0 147 46 2264 68 93 3 6398 12 3 5397 151 49 2399 220 18	0.00
115 37 45 39 135 6039 6040 135 154	60 37 4724 6399 154	0.60
56 42 2323 70 6400 2721 6401 129 30 2657 68 6402 2344 18	48 42 59 6 42 400 82 46 5659 3 1057 6403 12 6404 12 6405 18	0.20
49 79 68 46 6406 30 6407 26 39 6408 5672 6 227 2891 27 6409 117 181 258 18	87 33 448 6410 112 3 4104 2559 4490 68 156 68 39 729 6411 729 854 226 3 2243 6412 27 73 6413 21 2223 18	0.80
1591 6414 65 164 3 3350 26 3 374 1236 2969 60 2559 198 192 330 1429 68 1415 330 1187 18	6415 65 164 3 3350 26 1402 6416 6417 3 141 374 1236 198 882 330 1429 68 194 330 1429 1023 39 6418 12 6419 18	2.40
6420 256 6 49 91 236 26 3186 52 115 154	42 104 49 91 6421 293 115 174	1.40
45 118 35 4007 42 91 172 112 6 236 0 147 55 39 2454 6422 12 596 18	151 0 65 485 62 363 2691 365 6 0 24 2235 3 5514 112 178 12 60 596 18	1.00
48 135 1127 2138 30 748 52 3 6249 511 6423 139 135 6 547 340 569 146 6089 6071 6424 112 3 2660 12 1413 510 18	0 3231 48 49 434 92 505 151 3 514 216 46 21 9 509 49 2323 115 245 45 138 18	0.00
236 49 6425 26 1103 1517 52 1240 95 708 115 6426 129 623 297 439 112 6427 6428 18	421 26 3 4264 949 6 115 4509 245 6429 6 78 39 432 12 2546 515 236 18	0.00
4947 6 0 603 87 54 0 2838 342 45 18	0 474 42 176 39 157 1130 6 0 2838 95 42 18	0.00
107 6 2581 284 45 55 178 115 23 54 68 6430 1634 4533 6 56 547 511 284 174	547 6 115 32 245 2766 6431 115 133 434 55 293 3 6432 6433 18	1.67
505 30 9 609 6434 6340 2423 395 758 56 6435 212 61 6436 18	779 6437 30 3100 1306 133 6438 920 30 3278 30 434 45 212 139 18	2.33
135 2083 135 182 37 39 281 12 39 791 112 214 18	0 104 6439 275 448 3 390 2183 30 6440 18	0.00
4189 48 6111 6112 97 68 3533 146 2857 6113 523 700 2682 12 6110 24 93 115 6089 409 18	0 224 23 42 59 45 3048 3 6441 6442 6443 2780 395 326 6 178 3 323 45 4031 35 2798 248 68 229 226 3 748 523 700 2682 12 6110 24 93 115 6089 409 18	2.67
30 49 419 619 82 46 6444 2211 68 575 112 5623 566 33 6445 3174 6446 18	30 32 24 45 46 289 6447 26 115 514 6448 6446 18	2.67
3 135 5824 135 510 176 452 293 459 82 502 1176 6036 4833 68 6449 800 18	23 33 507 515 45 1176 6036 54 3029 510 68 55 1141 18	2.17
6450 68 6451 6452 39 1616 330 6453 2594 12 3 6454 3281 18	510 79 68 579 6455 6 579 6456 30 6457 39 1617 1894 12 3 6454 3281 18	2.33
3 510 65 39 256 68 72 154 135	115 33 45 3 256 219 68 156 18	0.08
115 37 3 626 3781 3201 3137 135 1103 1517 18 135	115 33 3 529 30 3719 12 135 6458 135 154	1.50
81 82 108 505 1107 0 299 145 68 6459 56 48 60 2070 3 261 219 3790 0 216 46 6460 6 2798 245 67 95 6461 357 0 1366 65 6462 68 463 3 514 21 70 572 6 30 115 245 115 18	299 108 505 1107 453 45 115 0 299 6463 35 87 284 55 6 0 4053 55 30 155 117 214 2909 12 23 56 2344 87 597 6176 112 505 67 3006 23 154	1.50
30 0 104 390 4706 176 552 4126 139 115 219 106 18	233 6464 176 552 67 6465 26 3166 2566 18	0.67
30 49 6425 26 135 256 68 77 135 4856 115 6466 129 3 6364 18	0 65 9 297 1185 56 77 63 178 56 6467 129 467 68	0.83
3 6468 6469 12 3 141 676 6 1217 6470 18	271 5382 4997 245 3 6471 1251 6472 6473 21 2957 331 18	1.83
30 2950 6474 293 23 467	0 342 23 477 109 21 3 748 467	0.91
32 275 597 448 39 6362 21 60 634 115 4963 82 1082 6475 18	3 6476 37 39 2240 2042 12 39 1082 6475 6362 18	1.83
0 81 82 72 48 60 1305 112 510 4435 6 56 115 245 97 6477 1106 18	0 72 115 6176 42 6177 330 6178 6 56 115 33 3 219 23 37 18	1.50
63 39 6478 6 0 6479 178 227 6480 5758 30 0 24 6481 112 139 18 135	3 6482 380 198 6483 176 21 39 4738 12 3 6484 115 1909 6485 2118 30 3 6486 112 139 18	0.83
453 39 6487 6488 150 12 3 377 115 245 6489 6490 8 3 6491 18	623 6492 3037 6493 37 98 1022 30 3 6494 176 6495 8 3 1082 18	0.50
436 32 216 46 181 135 4682 135 6 173 216 2399 6496 112 320 6497 12 2570 123 90 32 216 46 181 6498 12 3 334 860 112 320 3167 2570 123 112 39 4682 18	61 598 5435 37 39 1229 4040 511 275 39 4682 37 859 112 2782 69 6289 515 3565 575 68 410 2235 39 51 68 102 112 115 4682 18	1.00
273 6 23 33 39 334 847 68 3141 30 6499 115 6402 6500 18	372 23 33 45 278 68 523 273 39 4529 226 6501 2460 18	0.33
16 6098 6502 2704 2721 1117 21 115 1089 18	21 811 1478 6 1951 2323 16 6098 1213 4040 2721 706 6 61 26 777 30 243 26 3424 18	2.67
39 4406 6503 6 6504 18	288 505 474 178 6505 18	0.00
181 6 3 6506 245 506 151 683 6120 6507 3426 6508 6 779 87 245 6509 12 6065 68 3 6510 18	6511 6 3 1226 245 6512 140 26 6 56 245 2991 63 2035 106 4455 18	0.00
6513 5383 26 60 6103 275 2323 39 157 2077 293 674 6514 18	3 6302 2594 37 115 3 22 30 4676 5969 23 109 21 3 974 12 6514 18	1.00
236 6 23 33 392 566 6 459 82 23 174	236 6 0 269 115 33 23 18	1.33
6515 1756 6516 6517 33 3425 3200 146 3254 21 505 18	3995 5977 6 135 112 6518 3 956 446 146 4263 6519 105 729 44 42 102 21 567 407 154 729	0.00
3 6520 176 5455 26 6521 983 12 3 938 6 6522 26 3053 983 30 3 6523 6524 26 1017 983 18	623 3776 12 3 938 275 2758 129 67 1429 551 30 49 65 1207 5387 18	1.17
181 219 49 216 2346 555 6525 68 46 6526 18	97 55 6527 6528 2399 135 6529 174 135	1.67
49 2721 2651 112 6171 18	49 65 448 6530 8 6134 30 330 515 6418 18	0.00
650 33 6049 286 176 6050 2043 2677 983 6 1373 87 275 38 3 3667 112 3 5017 2559 21 39 6051 18	225 226 97 161 183 2721 21 3107 30 49 2011 5152 112 243 1187 1503 12 2477 18	1.17
6531 6532 6533 3 452 2527 64 6534 18	340 81 82 42 113 583 4580 3 452 2527 115 117 42 474 157 174	1.00
49 212 160 110 6535 363 843 21 2454 365 2178 1634 6536 18	35 6537 37 115 3088 21 3 6538 6 26 3 2285 12 1555 6539 12 6536 6 485 6535 363 6540 21 2454 365 2178 1634 4533 4075 68 6541 489 6536 18	1.67
81 82 5767 70 4944 4706 18	81 82 46 6542 30 6543 18	1.17
3 523 351 3 1439 38 245 21 6544 68 986 3 937 3559 21 3011 112 182 287 12 6545 6546 30 6547 3 1442 987 115 300 216 65 164 1187 6548 109 12 3 987 18	363 6549 6550 1142 2076 6000 87 30 3 6551 6552 39 276 68 984 3 937 3559 30 211 3 6553 26 23 248 6467 6 6554 26 3 276 30 6555 68 5572 23 68 271 135 1309 4721 135 2198 3667 73 216 239 243 6556 6548 6557 68 3 6082 552 154 365	2.00
3 523 251 52 6558 3 861 26 60 61 37 115 49 2721 76 39 132 12 685 68 1359 18	3 861 6114 76 26 60 4935 463 3 132 12 375 6115 4876 21 623 6116 18	2.00
1232 6 115 33 39 157 551 18	73 0 104 37 39 157 158 18	2.33
2141 1385 3 6559 848 30 6560 176 318 1519 742 983 21 6561 18	5946 6 112 6562 6 436 3 6563 1066 176 238 6564 30 6078 18	0.00
3361 449 214 293 6565 30 87 2323 87 245 21 271 2970 758 18	3361 449 214 226 6566 87 6344 52 135 39 4948 135 255 0 172 68 98 68 46 1015 87 37 45 3100 1306 174	1.83
35 2070 68 387 6270 30 6567 174	23 33 3 5248 439 729 6270 68 3428 623 297 3838 18	1.83
6568 3 6569 5386 176 6570 21 6571 12 60 542 30 3 756 176 39 6572 6573 1035 3158 219 109 12 6574 52 390 12 3 4690 18	30 3 523 168 49 176 32 37 90 12 6575 1837 3176 6576 115 176 4349 21 6577 68 3 6575 6578 3176 6576 18	0.00
21 3 135 4147 135 789 12 3 256 926 6 23 33 2782 178 2521 515 178 6579 6119 18	60 37 97 3 510 26 3 256 372 3763 6119 18	1.67
56 6580 87 37 45 39 6192 6581 63 271 6389 37 300 146 4033 61 6 6582 21 3 22 142 87 34 6533 18	56 181 6 87 2118 63 48 87 449 39 6583 198 3 6584 30 6585 23 26 68 271 6586 95 87 245 5662 68 18	0.67
0 370 1358 6587 30 0 67 81 82 224 183 63 402 63 557 55 18	0 370 178 112 6455 56 0 104 115 60 245 28 39 2665 106 237 18	0.00
0 249 6588 23 1519 68 5201 6 6072 30 5084 18	0 3356 82 74 68 93 30 3800 6589 18	0.00
49 176 3135 3 158 115 6590 275 3 256 68 6591 115 146 6592 124 1366 1180 39 1213 467 3088	623 3776 12 3 938 275 2758 129 67 1429 551 30 49 65 1207 5387 18	0.00
3024 6 181 261 596 216 46 76 18	32 33 1681 21 832 6 106 6 0 393 18	0.00
0 81 82 3712 209 68 6121 182 360 63 2035 261 489 23 37 18	0 81 82 79 68 263 2168 112 4188 6 52 1885 2629 49 2721 6593 18	1.83
115 2323 6 0 216 1197 544 3 6555 317 12 2382 8 6594 372 68 1766 3 3311 30 2638 12 3 6595 5289 4856 18	62 30 2344 133 273 115 32 37 61 506 12 4856 112 3 64 5808 6 30 39 6596 2110 506 112 3 6597 18	1.33
115 37 169 35 2070 105 181 6 23 459 82 6 359 42 393 115 3 3923 6598 12 1119 12 1709 12 510 54 46 2159 360 90 12 623 6599 18	56 453 39 2110 358 178 3461 68 229 115 227 510 176 45 6600 3 256 68 3088 102 21 3 445 150 3 634 12 623 6599 18	2.17
4419 6 32 33 181 79 68 6601 515 6418 18	6602 37 39 491 6603 12 6550 18	0.00
6604 6605 6606 35 33 39 625 68 55 174	6607 35 3 6608 55 0 55 174	4.17
1217 26 12 3 390 496 183 39 625 54 2659 21 2848 37 45 68 117 5533 30 2057 45 68 93 68 98 186 61 33 297 6609 12 35 2070 21 2101 3180 421 26 623 387 6610 18	133 176 178 2110 133 3334 198 2110 6611 30 133 178 2949 183 421 26 2110 6609 233 2408 421 30 233 6612 8 387 6610 18	2.50
176 42 236 6613 68 1978 6614 115 42 65 68 117 60 6615 6068 2297 129 174	181 61 2022 68 65 4159 293 60 1373 18	0.00
6531 115 1366 28 6616 360 3 6617 511 3884 6618 26 97 3 6364 6619 3 6620 3861 18	1232 115 3464 61 485 6548 12 2477 33 4303 68 3 3064 937 18	0.50
23 33 626 502 105 108 3 6621 109 12 6622 33 3726 30 113 6474 293 3 1165 18	0 2840 68 128 68 3 396 26 3 6255 306 56 87 245 28 6077 18	0.00
842 360 3 6623 6 30 6550 4526 82 578 236 98 112 3 2433 12 22 18	0 370 6624 6 30 6625 313 82 618 293 23 98 56 87 33 6626 106 18	0.00
181 135 4682 135 170 181 1210 1298 2 991 1244 6627 3 6628 4682 54 6459 503 226 3 324 6629 4092 48 344 547 623 297 18	6630 181 135 4682 135 170 181 2450 39 1210 1298 142 39 4682 54 547 6631 623 4682 112 6632 4508 18	2.83
0 5767 6633 3092 18	6634 74 68 93 30 3800 6140	0.00
23 188 95 15 62 0 117 289 3369 52 514 87 275 39 4948 617 214 68 45 46 39 1294 135 6635 135 18	56 6636 37 39 160 6637 51 30 183 115 57 46 2471 21 61 3207 57 45 46 2471 21 243 18	0.00
6081 330 44 330 736 6353 1069 39 757 12 1361 656 6354 21 6355 6 674 6352 18	6347 6638 1069 396 12 6639 6640 12 6641 33 2832 6642 18	0.50
30 35 33 6643 2656 37 90 12 35 2070 6 6644 6 135 6645 135 18	6646 6647 68 214 90 87 33 598 39 6648 1616 6649 18	0.83
65 289 12 42 446 39 6650 3176 68 189 39 758 6 547 2718 39 94 12 6651 6652 2617 356 42 147 1822 39 6166 8 6652 174	48 42 65 446 3 6650 3176 6 30 547 6653 1374 3 6651 31 6 0 228 46 6654 68 3048 293 23 154	3.67
23 446 68 67 229 609 105 6655 63 3 2296 62 23 245 2960 30 5623 566 33 6656 18	3 1151 508 37 39 6657 30 133 178 72 23 18	0.00
0 249 2323 35 0 249 2323 6 30 48 42 65 6658 2168 0 50 410 42 6140	0 65 45 93 35 2798 2323 4580 60 257 3409 55 0 512 35 2798 2323 18	0.67
181 634 37 553 6 56 60 634 37 237 30 4097 167 489 289 261 26 4746 18	2957 634 37 5662 68 46 39 1215 12 4856 30 45 14 6 256 174	1.33
23 37 151 3 3720 1661 129 68 6659 380 3 6660 388 6 1310 21 3 2951 12 60 4757 150 78 3 6661 12 405 510 6316 2656 150 115 2689 4108 113 68 1206 3721 30 4883 6 3977 302 18	56 151 3 3720 1661 129 68 3 6662 388 6 1310 21 3 140 314 12 3 1115 2418 12 3 4757 6 227 4108 24 2399 2983 18	3.00
23 44 46 115 6663 88 68 2287 973 1141 211 23 6664 18	0 269 60 37 39 2296 6665 112 410 30 6666 6 211 0 55 392 6104 18	0.33
3 523 144 6667 176 135 151 135 30 135 97 161 135 18	12 2486 45 56 3 132 37 4883 6417 45 24 831 738 56 151 30 97 18	2.33
42 54 4519 68 3 797 18	42 54 93 293 3 517 2043 18	0.50
284 60 1574 42 174	284 60 159 95 3 6668 5097 18	1.33
135 0 1216 70 973 1794 68 6669 70 6670 2704 68 55 183 49 81 82 74 68 55 18 135	63 6671 63 23 159 6 0 216 6672 1794 12 2401 1342 109 26 60 2408 30 60 4425 18	1.83
60 37 6673 6 37 23 45 174 6	60 37 45 6674 2223 18	0.83
6675 181 79 68 6676 60 6677 6678 18	181 79 68 92 139 226 178 18	1.67
60 459 82 67 146 1137 251 6 60 37 3 5535 251 18	68 229 115 23 33 178 2581 33 6679 37 45 2245 18	2.67
284 2211 566 212 60 68 46 39 1294 98 68 393 174	2211 566 474 95 60 174	1.67
56 0 318 6680 3 6681 1256 112 3 560 168 6682 463 2472 18	0 4537 115 37 61 12 3 473 0 273 60 2558 3985 6683 130 63 236 6684 18	0.00
52 6685 150 735 2460 363 56 9 375 245 39 6686 30 2798 2840 68 273 505 2648 489 4488 365 9 3529 6687 245 2957 6118 6688 18	0 449 39 22 52 6685 226 6689 2460 112 6690 4508 30 48 0 216 12 448 485 2101 26 60 4993 6 133 400 82 12 248 61 18	1.67
23 33 39 166 6691 4663 6 67 95 555 115 6672 115 5201 515 6692 38 505 55 23 18	23 37 39 166 6693 3778 12 3 407 6 6694 6 115 183 65 6695 236 161 18	0.67
357 2344 6 112 6696 9 261 551 323 42 91 6697 68 6672 52 505 30 6698 505 18	357 112 6696 9 551 293 42 2035 146 6699 6700 106 6264 68 104 30 2025 6701 198 329 18	2.83
42 81 82 108 5623 68 474 167 8 617 139 115 49 474 167 6 42 108 139 68 474 167 8 6702 139 608 109 35 33 1107 18	0 370 118 70 1157 176 6703 293 42 30 0 370 118 49 228 6463 42 617 139 97 42 91 2629 6 633 489 139 6704 90 49 91 4126 623 6705 2567 18	1.50
81 82 510 3712 2659 174	133 81 82 65 39 6356 949 174	0.00
236 6 0 269 115 33 23 18	5861 6 23 33 2471 18	1.17
0 5787 42 6706 104 6300 21 233 3569 12 1167 2670 37 3 6707 18	0 104 6300 6708 95 42 226 574 21 623 1834 6140	0.00
30 35 275 6709 6710 4087 68 1137 2848 174	0 4990 68 6672 6709 6710 26 60 515 289 261 6103 18	2.00
34 3231 293 301 146 6711 544 214 49 2498 505 3 2076 112 6712 1241 68 108 410 52 3077 61 18	0 2323 368 54 2798 145 505 623 2076 30 2798 2323 2798 216 463 505 26 569 18	0.83
87 753 42 6 6365 68 65 39 639 52 42 30 5949 42 6080 18	49 6713 6005 289 4256 1466 515 1466 12 289 377 52 2470 68 2235 6445 226 181 3565 578 18	0.50
49 2498 3534 2590 178 115 6714 3543 18	49 176 1318 260 63 39 6715 4674 18	0.33
6716 6717 143 12 22 18	30 12 2486 3 6718 1612 18	0.00
48 510 79 410 6 67 2355 6719 30 2243 5395 6720 4008 82 3713 30 67 334 6300 566 68 575 112 23 6 35 33 3 291 174	48 6721 65 39 6722 4923 543 6 95 6723 6 515 1119 515 1709 65 39 4592 6724 543 6 35 33 3 291 174	0.60
1318 21 3 22 37 67 314 12 6725 2848 21 3 22 18	23 525 505 67 63 157 39 168 597 68 317 193 18	0.00
3 485 23 504 95 1218 6726 21 5189 1174 6 3 513 42 24 3048 12 60 517 18	3 5386 12 60 1215 2621 21 5201 30 2621 115 87 24 3846 26 22 18	0.00
0 229 3 62 68 6727 3 850 543 37 552 18	0 28 74 60 6728 30 45 118 35 566 0 54 55 18	0.60
4594 176 23 24 122 485 68 3 2951 808 62 18	6729 63 42 6730 5048 6 56 3704 112 3 769 12 3 6731 37 808 3 1031 18	0.00
56 151 49 176 12 39 4256 515 973 383 23 33 45 1082 33 1185 18	112 139 6 3 6732 515 2406 12 23 245 45 3 132 18	1.40
42 72 97 0 216 474 6279 48 0 245 39 6733 1622 174	115 33 97 0 216 474 6279 18	1.60
49 176 45 38 129 12 3 6734 6735 6736 6 6356 1750 515 6737 6738 21 6144 30 6739 3042 6740 515 6741 6406 71 6742 18	49 216 6743 178 12 623 956 6 817 30 261 6744 30 133 216 335 623 1306 915 6745 18	0.60
49 102 21 1945 30 83 6746 2641 154	35 284 4360 1945 2641 3088 3128 174	1.90
2798 547 2323 2798 434 45 145 505 623 2076 18	48 115 37 45 39 5189 38 1130 0 65 597 4404 12 61 18	0.00
0 273 6 133 249 1393 3 3071 12 943 90 3 261 245 6747 174	0 597 2380 115 3 6748 12 35 6749 245 226 3 4616 12 3029 12 6294 18	0.60
289 215 216 46 485 489 4456 18	0 216 302 115 39 110 485 489 135 5383 135 6273 18	0.80
2141 9 3543 3834 37 167 52 139 547 519 436 3 6750 339 485 489 4401 3 3178 26 139 6751 467	30 3 523 168 49 176 32 37 90 12 6575 1837 3176 6576 115 176 4349 21 6577 68 3 6575 6578 3176 6576 18	1.20
284 60 159 95 3 6668 5097 18	236 35 284 60 65 68 55 52 6439 174	0.40
510 511 176 3 6752 68 1311 3 6753 18	6207 105 90 49 176 6208 6 6209 4341 396 6210 18	0.00
49 3904 129 3711 244 6 157 3118 6 3118 115 81 82 984 6754 26 2211 18	3408 1082 3409 510 83 6755 623 2112 26 2211 18	0.50
32 176 237 485 496 1176 30 6756 473 112 1229 6757 515 1176 1313 18	3 2471 5537 24 46 3118 115 4941 3 5195 12 6758 1503 12 1176 3795 18	0.60
359 42 2726 68 104 115 1794 12 6071 6028 3927 1958 18	3 6186 1076 3356 82 6759 6760 3 6761 12 6071 21 6762 18	1.40
6763 275 45 76 4952 21 115 2296 885 6 6764 18	60 245 39 447 30 6765 5122 115 6766 2643 609 1503 18	0.00
3 510 275 513 1956 109 12 623 6767 56 3 1082 318 449 453 6768 18	133 74 39 495 6 3017 30 5250 69 30 390 6769 6 112 3 1082 68 102 78 23 33 170 18	1.40
2691 37 3 1144 12 3 3042 30 650 24 46 452 293 3 5147 6082 133 65 18	49 579 452 293 3 5147 6082 21 3 650 6083 18	2.60
2141 6 8 115 250 6770 6 23 37 6771 68 6772 3 4536 2109 112 39 110 12 3 6773 18	142 23 1305 1107 21 319 37 151 49 263 39 883 1082 68 2549 3 6774 18	0.40
133 2009 115 68 2957 6775 151 49 3602 52 22 236 49 223 3 2152 12 155 2035 6776 6140 68	63 3 523 946 21 3 3023 6 0 3282 340 3 132 245 2035 3231 18	0.00
23 33 4455 115 42 2847 70 3243 30 74 35 33 304 18	181 23 33 67 115 510 95 42 54 82 46 6777 18	0.60
112 3 2256 543 6 48 42 176 270 68 224 115 4084 6 547 37 6778 146 5196 6779 330 2917 6071 174	176 42 6780 68 6781 2037 115 6778 37 39 6782 6071 174	3.80
6000 2967 3 2978 55 523 3 3303 5955 3 304 5339 174	6783 6 1393 3 2978 6 2476 35 49 65 448 6784 68 393 4391 467	0.60
2798 33 26 4271 372 56 5531 82 296 63 68 507 515 45 2798 6785 178 12 6483 6 30 507 515 45 2798 74 33 2957 1215 33 4856 68 2212 178 12 6483 18	81 82 42 2212 6 30 74 2957 4856 68 2212 178 12 6483 174	2.80
49 223 115 115 32 176 405 261 2157 68 46 2045 363 4606 18	30 178 68 110 223 6 2037 2766 24 46 266 68 1764 3 6786 18	0.80
48 49 65 38 1920 52 623 575 6 547 32 37 181 168 42 83 45 46 226 1920 52 623 575 63 64 18	3 943 37 507 515 45 39 1079 1256 83 46 6787 226 115 160 3524 18	0.00
233 511 1106 68 1126 3356 82 74 68 156 6 56 6788 49 434 45 6789 18	233 2725 68 156 90 49 3356 82 74 68 46 706 18	2.80
30 67 568 2812 42 273 35 49 65 68 229 293 3 1185 12 1634 4533 6790 6758 1503 198 552 18	55 3 424 6 30 133 299 65 68 80 293 227 6791 6792 3 1355 12 2957 4974 18	0.80
140 21 2957 6793 2798 6794 395 977 245 21 6159 467 0	1374 70 562 150 32 245 181 6289 6137 18	0.00
23 216 224 6539 112 850 68 4164 3713 1368 68 28 6795 831 30 49 597 24 6796 18	23 280 95 42 176 270 68 65 39 28 6077 2685 519 270 68 77 6796 467 30	0.00
90 49 91 45 6797 6798 1793 6799 18	90 87 459 82 39 757 6 87 37 39 6800 6801 30 657 18	0.80
104 23 33 270 68 546 115 219 52 513 841 174	37 32 289 219 115 54 46 6802 174	0.60
3 1082 3356 82 65 289 130 68 55 52 23 18	2782 1082 275 68 6803 6804 6748 515 23 313 82 150 584 61 18	0.60
683 6120 449 39 6805 21 3 6806 886 18	115 245 34 293 39 6807 272 6 12 2486 18	1.40
23 33 507 515 45 1176 6036 54 3029 510 68 55 1141 18	3 135 5824 135 510 176 452 293 459 82 502 1176 6036 4833 68 6449 800 18	1.60
133 4194 68 65 1207 2667 12 3 2080 12 3 2558 130 467 37	87 245 3 375 1443 12 3 758 21 331 68 46 6808 18	0.00
4518 12 554 6 2798 24 108 2423 60 6809 154	34 6 5984 3 2558 130 37 39 6810 6140	0.20
0 228 2847 68 687 3979 271 2521 6 56 0 81 82 72 97 157 0 228 46 26 39 2404 1367 18	357 112 583 12 505 6 56 0 81 82 65 3 4954 68 1978 26 271 1367 18	2.00
329 6 12 2486 6 1625 18	4724 1103 12 2486 18	0.00
68 302 115 6811 176 45 3327 4075 68 6812 2157 1716 1040 6813 6814 68 46 3 353 12 6815 2157 6 73 434 523 3128 115 6811 176 6816 18	68 302 115 991 30 996 5885 176 6815 68 6811 37 68 302 115 32 37 39 2409 6817 115 288 6811 6816 18	3.20
0 628 52 42 293 729 4964 293 2035 2110 729 6 35 55 42 5631 63 6818 291 174	0 628 52 42 6 6819 6820 6 30 236 55 390 5333 4814 0 65 93 18	1.80
3 1819 2863 3425 6 6821 6822 6 3 6823 2570 3425 6824 6825 6 30 3 757 12 3 6826 6 6827 6828 6 176 178 226 194 330 1429 18	3 2901 3425 6 6829 6830 6 37 226 6758 330 1429 6 323 3 1178 3425 6 6831 6832 6 30 3 6833 30 6834 5393 3425 6 6835 6836 176 2677 330 1429 18	2.60
81 82 42 2212 6 30 74 2957 4856 68 2212 178 12 6483 174	2798 33 26 4271 372 56 5531 82 296 63 68 507 515 45 2798 6785 178 12 6483 6 30 507 515 45 2798 74 33 2957 1215 33 4856 68 2212 178 12 6483 18	3.00
21 2408 6 2778 6134 24 92 42 3 560 2618 12 35 42 176 6837 18	209 6838 52 3 6839 2331 12 70 6840 583 18	0.70
2033 3 79 112 2570 512 123 6841 467 3	37 70 2570 512 6842 174	1.20
30 12 2486 23 45 3712 623 6679 6 63 23 33 552 6134 1270 6 3 6843 6 6844 6844 6844 18	552 12 2486 453 6845 6679 56 623 297 18	3.40
42 54 4739 23 33 4406 178 42 74 6 56 6839 176 6839 18	42 6846 372 35 42 4739 68 46 6839 18	1.60
390 6847 55 45 5767 5894 33 6 49 5767 3 6848 18	56 63 39 6478 6 0 393 35 5201 33 2077 3272 505 18	1.60
515 95 1515 3141 6 511 65 39 6849 18	2471 1515 523 6305 198 6850 6851 6852 18	0.80
0 4182 21 9 537 115 23 6788 95 0 248 39 6853 6854 26 9 396 18	0 4182 115 23 6788 95 5623 6855 39 6856 6857 26 3 2285 12 9 396 95 23 245 39 6858 5716 18	2.00
0 81 82 300 145 16 6859 35 3905 3374 284 112 515 544 3 1165 18	3 158 12 3792 6860 68 3905 3374 37 39 157 61 150 112 6861 68 6862 52 139 18	2.00
3 6186 1076 3356 82 6759 6760 3 6761 12 6071 21 6762 18	21 60 517 23 37 3 1794 12 2401 4849 3 1794 12 6071 18	1.60
3 3303 81 82 79 6863 6 49 54 189 623 297 5248 992 226 289 2598 467 236	3 3327 81 82 79 6863 68 1677 2035 6864 6 49 597 2721 6864 8 623 3659 6 49 65 6865 18	2.20
97 24 6520 725 68 3 1466 174	56 6866 4526 82 4006 227 1466 18	2.40
2874 330 1306 6867 6868 6869 6870 467	49 3356 82 3088 65 39 1939 3247 467	0.00
39 6871 2042 37 97 39 666 653 1247 39 6872 421 26 135 3064 1244 18 135	2326 271 1303 87 6873 3 22 112 3 380 1127 30 3 517 245 6874 112 135 3064 1244 473 18 135	2.20
9 6705 753 3 261 1130 30 6344 52 214 734 87 4781 18	9 6875 2343 39 6876 867 30 34 6877 18	1.00
2957 1151 508 37 460 68 3 2631 6 236 35 176 133 270 68 55 293 23 174	55 42 104 2798 67 1015 42 45 68 6878 90 42 67 248 39 4981 45 68 447 2461 174	0.00
60 275 448 236 6734 112 22 115 0 54 2592 395 1306 30 45 1393 395 2344 6879 705 105 1426 515 843 30 395 4960 37 318 6880 21 56 45 587 226 178 18	5749 133 584 395 129 198 178 56 61 12 3 6255 6 395 4322 84 2798 245 2960 226 1187 105 6881 30 151 0 1393 395 2344 226 705 105 1426 515 843 395 4960 37 368 18	3.00
21 2286 6882 6 3 6883 4067 68 579 3 6884 26 5003 90 49 1833 685 403 18	21 623 2594 6 32 37 39 291 1856 146 6885 30 39 2632 701 625 18	1.60
6302 834 44 45 3088 46 332 68 772 233 12 3 6886 480 2782 18	4397 42 91 4724 6699 63 68 3 117 129 12 3 510 3142 21 3 691 18	0.20
236 48 3 861 245 21 2408 6784 6887 6 4594 176 49 24 45 1206 68 3 2245 6888 18	3 861 37 68 46 6784 63 68 3 685 68 46 3055 68 3 6839 49 1359 6 45 3 261 219 1064 18	3.40
56 2957 1700 2323 135 4947 181 6 23 245 146 1529 135 18	23 245 2957 854 6 97 133 2840 30 23 245 3488 18	0.00
107 6 32 176 405 2265 115 285 1518 6 30 2661 68 2009 23 2423 61 124 37 45 5522 18	34 6 32 176 6889 115 227 1635 176 198 1742 511 523 74 68 3428 623 297 6890 6891 18	0.20
30 234 49 55 6892 623 6893 18	0 24 55 236 52 9 3243 60 2559 467	0.00
515 284 2211 72 289 219 0 434 410 23 174	275 2211 4404 293 60 174	1.00
3 676 33 5991 6322 245 6894 6 30 650 2513 6112 214 18	3 1151 508 37 39 6657 30 133 178 72 23 18	0.00
23 525 505 67 63 157 39 168 597 68 317 193 18	67 97 157 39 5672 37 1959 112 6895 174	0.00
0 28 299 72 35 68 55 467	0 81 82 28 72 35 37 129 56 0 370 5577 6896 293 23 18	2.20
3 2477 3161 463 139 2285 21 18	49 3356 82 108 23 6 56 49 3231 112 23 18	0.00
734 16 1336 2461 6 0 3356 82 72 49 300 38 5084 112 4974 363 30 0 370 45 452 293 6897 5084 365 18	4639 1880 55 42 65 1564 26 97 3 123 3861 37 6898 112 515 4200 293 6899 174	0.00
300 6 23 33 510 511 3533 3 6753 436 45 3713 176 2035 38 68 263 146 6900 4271 18	12 2486 6 510 511 77 52 6106 4285 72 115 151 3 3128 3118 2950 2035 3128 6 769 37 6901 1064 3 6902 18	0.00
0 72 49 176 45 6903 30 0 67 6904 223 154	183 176 236 277 30 6905 18	0.00
133 83 113 39 5773 12 227 6906 428 150 365 18	133 83 65 6907 112 214 18	0.40
340 3356 82 133 3712 3048 293 23 2780 3 2477 6083 151 2780 271 6083 3 3064 937 245 485 489 6084 174	56 49 597 3375 3 6908 12 3 3064 937 2 3 2477 6083 18	4.60
6909 6910 6911 18	115 313 82 117 289 258 18	4.40
304 6912 6 107 87 248 146 6913 18	329 37 6 0 245 32 211 30 6914 2344 18	0.00
6915 6 115 33 34 160 2471 18	372 33 39 3667 12 4023 112 42 68 6916 18	0.00
0 299 223 142 9 1700 514 1305 154	0 400 82 987 6436 1774 6917 26 23 4448 154	0.80
87 67 5863 108 23 18	87 318 5531 82 68 60 854 18	2.40
3 666 1082 33 297 5945 2676 30 3 3529 1054 12 3 6289 30 261 3249 1562 6918 289 5736 4268 6919 109 8 3 2767 6 3 946 758 515 6920 18	6921 6922 30 3 666 1082 112 39 2406 12 6169 30 6923 21 623 5728 6924 1707 30 38 39 6665 68 3 1082 68 2346 3 39 6925 68 3449 3 6926 2832 18	0.40
21 4303 68 60 49 6927 68 3 6928 6929 12 6778 73 6930 2125 139 68 850 18	21 4303 68 227 601 6 6931 2705 1413 6932 68 3 1646 4469 6346 12 652 6 30 6933 6932 68 3 1646 4469 6934 6346 18	0.60
32 37 236 98 1107 30 42 81 82 4194 68 223 35 33 1107 18	55 42 3088 223 35 6935 245 6936 174	2.20
23 627 115 3 1793 5531 82 76 214 3 250 6937 3 6070 2574 275 6695 18	3 251 37 115 60 1130 245 2917 30 2306 505 1984 505 30 4435 5939 505 18	0.60
45 28 6 390 12 3 1207 6938 800 1106 68 3 6939 18	32 188 181 342 21 227 2627 18	0.60
3 383 245 236 6010 467	6940 6 236 405 6010 6941 467	0.00
6942 519 6943 18	3409 24 49 46 3 2296 18	0.00
23 33 28 157 6 30 427 6944 21 4577 18	49 4578 642 112 427 6945 2285 547 18	0.00
3450 6 0 3468 60 129 68 3 3636 30 2798 6946 68 6947 6948 60 245 293 1429 2649 2461 18	547 0 216 85 3 3636 68 279 115 6947 0 921 395 4960 2344 4318 68 3 748 12 3 854 18	1.40
60 5371 409 198 3 537 6949 6950 1564 2268 115 1750 511 3256 21 3 3147 31 59 45 6951 167 489 623 3003 27 4228 18	236 226 612 421 26 3 220 1564 6 23 2022 115 3147 6952 176 3408 3260 3 1514 12 31 6953 3409 3260 3 3388 12 3 3003 27 4135 18	3.80
3409 65 0 1805 289 2382 115 555 511 176 3305 52 3 3137 2874 2093 1256 2721 21 3450 3305 52 3 6954 12 1415 330 742 18	0 55 45 6955 2211 6956 115 555 3201 3 2874 2093 1256 2721 68 46 1265 6424 112 1415 330 742 18	3.40
245 23 63 6957 112 139 63 0 370 6958 174	63 68 35 2070 68 623 1200 5985 18	0.60
0 1106 68 273 243 3391 4948 2296 1786 511 0 72 275 39 130 112 505 6 30 87 3352 5615 26 505 30 0 2956 214 65 1062 52 505 6 734 0 6959 0 5272 82 55 23 30 2992 30 38 214 224 505 1306 18	56 112 233 168 60 2885 151 0 245 172 48 87 248 5019 6 30 35 49 59 6960 0 3231 48 23 245 146 178 6961 515 67 39 6962 30 0 83 45 65 3231 6963 87 1015 505 178 6961 30 0 67 6964 1519 6965 18	1.60
42 249 461 109 70 853 4803 12 5602 6966 60 2884 18	42 249 461 109 3 6133 26 70 6046 3922 18	1.80
1563 21 146 6967 3023 6 0 6968 68 3 2482 63 9 86 6969 52 5623 18	63 3 523 946 21 3 3023 6 0 3282 340 3 132 245 2035 3231 18	1.40
511 21 3 1793 33 448 270 135 6970 135 30 97 59 49 55 23 174	340 275 181 61 1206 2472 68 6781 3 6119 174	1.60
690 6971 6972 542 116 1154 436 6081 6973 736 1457 363 6974 365 6975 690 6976 744 511 1216 6823 374 1236 6971 6977 542 68 1404 21 6978 2656 21 35 6979 229 24 46 3 116 1154 436 3 709 6980 6973 8 3 3158 21 6081 18	6971 135 783 2520 135 6981 2344 21 6978 6978 6 6081 194 363 4017 365 150 293 6982 6972 12 6983 6823 374 1236 6971 6977 6984 21 6978 26 3424 112 623 375 1154 21 3 1417 436 2917 2590 1284 16 2460 2461 18	2.80
151 42 1358 70 348 746 6 30 32 37 523 6985 18	42 249 461 109 3 6133 26 70 6046 3922 18	2.00
340 5531 82 3 22 1082 266 115 363 48 3 6913 37 6986 6 6987 37 6140 365	0 104 23 33 39 626 2805 26 3 314 12 2957 1082 112 6253 139 95 60 18	1.60
3 2077 747 515 6795 245 597 2554 2547 8 650 18	49 414 3 698 211 49 414 3 867 18	0.00
3 4156 12 3 6988 12 6989 30 6990 12 3 974 3352 21 6871 407 30 21 2830 1325 6991 2627 18	3 1838 12 3 789 79 68 108 3461 30 2138 6992 39 6303 542 68 2950 1634 4533 18	0.20
6993 6994 6321 271 6322 33 6995 12 16 1410 21 3 6996 363 3848 365 18	6994 6321 16 2122 6997 1410 30 5688 139 186 39 1634 1793 6998 18	3.80
6999 6 42 44 46 256 150 226 612 21 314 18	3 251 37 6 42 176 270 779 510 67 95 42 18	0.40
1424 2015 821 3369 37 2384 68 7000 1383 6 73 275 7001 115 3 683 6 48 7002 6 216 5861 285 7003 1966 18	3 7004 7005 275 7006 1383 6 73 275 7007 1313 48 7004 676 2873 2870 681 3 683 18	3.00
1507 7008 176 1858 920 7009 7010 30 7011 18	0 54 3048 3 7010 21 70 262 18	0.60
37 70 2570 512 6842 174	37 32 289 7012 3467 174	0.60
133 176 3 1306 12 7013 7014 115 523 3 135 7015 7016 135 12 3 789 54 218 18	151 133 2721 3333 6 211 9 7017 449 146 4503 272 6 87 59 7018 7019 18	0.00
115 7020 6798 1793 597 1305 779 7021 154 154 154	115 37 35 6018 37 293 6 779 178 18	0.60
7022 139 68 506 129 2981 6 98 95 49 59 21 1478 68 7023 1063 7024 3 789 174	133 65 1678 1709 12 1834 21 1255 30 1478 30 35 65 133 7025 174	0.80
3 650 3161 174	3 7026 245 5968 8 3 650 3161 18	1.60
