97 293 233 9025 198 626 2570 2995 174	34 6 511 33 68 229 32 4008 82 9025 198 135 626 135 2570 2995 26 32 174	3
135 547 3 815 245 2758 18	547 3 815 3334 2285 18	0.8
3 251 37 5676 489 115 18	3 251 37 502 18	3.8
1616 9026 3122 18	7312 3122 18	1
236 6 0 255 9027 6 112 552 6 172 42 3 132 105 135 142 729 821 3 9028 135 174	0 255 3883 26 68 85 42 3 132 105 135 142 729 821 3 9029 135 174	0.4
156 608 42 91 172 505 68 1766 39 1616 174	42 91 172 505 68 1766 39 1616 174	4.6
0 255 1232 52 4923 317 154	0 255 1232 52 4923 317 154 154	5
3 1518 112 361 42 79 65 2758 129 4075 68 9030 18	3 1518 12 361 42 297 4798 7733 65 2758 1519 18	2
1126 21 3 2951 1556 18	39 1126 21 3 2951 1556 18	5
2379 4159 8 9031 97 245 23 9032 174	2379 4159 8 9033 0 145 129 18	0.6
4189 39 51 115 33 983 946 30 983 1040 18	4189 39 51 52 983 14 30 983 1156 18	1
32 33 181 354 12 39 3017 845 18	32 37 181 354 226 39 3017 845 18	5
9034 37 160 2110 489 9035 18	9034 37 45 9035 18	3.6
133 21 754 104 9036 68 4706 18	2379 4159 8 9033 133 21 754 104 9036 68 4706 18	4
48 42 71 107 68 30 181 68 42 176 136 8868 18	48 42 71 181 68 56 107 68 547 42 176 136 8868 18	3.1
3 2558 4746 9037 9038 3713 2563 112 3169 510 18	511 284 23 552 523 2609 3713 112 3169 174	2.2
9039 87 248 3685 9040 112 3 62 18	3685 9040 112 3 62 6 9041 174	3.2
9042 6 9043 6 97 33 183 21 5678 174	6068 6068 9044 7789 6068 6068 9042 6 9043 6 97 33 183 21 5678 174	4.4
56 21 3 1270 9045 0 65 1805 49 59 1142 214 946 18	56 23 188 23 216 65 513 135 1314 135 48 49 3356 82 1142 214 946 18	2.2
2148 68 3 9046 30 1218 6 87 59 18	2148 68 1218 87 59 18	2.4
9 1700 65 1015 505 23 37 161 112 42 18	9 6255 65 1015 505 23 37 161 112 42 18	2.8
9047 37 39 9048 385 112 3 9049 18	2379 4159 8 9050 1444 9047 37 39 9048 385 112 3 9049 18	4.6
0 6680 3 769 860 18	60 37 340 0 1216 3 769 860 18	1
64 6 4969 6 42 176 552 18	64 6 4969 6 42 91 2909 12 23 552 18	2.2
49 2609 2766 0 54 3353 6 3588 6 102 21 18	104 293 178 3 183 42 54 82 135 3353 6 3588 6 515 102 21 135 18	2.2
9051 7105 9052 9053 18	7105 9052 9053 6 4478 9054 18	3.8
510 9055 3 4856 18	510 9056 3 4856 18	2.8
9057 6 0 2837 3 250 130 293 233 424 18	30 372 0 2837 0 6112 505 233 424 18	2.2
0 65 1503 12 135 9058 9058 135 656 0 317 4624 106 18	0 65 1503 12 135 9058 9058 135 656 9059 9060 154	2.6
0 81 82 9061 515 9062 361 52 135 42 5767 9063 18 135	42 83 2950 9064 515 9065 361 52 42 5767 9063 18	3
0 208 65 3231 395 48 2798 37 129 112 39 9066 18	0 208 65 226 612 3231 48 39 9067 245 109 12 3 132 18	4.8
23 318 288 181 258 18	23 33 42 511 288 181 258 18	1.4
485 2432 7465 18	485 2432 822 18	1.2
1221 2323 6 135 340 176 42 1023 505 174 135	1218 9068 6 135 35 176 42 2794 372 174 135	0.8
497 957 9069 3433 198 9070 30 9071 176 523 9072 330	4392 9073 9069 3433 198 9070 30 9071 9074 68 9075 18	2
135 9076 81 82 2238 135 150 368 18	135 9077 81 82 2238 135 150 368 18	1.2
42 9078 72 35 0 212 9079 174	115 33 35 0 212 9079 18	2.8
151 59 0 4261 9080 9081 52 39 9082 4191 174	0 3289 9080 9083 52 39 9082 4191 18	2.6
48 42 3231 6 6520 6 3 4268 24 46 9084 68 3 256 18	48 42 3231 6 6178 6 3 4268 216 46 9084 68 3 2767 18	2.6
42 3356 82 221 9085 211 115 61 885 18	0 3356 82 221 9086 1389 2782 18	0.8
9087 729 3287 8 9088 1070 9089 133 176 178 7382 9090 52 405 9091 18	1444 12 3 1810 133 176 178 7382 9090 52 405 9091 18	2.4
198 3 2559 2047 18	9092 198 3 2559 2047 18	3
318 2847 60 1367 18	1586 9093 9093 6 60 1367 18	1
623 6318 2332 176 9094 8 3 7643 18	623 466 9095 37 9094 8 3 7643 18	3.2
9096 291 6 7000 174	5419 291 174	4.6
97 169 37 1938 2035 729 9097 729 112 3 6038 12 9098 174	97 169 176 49 2035 9097 174	1.4
5830 9099 214 1519 6 547 1096 214 18	42 5987 1218 135 9099 214 1519 6 547 1096 214 135 18	3
0 370 45 9100 6 0 370 9101 18	5201 9102 0 370 45 9100 6 0 370 9101 18	5
133 597 449 109 12 23 21 3 375 51 154	142 284 3 514 1206 198 21 3 375 51 174	0.8
1794 12 3463 275 3312 154	48 1794 12 3463 275 3312 547 23 37 45 1103 18	2.11111111111111
9 1700 65 1015 505 23 37 161 112 42 18	9 6255 65 1015 505 23 37 161 112 42 18	2.8
48 42 434 842 61 625 68 1822 1479 6 216 42 174	63 68 216 0 842 625 68 1822 6 0 65 181 158 18	2
23 33 45 9103 6141 18	23 33 9103 39 685 18	1.1
23 29 97 42 2058 4229 18	29 26 97 42 2058 135 4229 135 18	5
226 612 7274 248 39 8304 21 1191 18	7274 275 2093 4739 68 1191 18	1.2
236 107 6 133 55 93 3 6484 68 2659 293 9104 18	402 0 216 93 3 6484 68 2659 293 9104 18	3
6940 9105 6 9105 6 9105 6 9105 6 9105 154	9105 6 9105 6 9105 6 9105 6 9105 6 9105 154	4.5
30 115 33 340 42 91 9106 226 505 30 9107 68 71 9 144 174	318 9107 68 71 9 144 174	3.4
42 65 106 98 9108 6 45 106 1294 18	42 65 68 98 6757 21 1103 1562 6 45 106 1294 18	3.8
3 3166 9022 42 434 1226 9109 9110 226 3 748 12 3 2559 0 269 174	42 434 1226 9109 9110 226 3 748 12 3 2559 0 269 174	4
340 245 3 3972 12 1880 2767 109 12 3 5217 174	340 216 3 4303 12 485 12 9111 262 46 2767 109 12 3 5217 174	2.6
42 3128 6 42 393 3 2077 12 3 9112 1793 174	42 3128 6 42 393 3 2077 12 3 9113 174	1.8
133 176 4614 68 9114 18	133 176 4614 68 122 18	2.4
831 313 82 145 39 6068 6068 6068 6068 6 4032 23 18	115 831 313 82 9115 39 6068 6068 6068 6068 35 6180 566 9116 18	3.4
133 176 178 7382 9090 52 405 9091 18	0 74 68 7120 30 9117 8 8887 133 176 178 7382 9090 52 405 9091 18	3.4
9118 154 39 9119 4948 198 9120 571 505 60 18	39 9119 4948 198 9120 571 505 60 18	3.6
30 1373 6 3 7184 326 37 3 61 115 1239 129 68 9121 12 3 4979 18	3 1079 5397 1983 115 3 7184 326 284 45 3404 129 68 9121 6694 18	1.6
54 87 28 117 9122 198 2097 9123 258 18	511 288 514 360 2097 9123 258 174	3.2
49 72 115 3 1608 313 82 1367 39 688 3026 18	3 3430 4271 37 115 3 1608 9124 313 82 1367 39 688 3026 18	4.6
3124 6 121 949 18	9125 6 2643 4053 39 949 18	4.4
135 3283 56 9126 135 1069 135 3763 52 9127 135 18	135 9128 30 2984 135 1069 3763 52 9127 135 18	2.2
35 37 70 562 12 135 2848 135 174	35 33 70 562 12 383 174	1.2
434 46 39 94 12 183 18	434 46 39 502 351 18	2.2
181 9129 6 181 9130 6 181 514 3467 87 33 172 112 514 112 271 938 18	181 9129 6 181 9130 6 181 514 3467 523 2143 9131 9132 18	3.8
9133 9134 33 9135 3269 18	9134 33 9135 3269 135 174	4
83 0 67 92 395 97 0 474 174	83 0 67 568 23 109 30 273 97 23 1305 174	2.2
6948 9136 3122 18	7312 3122 18	0.8
42 65 181 2826 12 39 7482 226 3 9137 18	42 65 181 9138 112 39 7482 226 3 9137 18	2.6
135 9139 135 88 505 68 85 3 4853 1076 9140 68 575 112 23 18	0 54 82 393 2798 37 172 42 68 85 3 4853 1076 9140 112 514 154	2.2
289 867 115 88 3116 2549 54 108 23 18	289 867 115 88 30 1084 54 108 61 18	1.6
37 23 5333 68 5079 174	107 6 23 33 5333 68 5079 18	2.6
9141 61 284 45 135 55 135 2641 18	9141 61 284 3886 39 2979 18	1.8
35 33 9 4952 4112 3 790 174	35 245 9 4952 12 9142 21 3 9143 174	2.8
133 176 178 7382 9090 52 405 9091 18	4282 1454 133 176 178 7382 9090 52 405 9091 18	3.6
284 87 65 6972 174	87 9144 275 6972 18	2
56 369 6 231 9145 174	2033 6 231 9145 18	2.2
115 37 45 146 71 18	181 6 23 33 45 146 71 18	4.8
3 6190 9146 3 9147 12 39 9148 9149 198 68 1503 18	3 6190 9150 3 3905 3982 68 189 39 9151 198 68 18	2.2
56 133 54 82 55 23 519 410 18	133 54 82 55 23 519 42 18 135	3.6
181 4992 625 5208 9152 18	181 4992 625 5208 1062 18	1.4
0 2323 23 4963 82 39 625 6 21 3 5333 258 18	48 23 459 82 39 625 6 547 6163 37 23 174	2
55 42 273 650 3704 112 9108 6841 174	55 42 273 650 3704 112 164 6 3373 30 9153 174	1.8
135 9154 81 82 2238 135 150 368 18	135 9155 81 82 2238 135 150 368 18	3
449 233 9156 30 9157 3561 0 3352 23 2296 1786 9158 18	0 3352 23 2296 1786 9158 18	2
850 37 34 39 4828 12 3 9159 30 3 1403 18	9160 2847 3 9161 9162 115 135 850 37 34 39 4828 12 3 9159 30 3 1403 18	4.2
135 9163 81 82 2238 135 150 368 18	135 9077 81 82 2238 135 150 368 18	2
304 219 68 108 514 109 37 68 108 3767 12 9164 6 178 12 23 18	304 219 68 3846 23 26 453 396 37 68 108 514 109 18	3
0 65 1503 12 135 9058 9058 135 656 2132 0 108 166 9165 512 18	0 65 1503 12 135 9058 9058 135 656 49 176 8377 1034 18	3.4
9166 275 2211 4404 198 9166 174	3995 9167 6 275 2211 4404 198 9166 174	3.6
9168 9169 9170 6 18	9171 9172 9170 18	3.6
42 176 39 6478 18	2037 42 176 45 39 6478 18	1.4
30 3 502 2408 2656 174	0 9173 105 30 3 502 2408 2656 174	4
6141 65 367 2766 68 55 52 23 154	30 6141 30 9174 65 361 68 55 52 23 18	2
135 4947 6 42 91 598 39 157 625 154	42 91 598 39 161 625 154 135	1.8
9175 0 104 5757 95 60 176 6220 18	150 9176 0 104 5757 95 60 176 6220 18	3.6
7851 2371 37 45 1310 2780 3 141 17 18	7689 7851 2371 37 45 1310 18	3.4
55 42 45 223 35 115 36 12 262 170 174	55 42 45 223 35 3 2077 729 2528 729 9177 174	1.2
32 37 181 1794 12 6071 18	32 37 181 1794 12 3463 18	1.2
2379 4159 8 9178 3 9179 12 178 3 9180 37 9181 18	2379 4159 8 9178 6940 18	2.4
97 447 779 3 9182 83 3 5985 335 68 27 174	97 447 779 3 9182 83 23 181 2262 6878 3 5985 174	3
39 1130 30 39 867 176 2110 107 18	14 30 1156 176 2110 107 174	3.4
2560 9183 300 9184 39 861 9185 18	63 237 63 9186 1305 0 54 317 861 9185 18	2.2
9187 105 1367 505 3 2083 639 18	9187 105 30 340 37 2798 3 9188 639 174	1
973 5735 459 82 115 3608 30 9189 174	459 82 115 3608 30 9189 174	3.2
2379 4159 8 9190 35 33 1107 52 115 174	2379 4159 8 9031 68 729 229 729 35 174	0
9191 729 9192 8 9193 947 133 176 178 7382 9090 52 405 9091 18	9194 4942 7120 8 9195 9196 133 176 178 7382 9090 52 405 9091 18	1.6
233 510 65 522 9197 21 3 510 4490 227 2523 18	261 510 65 181 9197 226 178 21 5859 510 4490 227 2523 18	1.6
6717 1393 3352 109 63 39 77 12 5735 18	23 9198 63 39 77 12 5735 18	2.2
48 23 4963 82 39 2848 6 547 23 216 45 46 332 68 46 2626 18	48 23 4963 82 6316 6 547 23 216 9199 26 23 33 297 18	3
9200 6 9201 115 37 367 6010 18	9059 9202 105 115 37 367 6010 18	2.4
9203 2355 133 65 983 946 30 983 1040 18	4189 39 51 115 33 983 946 30 983 1040 18	3.77777777777778
1794 12 3463 275 3312 154	48 1794 12 3463 275 3312 547 23 37 45 1103 18	2.11111111111111
135 9076 81 82 2238 135 150 368 18	135 9154 81 82 2238 135 150 368 18	1
48 236 6 1144 115 37 340 49 91 45 2471 18	7000 6 35 293 139 176 45 2471 18	3.2
9204 452 293 23 729 30 729 9204 2794 182 18	37 3088 4035 489 452 293 23 30 45 2794 182 18	2.8
135 2035 544 6008 135 284 45 3128 135 45 9205 68 317 6008 135 18	135 2035 544 1374 6008 135 170 135 45 9205 68 317 6008 135 18	1.4
9 9206 37 753 68 39 1040 1130 18	9 466 9206 37 2418 1040 18	1.4
3 445 4690 37 67 808 2455 18	3 8178 4690 37 2435 2455 18	1
0 1096 3 9207 133 176 178 7382 9090 52 405 9091 18	133 176 178 7382 9090 52 405 9091 18	3.4
0 342 60 37 2766 18	0 342 361 37 1232 154	2
3 514 0 2773 9208 9209 18	555 44 46 9 1031 18 3 514 0 2773 9208 9209 18	4.2
236 6 42 300 393 15 2077 12 35 9201 4182 174	9200 6 9201 9059 9210 105 236 6 42 300 393 15 2077 12 35 9201 4182 174	4.2
35 459 82 97 35 245 9211 174	23 33 45 97 23 245 9211 6 9212 18	1.6
0 72 0 228 5767 68 46 214 18	0 228 5767 68 46 214 106 18	4.4
32 2721 181 834 18	12 2486 32 2721 181 834 18	4.6
23 33 236 6220 115 23 67 275 68 46 2471 18	23 33 9213 68 104 23 3088 57 46 2471 18	3
387 6270 98 174	2344 6 387 6270 18	4.4
55 42 5734 3 9214 183 42 176 356 174	30 68 46 3017 6 55 42 5734 3 9214 183 42 176 356 174	4.57142857142857
0 269 0 6132 23 109 12 3 9215 33 9216 748 21 39 1031 8402 18	284 3 9215 65 146 9216 748 21 39 1031 8402 174	2.6
97 37 60 9217 544 2477 174 174	142 37 3 9218 544 2477 174	4.4
48 23 4963 82 9219 23 400 82 46 9220 18	115 33 502 5158 48 23 4963 82 9219 23 400 82 46 9220 18	4.8
0 249 597 1882 214 12 9221 6 2766 18	0 249 597 1882 214 12 9222 39 6153 18	0.4
3 1334 245 5619 489 9223 6974 1270 18	3 1334 245 5619 489 9223 60 470 37 9224 18	3.8
9 1700 65 1015 505 23 37 161 112 42 18	1013 65 1015 505 453 161 112 42 18	2
271 524 37 115 23 37 3 5248 33 417 68 2355 18	271 524 37 3 219 23 37 5455 18	1
6948 9136 3122 18	7312 3122 18	0.8
93 485 105 42 65 597 2343 2211 115 37 9225 174	42 65 597 2343 2211 115 37 9225 174	4.8
0 65 181 251 52 555 115 65 514 154	0 65 405 2168 52 227 14 6 219 68 405 68 1144 372 154	0.2
9226 6 9227 30 9228 6064 1519 3 9229 174	181 275 275 6064 1519 3 1515 3986 18	2
0 81 82 74 39 676 511 729 9230 729 18	0 81 82 74 39 676 511 37 9231 18	1
23 313 82 65 68 46 9232 18	0 81 82 65 39 2337 532 18	0
181 7482 4979 18	181 7482 9138 18	3.2
9 6255 65 1015 505 23 37 161 112 42 18	1013 65 1015 505 453 161 112 42 18	2.2
9 9233 6 0 370 3 61 52 3 4993 9234 18	0 65 3 4993 9234 18	4.2
547 87 37 45 9235 18	547 87 37 9236 18	1.4
9237 9238 8402 112 3 3627 1139 6 35 4123 55 9239 3588 174	9237 9238 8402 112 3 9240 6 35 4123 55 9239 3588 174	3
95 60 2559 611 511 245 1096 701 21 39 9241 9242 18	515 3 2559 611 1061 1096 701 52 9243 834 8 8197 9244 18	4.2
48 42 9245 129 68 117 39 772 6 42 91 301 39 860 18	48 70 4327 711 39 5541 21 3 1139 6 42 91 301 39 860 18	2.6
178 12 3 5804 2999 6305 198 3 5807 18	178 12 3 5804 2999 9246 6305 198 3 9247 18	2.4
55 42 72 97 405 8035 9248 515 35 49 2323 174	97 405 8035 2323 49 2949 146 9249 174	2.4
4189 39 51 52 983 14 30 983 1156 18	4189 39 51 115 33 983 946 30 983 1040 18	1.6
5200 39 9250 115 3 8245 4598 4092 9251 8 18 983 330 9252 18	23 9250 115 9253 4598 4092 9251 8 18 983 330 9252 18	1.75
49 65 300 5412 39 6536 3184 436 4075 68 3 6871 9254 18	108 39 6536 3184 198 90 12 3 6871 9254 18	4.6
133 176 178 7382 9090 52 405 9091 18	9255 2888 198 20 133 176 178 7382 9090 52 405 9091 18	3
68 9173 105 49 176 45 63 4680 63 49 2721 211 18	49 176 45 63 4680 63 49 2721 211 18	4.5
109 12 6574 30 4044 9256 6 2141 6 400 82 18	109 12 6574 30 9256 174	4.25
23 37 570 67 3 9257 18	21 2408 6 23 33 67 3 9257 18	3.6
133 91 452 293 8711 30 501 9258 2344 6 256 174	3995 9259 9260 6 133 91 452 293 8711 30 501 9258 2344 6 256 174	4.8
1353 293 1220 33 5752 30 151 59 0 55 115 174	9217 595 30 151 59 0 55 115 174	2.6
983 97 98 514 284 9261 224 21 112 1084 3084 174	97 98 37 2773 26 6446 3084 174	2.6
340 59 115 9262 224 51 18	59 3 9262 224 51 174	2.4
32 37 181 485 3574 6683 9263 18	32 37 181 485 9264 6683 18	2.4
9265 150 4456 2285 154	3450 6 4456 2285 18	4
485 9266 105 0 81 82 72 340 2211 37 177 39 9267 808 3 191 6 603 18	0 81 82 72 340 2211 37 177 39 9267 808 3 191 6 603 18	4.4
48 42 500 82 38 289 1353 6 547 67 229 236 18	0 500 82 38 289 1353 18	2.4
181 9268 54 3712 1142 260 39 6031 18	9269 23 9270 505 151 9271 1142 260 6031 18	2.4
3 251 459 82 511 275 514 18	3 251 37 511 313 82 65 514 18	2.46666666666667
56 55 42 300 393 32 245 146 9249 21 555 7884 174	0 81 82 393 32 245 289 9249 226 178 6436 1774 3 7184 18	2.8
45 9272 515 9273 161 9274 112 3 9273 3217 37 9275 112 505 18	9274 112 3 9273 3217 37 9275 112 505 18	3
48 236 6 9276 12 6366 83 224 9277 9127 18	48 236 6 9276 12 9278 6 9279 83 224 5708 9127 6140	2.4
92 22 35 3 1738 2721 18	107 35 176 271 1738 18	4
555 176 9280 9281 18	245 1757 9282 39 9280 4297 174	1.8
555 511 6042 331 176 9283 68 9173 23 18	9284 738 16 555 511 6042 331 176 9283 68 9173 23 18	4.2
60 37 45 39 1126 9285 18	453 45 146 1377 9285 18	2.4
9286 3 4761 12 6594 37 45 1564 59 9287 79 9288 174	9286 3 4761 12 6594 37 45 1564	3.6
4910 67 449 21 18	45 64 4910 67 449 21 18	4
9289 30 0 143 93 3 2706 30 2837 3 366 9290 236 4347 18	0 500 82 93 3 2706 6 56 0 2949 3 366 2656 18	3
115 33 45 3 9291 7347 6 4448 18	60 37 3 9291 7347 18	2.4
3995 9259 9260 6 236 9292 9293 30 1402 4735 2721 9294 174	3995 9295 6 236 9292 9293 30 1402 4735 2721 9294 174	4.4
42 79 68 117 129 70 4001 18	42 79 68 3060 129 26 70 5158 9296 18	0.6
3 61 115 275 1102 1306 9297 30 1305 68 3372 18	3 61 115 275 601 1102 1306 30 1652 271 5024 18	1.4
150 6083 9298 30 0 228 1048 35 39 6170 1294 7631 9299 42 176 18	30 0 228 1048 35 39 6170 1294 7631 9299 42 176 18	3.8
3 4663 245 135 7250 9300 3356 82 156 68 6356 135 18	9301 6 135 9300 3356 82 156 68 6356 18 135	4.2
1417 1497 6 1031 4092 105 2682 18	339 334 6 1031 4092 105 2682 18	2.4
9302 37 9303 18	2035 9304 37 6399 18	1
87 5531 82 448 9057 21 1503 18	87 5531 82 448 9057 436 9305 9306 9307 245 26 3 1367 18	3.4
48 3 4146 275 146 6006 12 453 9308 6 115 6006 37 5201 18	2037 6 3 4146 275 146 6006 12 453 9308 18	2.4
35 55 133 108 21 335 112 2794 3 3135 112 139 174	9309 9310 35 55 133 108 21 335 112 2794 3 3135 112 139 174	5
23 400 82 2950 3329 9311 18	30 0 81 82 1663 112 977 18	1.2
48 49 2721 9063 6 0 216 1142 139 9063 18	48 49 2721 9312 6 0 216 1142 139 9312 18	2.2
2798 245 39 466 6338 18	2798 245 39 4028 6338 18	4
87 33 45 9313 90 87 33 6997 18	340 5767 510 90 49 176 6997 174	0.8
45 63 9314 63 42 18	42 4194 63 9314 63 3426 18	1.75
23 33 39 501 258 330 9315 9316 130 18	9317 70 501 258 330 9315 9316 130 18	2.5
42 238 59 115 150 133 65 39 1285 21 886 256 552 18	9318 181 18 133 65 39 6478 21 886 256 552 18	0.8
0 2323 2798 275 45 3712 248 68 46 39 314 12 289 6386 18	9319 9320 275 597 248 68 108 109 30 46 39 314 12 3 6386 18	3.4
9321 597 448 9322 26 63 237 63 0 72 18	23 275 597 448 9322 26 63 237 63 0 72 18	3
0 3356 82 229 133 248 6695 3788 436 330 9323 18	0 2323 42 248 6695 3788 18	1.2
133 178 393 115 133 176 301 35 133 2596 18	390 407 6 983 12 3 62 6 133 176 301 35 133 2596 18	3.8
9324 9325 6 2950 2661 68 212 5975 112 3 1130 18	9325 6 2950 2661 68 212 5975 112 3 1130 18	4.4
359 23 33 2110 21 2110 1240 174	236 6 287 520 6 107 6 23 136 37 2110 21 2110 1240 18	3.6
3 1079 5397 284 45 1216 70 4739 18	3 5448 4979 284 45 1216 70 4739 18	2.2
87 2323 226 15 388 18	56 87 2323 15 388 18	4.6
6141 55 45 2238 6 236 4199 2766 54 46 9326 1107 18	0 85 2344 48 5201 284 45 2238 54 182 46 9326 1107 174	2.2
0 2837 115 245 570 67 3 9257 18	23 37 570 67 3 9257 18	4
9327 8 9328 9329 133 176 178 7382 9090 52 405 9091 18	1444 12 3 1810 133 176 178 7382 9090 52 405 9091 18	3.2
2956 33 2956 60 2940 109 21 653 18	2766 37 9330 60 130 198 5027 109 21 653 18	3.8
2035 21 39 7680 9331 39 9242 18	9332 39 9242 21 39 7680 37 39 9242 18	1.8
0 228 3505 850 39 276 18	4282 0 228 3505 850 39 276 18	4.2
107 6 49 176 143 2110 18	6291 176 2110 18	1.2
23 33 45 9103 6141 18	23 33 9103 39 685 18	1.1
275 9333 3712 446 395 9334 95 115 174	61 2077 105 9335 275 9333 3712 446 395 9334 95 115 174	3.8
8944 9336 105 42 65 16 9337 18	6031 330 9338 105 42 65 16 9337 18	2.4
42 83 463 1742 26 39 9339 18	340 55 510 95 42 463 9340 26 39 9339 174	3.4
35 176 49 2661 68 9341 174	0 547 3231 105 35 176 49 2661 68 9341 174	3.6
115 216 117 42 9342 4400 112 623 769 18	115 216 117 42 39 4062 12 9343 6 0 104 18	3
135 216 42 95 68 575 112 557 2570 512 174 135	135 216 42 95 68 3588 70 9344 174 135	0
49 176 45 63 4680 63 49 2721 211 18	68 9173 105 49 176 45 63 4680 63 49 2721 211 18	4.4
0 81 82 273 650 63 3 9345 12 16 9346 18	0 81 82 273 214 63 6779 226 178 18	2
515 60 61 8 9347 9348 133 176 178 7382 9090 52 405 9091 18	133 176 178 7382 9090 52 405 9091 18	3.2
3 551 37 146 9349 639 245 9350 18	3 551 37 146 9349 639 245 9350 511 245 1040 18	3.4
1218 9068 6 135 35 176 42 2794 372 174 135	1221 2323 6 135 340 176 42 1023 505 174 135	0.9
9351 115 284 115 0 65 39 251 18	6071 115 313 82 55 115 0 81 82 65 39 251 52 18	1.6
48 0 370 2872 6 23 24 1367 129 21 61 12 555 9352 6140	48 0 370 9353 8703 6 23 24 1367 129 21 61 12 555 9352 6140	3.2
48 42 74 68 189 191 3169 21 9354 9355 501 1970 6 511 9230 174	48 42 74 68 189 39 758 515 39 9356 6 2344 6 511 9230 174	1.4
3169 18 6300 21 3 789 226 7274 33 3529 9357 388 18	6300 21 3 789 226 3 3529 135 9357 135 388 12 7824 1972 18	1.53333333333333
48 42 71 107 68 30 181 68 42 176 136 8868 18	48 42 71 181 68 56 107 68 547 42 176 136 8868 18	3.1
327 0 9358 293 2470 764 18	327 0 6 106 6 9359 293 9360 510 211 9 9361 24 18	4.2
9 1700 65 1015 505 23 37 161 112 42 18	9 9207 275 1015 505 453 161 112 42 18	2.8
4697 9362 23 33 34 39 4134 9363 21 1994 12 9364 9365 18	23 33 34 39 4134 9363 21 1994 12 9364 9365 18	3.6
97 216 1221 45 72 115 115 245 45 3 517 174	97 216 1221 515 2211 566 72 271 6227 421 26 271 2660 174	2.4
9108 108 3 1082 186 361 18	135 108 3 1082 186 361 174 135	2.4
23 33 39 501 258 330 9315 9316 130 18	9317 70 501 258 330 9315 9316 130 18	2.5
107 6 0 249 9366 115 178 4324 216 46 9367 21 9 4663 18	0 249 9366 60 63 64 21 9 4663 18	2.8
861 9185 284 45 3128 115 39 685 37 9368 18	861 9185 170 39 685 459 82 9369 174	3.6
23 33 67 39 6166 12 9370 18	0 370 135 39 6166 12 9370 18 135	2.2
9371 33 77 245 178 293 424 18	9371 33 77 30 3 9372 245 178 293 5 9373 18	1.6
0 370 236 148 68 3048 60 9374 18	0 370 236 148 6 9374 18	4
0 81 82 95 4373 9375 18	0 81 82 95 405 4373 3299 18	3
0 342 361 37 1232 154	0 342 70 9376 37 1232 18	1.6
289 867 115 88 3116 2549 54 108 23 18	289 867 115 88 30 1084 54 108 61 18	1.6
821 63 42 2198 105 55 42 273 9377 1318 9063 174	55 42 273 9377 1318 9063 174	4.6
30 0 370 70 4948 9378 18	70 157 4948 9378 18	4
23 170 453 146 5097 18	5863 3128 453 39 161 5097 18	1.6
0 104 42 79 68 9379 35 0 4182 18	42 79 68 9379 35 0 4182 18	5
9203 2355 133 65 983 946 30 983 1040 18	4189 39 51 115 33 983 946 30 983 1040 18	3.77777777777778
641 6466 21 30 2323 6 135 35 33 115 2795 174 135	9 4974 6466 21 30 2323 729 9380 115 6875 174 729	1.8
9 304 6 9381 9 9382 400 82 317 3 6650 515 7536 4529 33 18	9383 9 9382 400 82 317 3 6650 515 7536 4529 33 18	3.6
1419 9384 39 9385 3683 18	3 6932 1088 39 9385 3683 68 46 9384 18	2.8
3995 9259 9260 6 9259 6 3489 18	3995 9259 9260 6 4458 42 6 9259 18	2.2
60 9386 3 611 949 12 506 21 18	60 948 3 10 949 12 506 21 18	4.8
1218 9068 6 135 35 176 42 2794 372 174 135	1221 2323 6 135 340 176 42 1023 505 174 135	0.9
0 81 82 72 97 9387 60 37 6 56 0 4404 87 33 377 12 9388 18	236 6 0 81 82 72 97 9387 60 37 56 5946 18	1.6
1245 334 5531 82 1245 334 448 9275 112 390 510 174	5531 82 1245 334 448 9275 112 390 510 174	4.8
70 9389 37 301 9390 18	70 9391 37 301 9392 18	0.4
37 115 97 23 477 174	9393 6 115 33 45 97 23 477 18	1.6
9394 21 6 9394 109 6 122 26 18	9395 9394 21 6 9394 109 6 122 26 18	4.4
568 734 49 2399 485 5474 30 4318 3461 18	568 112 3 9396 68 108 8305 30 4318 3461 18	3.8
650 37 4229 30 9397 18	650 37 314 12 3 4229 9397 18	4.8
3995 9398 9399 6 35 42 74 68 1142 23 37 129 68 42 18	3995 9400 6 35 42 74 68 1142 23 37 129 68 42 18	2.5
861 9185 275 2766 68 55 52 3 9401 12 4856 18	861 9185 170 39 685 459 82 9369 174	2.6
35 7039 142 42 452 293 211 174	35 7039 216 115 46 174	4.4
236 0 300 93 3 6113 30 269 35 0 414 109 18	9402 0 414 60 105 236 0 300 93 3 6113 30 269 35 0 414 109 18	4.6
3 1082 284 45 1359 48 42 176 753 515 45 18	3 1082 5863 65 68 5644 42 753 211 42 54 46 753 18	3.6
6252 37 39 747 68 6018 18	6252 275 2766 68 55 52 6018 18	1.8
9059 3994 30 9210 105 97 405 6906 55 42 542 26 177 174	97 405 6906 55 42 542 26 177 174	4
92 505 169 73 508 459 82 324 256 552 174	236 73 508 459 82 324 112 22 174	4
4947 6 30 2344 9403 115 977 37 39 5419 3166 256 18	3297 779 322 115 977 37 39 5419 3166 256 18	4
340 176 1712 21 7054 174	1712 21 7054 154	4.2
107 6 23 33 293 9404 18	9405 6 115 33 45 97 9404 477 18	1.8
5946 6 0 81 82 104 60 37 115 7313 2782 18	0 81 82 104 35 2798 33 356 37 115 7313 18	3.8
2832 9406 37 5198 510 6544 18	9406 37 5198 510 6544 18	4
2379 4159 8 9407 9408 18	2379 4159 8 9409	1.2
3928 688 133 176 178 7382 9090 52 405 9091 18	3 9410 2931 68 9411 105 133 176 178 7382 9090 52 405 9091 18	3
68 9173 105 49 176 45 63 4680 63 49 2721 211 18	49 176 45 63 4680 63 49 2721 211 18	4.5
6141 65 367 2766 68 55 52 23 154	30 6141 30 9174 65 361 68 55 52 23 18	2
0 46 2470 3049 24 9412 1550 9 9119 9413 18	0 46 2470 3049 24 9412 1550 35 3 6621 37 60 174	3
32 37 181 1126 21 3 2951 1556 18	32 37 181 135 1126 135 21 3 2951 1556 18	4.6
87 248 181 2550 12 9414 214 18	150 0 6634 229 87 1214 26 9414 214 18	2.4
133 176 178 7382 9090 52 405 9091 18	463 39 1294 2847 21 70 1112 133 176 178 7382 9090 52 405 9091 18	3.6
42 91 135 39 6166 12 9370 18 135	0 370 135 39 6166 12 9370 18 135	2.4
35 37 39 2065 9415 174	42 176 39 2065 9415 18	1.4
861 9185 170 39 685 459 82 9369 174	181 18 861 9185 284 45 3128 115 39 685 37 9368 18	2
23 33 419 45 35 23 446 68 46 18	5152 5152 23 33 419 45 35 23 446 68 46 18	4
3 9416 37 26 3 3104 12 39 4563 68 3617 9417 23 37 462 18	3 3104 275 68 3617 3 1082 23 33 462 18	3.4
0 104 42 176 1200 3 551 52 9418 18	2344 0 104 42 176 1200 3 551 26 3 9419 4480 18	0.8
135 9420 81 82 2238 135 150 368 18	135 9421 81 82 2238 135 150 368 18	1.6
135 21 23 245 39 7528 8156 6 552 35 176 49 422 42 174 135	87 2380 115 23 245 39 7528 8156 21 6 97 37 115 9422 174	1.6
9255 30 236 60 37 5673 133 176 178 7382 9090 52 405 9091 18	2940 52 1693 133 176 178 7382 9090 52 405 9091 18	1.8
2477 2155 2093 3583 112 3 987 2 214 18	30 6 650 2155 2093 3583 112 3 987 2 214 18	1.8
18 9423 510 55 45 108 68 9424 18	515 6848 37 2991 2326 3153 68 9424 18	1.8
97 447 779 3 9182 83 3 5985 335 68 27 174	97 447 779 3 9182 83 23 181 2262 6878 3 5985 174	3
9425 1586 133 176 178 7382 9090 52 405 9091 18	229 35 42 24 133 176 178 7382 9090 52 405 9091 18	3.8
35 245 3 135 71 135 21 6639 174	35 24 46 3 1707 21 1191 174	1.2
3 6089 130 67 288 181 258 18	273 115 288 181 258 18	4.2
511 5127 4471 3 9426 688 9427 174	9428 70 2888 105 511 5127 4471 3 9426 688 9427 174	4.8
2037 6 3 6006 12 3 9308 12 3 4146 37 5201 18	48 3 4146 275 146 6006 12 453 9308 6 115 6006 37 5201 18	3.6
2409 9429 68 6723 9430 37 9431 9432 18	2409 9429 68 9433 37 6816 9432 18	1.4
55 42 5734 3 9214 183 42 176 356 174	30 68 46 3017 6 55 42 5734 3 9214 183 42 176 356 174	4.57142857142857
317 12 4674 21 1174 12 9434	317 12 4674 8 9435 18	1.2
115 33 35 3 1564 220 1983 18	115 33 35 3 4264 949 1983 18	3.6
9436 68 3 789 133 176 178 7382 9090 52 405 9091 18	3 9410 2931 68 9411 105 133 176 178 7382 9090 52 405 9091 18	3
0 2837 115 245 570 67 3 9257 18	21 2408 6 23 33 67 3 9257 18	2.6
9437 9438 4974 2940 18	0 95 2778 4974 2940 18	2.2
5442 3995 9439 6 0 104 9440 33 485 2384 489 9441 18	3995 9442 6 0 104 9440 33 485 2384 489 9441 18	4.8
49 91 343 226 673 261 154	340 176 49 343 226 673 261 95 115 174 154 174 154	2.8
176 42 1291 61 174	176 42 1291 39 6910 5827 174	2.6
6071 115 284 115 0 65 39 251 52 18	9351 115 313 82 55 115 0 81 82 65 39 251 52 18	1.4
0 104 87 228 46 167 112 1137 1185 726 2104 18	216 87 46 167 112 1137 2719 174	1.6
45 39 9369 543 18	2344 6 60 37 45 39 9369 543 18	4.4
42 9443 6140 4651 3 7224 6140 3676 6140	9059 9444 105 42 9443 6140 4651 3 7224 6140 3676 6140	4.2
135 35 284 9141 3 2076 61 55 174 135	135 9141 3 2076 61 284 2641 18 135	1.6
35 7039 216 115 46 174	35 7039 142 42 452 293 211 174	4.4
2379 4159 8 9445 45 6840 583 6 633 5522 18	2379 4159 8 9446 45 6840 583 6 633 5522 18	3.8
112 3 9447 62 6 0 249 597 2323 9448 313 82 77 18	3 551 42 4480 83 229 135 0 597 2323 9448 434 597 77 18 135	3.4
9449 9450 9451 59 2211 273 3 9452 12 60 174	59 2211 273 3 9452 12 60 174	3
783 7165 5420 8 18	783 6134 5420 8 18	2
115 33 67 45 97 5333 8033 176 2159 18	115 67 459 82 97 5333 9316 477 18	3.2
181 6 3079 12 555 2157 509 112 3 6871 4533 18	42 81 82 72 48 555 2157 509 112 3 4533 6 515 45 18	3
9000 9453 815 4771 18	87 106 9453 815 4771 18	3.4
3 7598 5175 12 9454 9455 37 9456 9457 6 45 9458 9457 18	2033 6 9459 150 508 150 9460 9461 37 9462 150 9463 9461 18	2.2
176 42 1291 61 174	176 42 1291 39 6910 5827 174	2.6
30 115 37 6643 21 6070 4578 4469 18	7849 37 39 6070 4578 1144 18	0.8
21 9464 3666 245 9275 18	9464 245 570 9275 18	4.2
3995 9398 9399 6 9398 6 0 8264 30 9465 18	3995 9466 9467 6 9398 6 0 8264 30 9465 18	4.2
1082 556 35 9468 79 68 46 7480 68 385 6 115 33 368 18	1082 7653 26 453 297 439 6 115 33 368 18	1.2
463 39 1294 2847 21 70 1112 133 176 178 7382 9090 52 405 9091 18	9255 30 236 60 37 5673 133 176 178 7382 9090 52 405 9091 18	2.8
344 489 3037 7575 56 45 160 920 18	1022 489 3037 7575 56 45 160 3278 18	1
35 459 82 97 35 245 9211 174	23 33 45 97 23 245 9211 6 9212 18	1.6
5201 9469 284 45 2238 18	5201 136 284 45 2238 18	2.6
9394 21 6 9394 109 6 122 26 18	9395 9394 21 6 9394 109 6 122 26 18	4.4
23 37 146 605 9470 12 1392 1393 18	0 104 133 178 628 26 3 383 12 3 1393 18	2
3 466 130 293 5007 372 37 32 33 1990 18	3 161 130 37 32 33 1990 18	1.8
6940 9105 6 9105 6 9105 6 9105 6 9105 154	9105 6 9105 6 9105 6 9105 6 9105 6 9105 154	4.5
0 81 82 223 97 1794 12 3463 24 46 9471 18	70 1794 12 3463 24 46 181 485 9471 489 23 37 2656 18	3.8
3 132 5208 68 46 3231 18	23 37 39 132 115 5208 68 46 296 18	3.2
42 9472 68 1997 2848 160 9473 18	0 9472 68 1997 3166 2848 160 2276 18	2.8
3 9474 1611 18	3 9475 1611 18	1.8
0 81 82 74 39 676 511 729 9230 729 18	81 82 74 39 676 115 37 9476 18	4.6
55 42 65 182 68 117 23 513 9477 515 45 174	55 42 65 182 68 117 23 485 9477 174	2.4
112 3 9447 62 6 0 249 597 2323 9448 313 82 77 18	3 551 42 4480 83 229 135 0 597 2323 9448 434 597 77 18 135	3.4
3928 688 133 176 178 7382 9090 52 405 9091 18	62 12 3 308 8 3 9335 133 176 178 7382 9090 52 405 9091 18	2.4
9478 236 133 628 115 23 3334 1519 2388 21 9479 174	55 133 628 115 49 3334 1519 2388 21 9479 174	4
9480 510 55 45 74 39 867 68 46 332 68 2896 1084 112 5434 18	9481 510 55 45 209 68 4674 146 1084 26 2211 18	1
236 71 3 132 18	2950 9482 3 132 18	3.4
9483 37 39 9484 18	9483 275 448 39 9484 18	4.2
0 367 55 393 32 245 146 9249 21 555 7884 18	0 81 82 393 32 245 289 9249 226 178 6436 1774 3 7184 18	1.2
3 1139 12 3 9485 105 3 6054 314 37 115 87 33 45 3088 39 9486 3560 154	3 6054 314 37 115 87 33 45 3088 39 9486 3560 154	4.4
0 628 4044 0 255 1204 87 37 186 39 1115 385 12 886 18	0 255 1204 87 37 186 39 1115 385 12 886 18	4
9487 52 3 9488 18	9489 52 3 2729 18	0.4
37 23 138 271 1306 245 5907 30 3 27 245 45 174	118 6 23 37 138 271 1306 245 5907 6 56 45 3 27 18	3.2
3 510 248 9490 18	90 3 510 248 9490 18	4.2
9491 3 1191 245 39 5715 5716 0 299 512 35 3 409 84 18	3 1191 245 39 5715 5716 18	4
9491 6 115 166 4935 4469 6 135 3 5330 37 9492 9369 18 135	30 734 49 96 115 6 135 3 5330 37 9492 9369 18 135	2.6
1886 3 6390 37 4998 154	3 6390 37 4998 154	3.4
0 370 270 68 3246 112 1151 112 1220 18	3 510 4964 112 1151 112 1220 176 178 9493 18	1.6
97 55 42 72 35 33 256 30 1107 174	97 55 42 72 73 326 37 3 256 61 174	2.2
9105 6 9105 6 9105 6 9105 6 9105 6 9105 154	6940 9105 6 9105 6 9105 6 9105 6 9105 154	5
30 9494 245 39 522 591 68 229 35 87 2323 18	9495 245 39 522 591 68 65 9496 623 3560 69 18	0.6
23 37 178 2477 33 6679 18	650 37 2477 33 6679 18	1.2
42 83 2950 9064 515 9065 361 52 42 5767 9063 18	0 81 82 9061 515 9062 361 52 135 42 5767 9063 18 135	2.4
0 9497 3 551 142 87 2323 115 1040 510 2721 270 68 7029 18	597 6 59 0 3712 6 59 0 229 6811 2721 270 68 7029 18	2.4
1373 42 3356 82 65 68 5644 23 18	30 42 3356 82 65 68 18	2
9498 1402 3 9499 245 39 9500 198 3116 18	1402 3 9499 245 39 9500 198 3116 18	4.6
2924 105 84 5324 519 477 37 701 18	1441 59 45 9501 5324 519 477 18	2.2
3169 18 6300 21 3 789 226 7274 33 3529 9357 388 18	6300 21 3 789 226 3 3529 135 9357 135 388 12 7824 1972 18	1.53333333333333
30 9502 9503 1564 284 45 2092 4512 12 829 18	9503 1564 284 45 2092 4512 12 829 18	4.6
2379 4159 8 9504 6134 42 249 2323 115 5416 407 552 18	2379 4159 8 9504 6134 30 23 33 45 178 1409 1199 2782 18	2.2
42 57 45 95 9505 3859 6 56 87 275 139 18	42 57 45 95 3 3047 87 1239 6 56 9506 87 275 139 18	2.6
56 55 42 300 393 32 245 146 9249 21 555 7884 174	0 367 55 393 32 245 146 9249 21 555 7884 18	3
32 37 134 181 881 112 650 2748 6520 18	60 37 3303 3100 198 39 9507 18	1.4
6692 2134 9508 2331 12 9509 154	18 6692 2134 9510 2331 12 4650 3 261 9511 154	1.6
67 236 447 63 3 334 26 115 3284 37 47 18	67 236 447 63 3 334 37 47 18	3.8
3547 174 105 6778 2109 37 45 1176 18	6778 275 155 448 1176 18	1.2
1405 37 34 3 3901 112 3 7907 21 708 18	2379 4159 8 9512 1405 37 34 3 3901 112 3 7907 21 708 18	4
0 342 361 37 1232 154	0 342 361 37 369 18	5
55 42 223 340 23 33 9513 68 582 3 132 68 22 9514 174	55 42 223 340 9515 9514 176 34 3446 68 3 4855 174	3.2
0 65 1805 9516 808 3027 21 3 1057 18	9517 9518 6 6025 0 65 1805 9516 808 3027 21 3 1057 18	4
4009 26 73 1230 9519 623 9520 7610 12 3 355 18	4009 26 73 1230 9519 623 9521 7610 18	4.6
55 42 1848 628 115 0 65 38 181 4739 174	236 115 42 24 6781 30 9522 115 0 65 38 181 4739 18	3.8
1218 84 115 87 245 9523 8381 8 271 721 18	271 135 4920 135 229 115 87 245 9524 8 271 721 18	2.4
32 37 181 135 1126 135 21 3 2951 1556 18	32 37 181 1126 21 3 2951 1556 18	4.6
314 12 9480 37 3 756 68 9525 1084 18	9480 34 2370 68 67 135 756 68 1084 135 18	3.8
1417 1497 6 1031 4092 105 2682 18	150 339 6 1031 4092 105 2682 18	2.8
62 12 3 308 8 3 9335 133 176 178 7382 9090 52 405 9091 18	3 9410 2931 68 9411 105 133 176 178 7382 9090 52 405 9091 18	2.8
181 6 0 1367 42 176 9526 6699 18	6531 6 42 176 236 6699 18	4
133 176 178 7382 9090 52 405 9091 18	9194 4942 7120 8 9195 9196 133 176 178 7382 9090 52 405 9091 18	3
3 251 459 82 511 275 514 18	3 251 37 511 313 82 65 514 18	2.46666666666667
6183 9227 59 4032 6714 514 18	9227 3356 82 4032 6714 514 68 1822 3 124 18	2.8
3 5378 216 229 3 250 130 293 3 9527 9528 18	3 9529 216 229 3 250 130 293 3 9530 9531 18	1
70 8022 313 82 117 505 39 6152 18	547 70 8022 313 82 117 505 39 6152 2782 18	3.8
151 6847 176 4229 453 67 134 6071 18	151 5378 176 4229 23 33 7644 18	1.6
233 393 3 729 256 729 37 390 496 18	233 393 45 9532 3 9533 37 390 496 18	1.2
5559 37 45 146 4952 6 45 39 9534 18	9535 2020 37 45 146 4952 6 45 39 9534 18	1.6
0 255 45 3 61 6837 3 256 68 96 808 243 867 33 974 18	42 74 557 68 96 808 39 867 974 18	2.8
142 21 3 789 37 5504 1441 174	142 21 3 789 37 3 1793 174 174	0.8
42 65 181 2826 12 39 7482 226 3 9137 18	42 65 181 2826 12 146 9536 226 3 9137 18	2.4
3 551 42 4480 83 229 135 0 597 2323 9448 434 597 77 18 135	112 3 9447 62 6 0 249 597 2323 9448 313 82 77 18	3.4
3169 18 6300 21 3 789 226 7274 33 3529 9357 388 18	6300 21 3 789 226 3 3529 135 9357 135 388 12 7824 1972 18	1.53333333333333
9 3715 37 166 130 9537 105 330 4480 105 9538 18	9 3715 37 166 130 9537 105 330 9539 154	3.8
23 400 82 2950 3329 9311 18	30 0 81 82 1663 112 977 18	1.2
42 4194 68 104 115 3327 510 176 45 4400 112 623 2660 18	510 176 4400 112 623 2660 18	1.6
340 59 115 9262 224 51 18	59 3 9262 224 51 174	2.4
23 33 293 3 9540 8982 18	23 33 45 3 250 130 18	0
133 176 178 7382 9090 52 405 9091 18	463 39 1294 2847 21 70 1112 133 176 178 7382 9090 52 405 9091 18	3.6
3 251 459 82 511 275 514 18	3 251 37 511 313 82 65 514 18	2.46666666666667
35 288 42 104 3 8957 3356 82 3256 174	23 313 82 229 115 23 3356 82 3256 18	1.6
6531 343 2472 68 4126 70 5320 33 154	225 2472 68 4126 23 154	1.8
2379 4159 8 9541 154	2379 4159 8 9542 154	1.2
357 8115 112 2657 3 6103 18	8115 150 357 112 2657 22 360 2656 18	4.8
8987 115 23 4963 82 18	8987 115 49 5272 82 18	1
48 0 9543 42 6 6557 6 0 65 39 251 18	48 0 9543 42 39 6548 6557 6 42 65 39 251 18	2.2
48 4979 37 45 3167 68 1216 39 524 428 547 23 83 46 1247 18	48 39 524 37 9544 428 547 23 83 46 1247 18	4.8
6300 566 226 3 3529 9357 388 12 7274 18	6300 21 3 789 226 3 3529 135 9357 135 388 12 7824 1972 18	1.4
2477 2155 2093 3583 112 3 987 2 214 18	30 6 650 2155 2093 3583 112 3 987 2 214 18	1.8
6531 81 82 42 65 68 224 39 540 68 1293 39 2952 21 3 22 174	37 32 39 540 68 297 39 9151 21 3 22 174	0.8
133 143 2837 3 366 245 157 30 133 3356 82 212 23 4815 21 289 219 18	0 2837 23 245 157 6 30 0 3356 82 212 23 4815 18	3.2
48 5201 284 45 2238 54 182 46 9326 1107 174	0 85 2344 48 5201 284 45 2238 54 182 46 9326 1107 174	5
39 685 37 9369 48 23 284 45 7448 52 3 5328 18	68 46 9545 170 68 5331 3 5328 18	3.6
2379 4159 8 1285 2065 9546 148 154	2379 4159 8 1285 2065 453 45 39 522 9547 18	1.2
60 37 45 70 634 18	60 37 2957 634 18	1.4
2379 4159 8 9033 0 4537 3 1767 21 3 2951 288 39 291 18	2379 4159 8 9033 21 3 447 385 6 107 18	1
9548 6308 146 3217 18	9549 9550 9548 6308 146 3217 18	4.2
9551 8 9552 105 9551 68 4531 6854 9553 18	9551 8 9552 105 9551 68 4531 6854 9553 21 9554 885 18	4.8
3 861 37 45 1015 293 9555 9185 18	3 4480 42 2235 275 2766 68 55 52 861 9185 18	1.6
5595 1641 1519 449 289 2382 174	9556 449 289 2382 174	1
42 81 82 317 3 961 9557 98 6 55 42 174	42 81 82 317 3 961 9557 226 178 6 55 42 174	4.2
0 81 82 104 1441 275 39 1096 18	1441 313 82 65 39 1096 18	3.6
62 12 3 308 8 3 9335 133 176 178 7382 9090 52 405 9091 18	9436 68 3 789 133 176 178 7382 9090 52 405 9091 18	3.2
55 42 5734 3 9214 183 42 176 356 174	30 68 46 3017 6 55 42 5734 3 9214 183 42 176 356 174	4.57142857142857
35 48 49 9558 129 39 5397 174	35 48 49 248 39 387 9559 174	1
4007 39 9499 18	4007 9560 18	1.2
30 39 959 314 12 3 1556 1688 18	30 2715 12 3 1550 1688 18	0.8
340 176 42 452 293 1156 78 3 9561 9562 174	133 2721 452 293 1156 63 1126 9563 2721 133 45 174	1.4
2296 1786 8178 1007 727 950 951 18	2296 1786 8178 1007 727 3 702 7548 18	2.6
18 35 37 70 562 12 135 2848 4674 135 174	35 37 70 562 12 135 9564 135 174	3.6
115 37 45 371 9565 68 3 9566 18	9567 56 49 176 4400 68 623 9566 18	2.6
3 4047 245 6787 1064 2917 4094 6 236 107 150 2917 4094 18	3 4047 245 6787 1064 2917 4094 30 2502 9568 18	4
434 60 65 448 146 9569 174	3995 9570 6 434 60 65 448 146 9569 174	4.6
9 1513 2077 105 9571 275 3 5824 12 2115 18	3810 2318 275 3 5824 12 9572 18	0.4
