7274 6912 68 5347 439 729 7034 18	7274 6912 68 1764 485 1141 18	4
642 5455 1239 3 3086 1223 12 3 9573 18	642 5455 1239 3 9573 33 1223 18	4.2
3 4686 245 375 4828 21 9574 18	3 9575 4686 245 4828 21 9574 18	4.2
9576 30 9577 2721 4540 21 846 18	9576 30 9577 2721 4540 112 7208 9578 21 9579 8263 18	3.2
462 9580 245 1728 68 967 1503 21 846 18	9581 9582 245 1728 68 1602 1503 18	0.6
9583 2380 3 9584 2411 245 3 7598 5672 112 9585 3007 834 12 4170 7853 30 7644 18	9586 37 39 9584 2411 73 37 3 7598 5672 112 9585 3898 834 12 4170 7853 30 7644 18	3.6
9587 9588 2380 115 3 2973 9589 1474 9590 6621 245 3297 9591 30 9592 2109 226 3 4092 12 9593 407 146 896 18	9587 9588 2380 115 3 2973 9589 1474 9590 6621 275 39 160 920 4276 68 9594 2109 30 3 2973 9589 1474 9590 6621 37 9595 1519 3 9596 9597 2160 2834 30 177 233 9598 9599 18	3.6
9600 9601 2380 32 37 2256 3254 21 9602 7012 656 552 489 2776 515 1426 1503 2461 18	9600 9601 2380 115 233 1921 248 8305 9602 7012 656 489 557 18	2
3232 4739 3 923 124 245 39 7553 518 18	755 3232 2380 115 3 923 124 245 39 7553 518 18	4.4
723 30 1951 4040 1240 24 569 9603 60 3473 26 3 6302 1007 21 2434 4686 363 9575 365 18	755 719 5152 9604 68 9605 723 33 7906 21 3 6302 1007 21 2434 363 9575 365 4686 18	1.4
3 1646 4469 1082 30 261 1951 2704 65 2725 68 9606 3 9607 4686 734 835 21 7067 8208 1351 198 3 6823 9608 9609 12 9610 30 3557 18	3 1646 4469 30 261 1951 2704 65 2725 9606 3 9607 4686 734 723 4044 9611 198 9610 30 3557 18	4.6
723 216 45 3714 984 1229 2975 1814 755 4581 18	723 216 45 9612 68 984 1229 2975 1814 755 4581 48 3 79 4801 18	2
3 5135 24 46 2867 21 5691 3107 18	3 5135 24 4430 1358 21 2810 18	2.2
9613 841 2692 9614 674 12 7938 1787 7940 68 3767 139 12 2917 2220 9615 18	3 841 1013 8481 3 9614 674 12 7938 1787 7940 68 3767 139 12 2917 2220 9615 30 9616 834 30 9127 18	3.8
9617 30 1819 9618 1466 83 46 5761 2423 3678 30 2480 18	3 1115 980 245 115 9617 30 1819 9618 1466 83 46 5761 2423 3678 30 2480 18	3.6
694 2771 21 1478 63 1063 8 6976 8350 984 21 6871 1336 18	39 694 2771 21 1478 56 841 65 45 1373 2380 511 37 4400 18	2.6
7752 1082 9619 176 2 8908 1623 1089 1023 755 1229 909 544 3557 1717 2296 2884 18	3 1623 1063 2212 755 1229 909 2927 544 3557 1717 2296 2884 18	4.8
241 33 1517 30 7888 1849 52 850 65 448 9620 21 6871 2546 779 2901 1236 9621 9622 309 68 7659 21 1405 3107 68 1226 39 276 52 850 33 1144 688 3403 18	241 33 1517 30 7888 1849 52 3 1607 1476 65 448 9620 21 6871 2546 779 2901 1236 9621 9622 309 68 7659 21 1405 3107 68 1226 39 688 276 18	3.8
3 6302 1007 21 2434 4686 917 3 2076 12 1229 3103 6 9623 30 261 9624 4584 834 21 2434 18	3 6302 1007 21 2434 4686 245 4828 8 755 30 1951 2704 21 9574 18	2.8
3 1475 3042 275 2337 39 1473 7379 68 410 7593 33 6697 5364 1082 9625 7593 18	3 1475 3042 275 2337 39 1473 7379 68 1241 3 6697 5364 1082 21 9626 7593 6 3297 779 3 8211 12 9627 1007 18	3.6
902 1144 115 3 669 1082 245 9628 39 851 7334 226 3 727 257 18	655 2995 65 3412 9629 902 115 1144 3 669 1082 245 9628 39 851 7334 226 3 727 257 18	4.2
3 2220 37 34 2038 63 5003 515 9630 18	9631 37 34 2038 63 5003 18	3.4
3064 6 9617 30 1819 9632 68 748 3 7246 1517 21 1325 1368 30 3561 834 18	3 1634 3281 1366 9633 68 748 7246 1517 12 1325 1368 30 3561 834 18	4
973 9634 7794 21 743 1385 3 9635 12 1477 671 18	973 9634 7794 21 743 1385 3 9635 12 1477 671 8 3 7103 1082 18	4
755 835 65 1785 112 39 8024 26 3 6302 1007 21 2434 4686 68 993 9636 12 3 9607 4686 18	9637 6123 3 854 211 39 8024 26 3 6302 1007 21 2434 4686 18	3.2
755 676 1301 681 9638 9639 723 33 2031 12 3509 1368 2549 4686 18	676 7046 1301 4828 39 9638 9639 723 33 7906 21 3 6302 1007 21 2434 4686 18	4.4
1906 245 6489 2038 63 7160 18	1906 245 6489 1785 7160 18	5
9640 9641 37 408 7317 12 3 1417 5692 18	7989 9642 37 408 9643 4119 7317 12 9644 6 9645 18	0
1951 1780 723 33 3369 68 9605 7906 21 3 9575 18	723 33 3369 68 9605 7906 21 3 9575 37 39 2665 21 3 1107 3071 18	3.8
3166 656 1914 21 1906 4912 9646 1911 6 9647 30 3 9648 12 639 2942 18	227 3166 656 1914 4912 9646 1911 6 9647 30 3 9648 12 639	4.2
476 9649 1193 9650 2380 8 9651 115 3 1144 399 5135 12 3055 9652 275 427 9653 4135 12 4876 21 517 12 1145 18	476 9649 1193 9650 37 3 9654 9655 12 3 3 1144 399 5135 12 3055 9652 18	2.4
9656 37 21 2407 52 8178 30 1092 1240 112 3 382 18	9656 37 9657 544 8178 124 9658 30 1092 124 5003 112 3 382 18	3.6
3 7005 37 3 390 6871 6169 8 1595 68 9659 485 1794 68 453 9660 4578 1229 30 216 9661 39 1292 26 3 1229 317 12 1990 18	3 7005 37 3 390 6871 6169 8 1595 68 9659 485 1794 68 3 9660 4578 1229 4199 2038 63 39 9662 4674 18	3.8
811 809 1690 1079 9663 1939 8592 2673 9664 18	811 809 275 248 39 9663 1939 508 436 3 9665 18	2
723 37 39 4040 12 3 9666 26 3 2951 1556 18	723 37 39 4040 12 3 9667 18	2.2
9668 9669 9670 9671 9672 7482 1174 508 1064 7067 37 9673 30 9674 18	9671 9672 7482 1174 508 1064 7067 37 9673 30 9674 18	4.6
3 276 275 448 21 75 112 1412 1503 18	3 1403 275 448 1844 850 33 851 2625 112 1187 1503 18	0.6
9675 68 9618 3296 24 9676 9677 4227 30 6156 1819 1613 21 851 2999 18	9678 9679 2380 115 178 1240 83 9680 8 9618 3296 21 1389 68 9676 9677 4227 30 263 39 159 4272 112 1819 1613 21 851 2999 18	3.2
7004 2999 30 2239 124 9656 44 1226 39 382 68 3533 39 9681 9682 415 1856 1596 30 9683 18	9656 44 1226 39 382 68 3533 39 9681 9682 415 1856 1596 30 9683 18	4
181 261 2220 275 2399 63 9684 21 6539 18	3 2220 275 448 1064 21 261 1081 112 1503 18	2
3 1819 9535 2999 576 1224 146 1332 52 1409 835 115 2380 32 2721 181 6246 1466 30 9685 4112 850 33 851 31 30 2625 18	3 9686 2323 115 32 2721 181 6246 1466 30 9685 4112 850 33 851 31 30 2625 18	3.4
1596 841 9687 485 489 2776 510 2499 735 810 21 7652 12 1374 30 7208 9127 21 609 325 21 39 2283 9688 283 18	1596 841 9689 485 489 2776 510 21 7652 12 1374 30 7208 9127 21 609 9688 1852 18	3.8
723 9690 3 5784 4686 21 9691 56 3 1646 4469 30 261 1951 2704 65 2725 68 55 236 9692 115 7067 1366 375 9693 3296 68 8208 1007 198 3557 30 198 9610 33 9694 3207 12 9695 18	723 275 9690 3 9607 3269 56 3 1646 4469 30 261 1951 2704 65 2725 68 55 236 734 3 755 1082 9611 1351 198 3 6823 9608 9609 12 9610 30 3557 18	4.2
32 37 9696 4952 63 68 3 1360 12 9697 9698 8 3 9699 18	1141 7794 1385 9696 4952 26 3 1360 12 9697 9698 8 3 670 671 18	3.2
9700 8263 37 3 789 33 116 9701 3207 18	9700 8263 37 3 789 33 116 9702 12 9703 18	5
841 2380 9704 9705 216 46 9706 68 1687 18	841 2380 9707 9708 275 448 26 3 3800 18	1.8
609 12 3 4205 819 2721 3179 18	609 12 3 9709 819 176 9710 18	1.6
9711 676 9712 9713 275 571 9714 1380 9715 30 2942 68 9716 4075 68 3 920 451 12 9717 9242 30 2220 7208 18	9711 676 9712 9713 275 571 9714 1380 9715 30 2942 68 9716 68 1663 2220 7208 18	4.6
1671 24 6024 9718 9603 21 7165 68 1822 127 3509 1368 2549 4686 6302 1007 21 2434 363 9575 365 18	723 3063 453 7906 21 39 127 3509 1368 2549 4686 115 9719 9285 12 1351 21 2434 18	1.8
3 9573 126 6766 16 1336 18	3 9573 126 245 1265 21 9720 18	1.8
3 9575 4686 245 4828 21 9574 18	3 9575 4686 245 2450 21 9574 18	4.8
850 9721 115 3 31 37 7785 5012 226 1262 4891 598 63 3 2412 12	850 9721 115 453 851 31 37 112 1262 4508	4.4
708 37 146 496 4674 112 9722 789 1920 18	708 37 146 496 4674 112 9723 789 2863 18	3.4
674 809 865 9724 21 289 851 31 21 832 18	674 809 865 9724 21 289 669 851 2476 18	4.4
39 1976 112 9725 854 245 45 3714 220 112	956 2548 2721 45 3714 220 112 5658 18	1.2
7289 9726 7001 115 48 32 245 146 9727 12 674 817 7382 3 674 817 1082 216 9728 52 39 851 7482 1089 26 1184 4472 598 63 1079 1986 30 6027 18	7289 9726 2380 115 674 809 216 9728 52 39 851 7482 1089 26 1184 4472 598 63 1079 1986 30 6027 8198 18	3.8
850 37 3 390 9729 9730 12 3 769 860 21 3 789 779 708 18	3 1607 1476 37 3 390 9729 9730 12 3 769 860 21 3 789 779 708 18	3.8
1402 9731 37 466 754 33 1093 112 9732 1368 2549 30 9733 18	226 662 6900 956 1082 1001 9074 9632 5959 1634 1368 2549 30 9733 18	1.4
3 4686 245 9607 21 9734 779 3 829 12 3 9608 3042 18	3 4686 245 9607 21 9734 68 2828 1177 436 3 9608 9735 18	4
677 37 1074 1856 892 30 743 18	677 37 5987 8 143 892 30 743 18	4.4
811 809 30 831 6680 9736 12 834 12 4170 7853 30 146 1368 2502 18	708 24 9737 6680 3 9736 12 4170 5294 834 18	1.4
9738 724 115 22 30 754 33 5620 68 9739 1683 112 851 9733 24 9740 850 30 674 809 198 9741 18	3466 1240 729 5620 68 2908 9739 1683 24 9740 850 30 674 809 198 9741 18	3.4
723 9690 3 9607 4686 18	723 9690 3 5784 4686 21 9691 18	3.4
39 1842 12 1426 9742 24 7584 481 30 3818 26 1623 6295 30 24 46 6780 68 9488 1951 2704 52 1707 68 289 1355 1623 1063 18	39 1842 12 1426 9742 24 7584 481 30 3818 26 1623 6295 18	3.4
9743 33 7059 926 9744 39 2025 9745 21 677 18	9743 33 7059 926 33 9745 245 544 39 22 1089 26 1255 18	3
850 37 3 390 9729 9730 12 3 769 860 21 3 789 779 708 18	3 1607 1476 37 3 390 9729 9730 12 3 769 860 21 3 789 779 708 18	3.8
708 24 9737 6680 3 170 12 3 9746 12 4170 5294 834 18	708 275 155 5968 3 9736 12 834 12 4170 7853 18	4.4
39 9747 12 1389 21 708 24 3618 68 7943 1634 1584 18	39 9747 12 1389 21 708 24 46 4035 489 21 1478 515 9748 18	3.4
674 809 275 5987 851 9749 30 5455 674 809 37 1666 68 65 7388 7785 226 1595 18	674 809 275 9750 12 851 9749 30 674 809 37 552 1666 68 65 7388 5016 26	4
9751 37 3 1417 12	9752 37 3 1417 12 3557 18	0.8
3 1646 4469 1082 275 1882 3 1409 1082 12 2661 68 4164 851 834 2 3 518 12 39 8053 851 31 18	3 22 30 7786 65 1882 850 12 5748 68 4164 851 834 2 3 9753 12 39 8053 851 31 18	4.6
9754 37 3 1417 12	9751 37 3 1417 12	1
21 146 6373 1548 1409 841 842 1187 8113 2220 9615 6 759 609 6 30 9616 2435 192 9755 9756 12 9703 30 9757 18	2780 6373 1284 21 7666 850 841 9758 2435 192 9755 9756 363 9759 9756 365 12 9703 30 9757 18	3.2
850 33 851 6891 176 112 1262 4508 18	850 9721 115 453 851 31 37 112 1262 4508	3.6
708 24 9737 6680 3 9736 12 4170 5294 834 18	708 24 9737 6680 3 170 12 3 9746 12 4170 5294 834 18	4.2
708 37 674 809 33 4737 7753 18	674 809 37 39 9760 1144 18	1.2
1957 2901 1236 9761 9762 9763 5689 5678 2780 3 375 441 8 39 1957 2901 1236 436 9764 18	9763 33 441 68 5678 37 3 375 8 39 1957 2901 1236 436 9764 18	4.2
9765 2380 115 60 9766 39 1184 747 68 1634 1244 18	23 9766 39 1184 747 68 1634 1244 18	3.6
9767 30 6514 2075 146 1332 68 2950 1425 30 3509 2220 9615 18	669 30 755 835 4828 146 1332 12 1613 21 9768 2220 7208 18	2
1732 65 2380 115 723 37 9769 510 519 4979 12 8366 4238 18	723 9770 510 519 4979 12 8366 4238 18	4.2
9086 9771 671 37 6417 9772 468 90 12 97 3 671 176 9773 18	9774 9775 9086 9771 671 3297 1153 2434 245 6417 9772 468 90 12 97 3 671 176 9773 18	3.8
9776 37 39 7304 21 7666 850 18	9777 37 39 1853 21 3466 850 18	1.2
9778 68 46 1882 12 9779 6 6249 3968 6 3245 30 3 9780 12 7644 30 4912 2704 12 3 1229 30 841 18	9781 2380 115 3 9778 24 46 1882 12 9779 6 6249 3968 6 9782 30 3 9780 12 7644 18	3.25
2007 9783 434 2609 9784 9535 4720 21 9785 2546 18	2995 2380 115 3 9783 434 2609 9784 9535 4720 21 9785 2546 18	4.2
3 1819 9535 2999 576 44 65 448 9786 90 23 245 9787 112 39 276 18	3 1819 9535 2999 576 542 9788 109 2480 112 405 2546 18	2.4
1906 1082 275 2380 1906 24 2399 9789 8 7647 18	1906 1082 2380 1906 37 26 2310 68 46 9790 8 7647 18	4.6
9791 3158 3 9792 1650 363 9793 365 5736 9794 9795 21 7255 30 1819 6535 21 6081 3107 9796 241 12 9780 7644 2423 3 276 18	3 9792 1650 3200 109 9794 9797 21 7255 30 1819 1410 2648 21 6081 3107 9796 241 12 9780 7644 2423 3 276 18	4.4
933 2205 3 7043 6 5084 30 9798 18	754 2205 9799 9623 30 9800 18	1.8
1417 9801 21 1129 1246 4912 6560 6 848 6 7710 6 6373 6374 30 2220 7208 18	1417 8207 21 850 4912 848 6 6560 6 6373 6374 6 2689 2220 7208 30 3274 18	3.2
9802 4135 37 3 445 33 116 1174 124 18	9802 4135 37 3 445 33 116 1229	3.4
9803 275 1015 22 3425 12 1144 9804 3553 115 723 2826 1358 68 3678 18	1008 3425 12 1144 9804 3553 9805 723 8208 453 1007 18	2.8
3565 4205 30 9806 176 2978 68 146 7733 5322 18	3 7026 4713 39 9807 3667 12 4205 30 9806 2978 68 146 7733 5322 18	3.8
8211 198 3 4686 216 2346 723 68 9808 1007 1774 755 4581 18	8211 198 3 6302 1007 21 2434 4686 216 2346 723 68 9808 1007 1774 755 4581 18	3.4
3560 2380 3 3199 37 230 4962 52 3 385 12 1355 2457 21 1687 18	3560 2380 3 3199 24 2716 3 3371 176 9809 2554 3 7893 176 2 219 18	1.8
1082 1976 9810 2380 115 48 9811 6535 176 21 1389 3 1082 12 811 1972 50 7649 68 2287 834 198 2035 9812 2423 453 1676 68 39 9813 9814 634 18	1976 9815 9810 2380 63 447 63 9811 6535 176 21 1389 811 1972 50 7649 68 2287 834 2035 9812 2423 811 1475 1676 68 7143 18	2.8
676 9816 9817 33 3778 245 4159 26 3 1372 2277 30 7480 21 587 8 1144 1270 6528 18	3 3778 245 4159 26 3 1372 2145 257 30 7480 8 1144 1270 6528 18	3.2
9818 4581 1478 18	9579 4581 1478 30 743 18	1.8
3 2076 12 1911 9074 21 850 2296 2559 805 39 3417 115 37 7785 226 3260 1244 21 2719 18	3 2076 12 1911 9074 5608 21 9819 805 39 3417 73 1409 2548 1144 37 7785 226 3260 1244 21 2719 18	3.4
832 865 2470 146 9820 851 31 18	832 865 3 9308 12 146 9820 851 31 18	5
9821 1819 37 39 656 3158 421 21 5678 18	3 1819 9822 112 3401 3977 37 408 21 5678 18	1.4
3 2076 9823 245 9824 52 146 9825 5631 9826 198 1777 30 2789 902 18	3 2076 12 1911 21 850 21 9819 245 2290 8 146 9825 5631 9826 198 1777 902 18	2.2
3 1409 1082 9775 3 1409 851 31 2826 1262 18	3 1409 1082 84 3 851 31 37 1262 18	5
9827 2323 23 37 160 468 68 117 39 851 9828 198 3 9829 21 60 9799 18	9830 2323 23 37 160 468 68 9831 9584 9832 519 2969 39 7852 18	0.6
7890 37 3 1417 12 933 18	5692 37 3 1417 12	0.6
146 968 1082 1377 6123 26 1054 12 6124 18	3 1377 6123 26 1054 12 6124 18	3.4
723 248 7007 1412 407 68 8208 198 3 9575 151 23 245 226 3350 52 3 1646 4469 808 1008 5430 68 3611 39 7482 1174 9833 21 5353	723 275 2899 7007 8211 198 3 9575 21 756 68 5430 112 3 7799 12 3 22 7482 1174 9833 68 5353 2434 18	4.6
3 542 112 1580 37 3 3052 12 2500 9834 68 2599 334 3584 18	3 542 112 1572 30 9835 37 3 3052 146 2500 4061 112 626 3253 18	1.8
708 275 448 9836 8 3 1819 3281 112 9632 68 9837 3 817 9838 851 543 18	708 275 448 9836 3081 8 3 9839 4469 112 9632 68 9837 3 817 9838 851 543 18	4.2
3 755 2901 7663 2380 115 723 275 45 3063 3678 18	755 835 2380 115 723 24 45 9840 3 9841 18	2.6
1368 9842 30 2220 9843 1366 46 9844 198 9845 1637 18	1368 9842 30 2220 9843 9846 1958 18	2.8
3 1079 685 5739 68 430 289 5333 9847 68 965 485 4287 9848 4894 30 68 410 9849 21 9850 33 1990 3861 18	3 3781 12 3 1079 685 37 68 430 289 5333 9847 68 965 485 4287 9848 4894 30 68 4597 9849 21 9850 33 1990 3861 18	4.8
9678 9775 708 7469 7614 3 1262 317 12 851 2999 8 9851 4469 26 3 5672 12 9618 90 3 1262 317 12 851 2999 37 39 855 9852 12 3 9159 18	9678 9679 2380 115 708 7469 1374 9618 63 39 9853 112 7614 30 9854 9851 4469 12 3 256 68 1262 317 12 851 2999 18	4.4
9618 5552 226 3 1819 9822 112 3401 3977 312 9855 2380 115 3 1403 6306 6975 248 146 9856 398 9857 18	1375 4944 226 3 1819 9822 112 3401 3977 312 9855 2380 9707 3 1819 9535 2999 576 542 37 9858 18	4
3 4686 917 3 2076 12 3103 6 9623 30 261 9624 4584 834 1064 2434 18	3 6302 1007 21 2434 4686 917 3 2076 12 1229 3103 6 9623 30 261 9624 4584 834 21 2434 18	4.2
9859 835 2380 115 233 12 3 1623 1063 115 4684 9859 1082 9619 68 6064 1519 7245 3334 198 9598 21 3 3161 12 723 2499 21 3 886 12 676 7046 1301 18	835 21 9860 2499 374 1236 9861 9862 65 5987 115 233 12 3 1623 1063 3334 198 755 1082 9598 2499 9598 21 3 886 12 755 676 7046 1301 18	3.8
754 275 9863 146 1332 68 2493 1129 1246 52 768 3214 21 39 276 5305 146 9864 735 3169 9865 363 293 9866 3169 22 6557 365 18	3 445 3489 68 2493 1129 1246 52 768 3214 21 39 276 5305 146 9864 735 3169 9865 363 9867 9866 3169 22 6557 365 68 3 445 1174 124 9802 4135 18	3.2
9703 37 3 2410 9868 112 9578 18	3 9869 9870 3 2410 9868 112 9578 18	3.4
9871 9872 2725 68 145 289 7778 293 3 674 817 851 7721 2476 18	811 809 275 236 237 1956 39 9873 7370 26 3 543 12 3 674 817 851 7721 2476 18	3
3 1332 7785 68 3143 39 5228 1613 9874 3064 1244 30 3 1663 544 1634 7644 18	21 39 3778 3 923 7663 12 1174 9775 3 1332 9875 68 3143 5228 1613 9874 3064 1244 30 3 1663 544 1634 7644 18	3.4
405 12 555 4540 21 850 176 7917 21 3003 18	405 12 3 510 4540 176 7917 21 3003 18	3.4
3 1646 4469 30 3 7786 12 3 1646 4469 393 850 37 7714 851 1368 18	3 1646 4469 30 233 3509 1921 393 115 850 33 851 6891 176 112 3 3781 12 177 851 834 18	3.8
3 9575 37 160 496 112 3509 1244 18	3 9575 37 39 9876 12 3509 1244 18	5
968 1351 238 3135 839 21 677 176 552 6099 21 39 6303 3417 68 9877 6718 9878 21 3 3207 18	968 1351 238 3135 839 176 552 34 6099 21 39 6303 2832 68 9877 6718 9878 21 677 18	5
3 358 37 9879 18	3 1403 6306 37 5488 18	0
2296 2884 723 2836 115 23 24 9605 7906 21 3 9575 18	1951 1780 723 33 3369 68 9605 7906 21 3 9575 18	2.4
3 1008 6 261 3466 1921 30 1951 9880 3 1141 18	3 1008 6 261 3466 1921 30 1951 9805 39 1631 18	3.6
968 3472 9881 3 116 2076 12 2901 7676 21 1491 9882 18	2220 9615 198 2901 1240 9881 3 116 9883 12 2901 7676 21 1491 18	2
3 9884 1389 1882 9885 12 9780 7644 18	3 653 1882 9885 5994 9886 12 9780 7644 18	4.2
1906 33 1229 9887 5935 9867 9888 2455 6557 5305 12 8366 9127 68 312 3 1819 854 544 2220 2802 30 7246 7208 18	1906 33 1229 9887 9889 3 9127 68 312 3 1819 854 544 2220 2802 30 7246 7208 18	3.75
1409 835 65 9074 1911 21 9819 63 835 9890 39 3417 9891 7785 226 9723 5365 30 998 1244 21 2719 18	3 2076 12 1911 9074 21 850 2296 2559 805 39 3417 115 37 7785 226 3260 1244 21 2719 18	4
892 7055 9892 12 9780 30 3818 9893 18	892 7055 743 12 9780 30 3818 3 9894 9893 18	3
3 9895 672 30 1469 706 226 612 1423 1489 18	146 9895 672 706 226 612 1423 1489 18	3.6
3 9896 2901 7663 9897 2380 115 3 4181 4674 24 2599 3 9898 8123 30 6759 3 9899 3119 30 2319 18	3 9896 2901 7663 9897 2380 115 9900 30 7345 4828 1555 9901 9902 115 4510 146 1702	1.8
6514 275 2748 3 789 33 9903 2220 4856 18	6514 33 2220 4856 176 2748 3 789 33 9904 4856 18	4.8
3 968 1082 275 9471 371 515 9905 3286 30 9906 12 178 5066 6 9907 6 4366 30 2996 115 434 4603 68 850 33 9908 6 9909 515 4584 9910 2625 18	892 275 9471 371 515 9905 3286 30 9906 12 178 5066 6 9907 6 4366 30 2996 115 434 4603 68 850 33 851 834 9746 4135 18	3.2
3 6514 1270 576 1666 115 3 7663 12 3003 1244 2380 115 810 3467 21 2220 7208 1784 21 6514 3334 570 198 9911 6 9767 6 3848 6 708 6 3 1646 4469 30 1687 18	3 6514 1270 576 1666 115 3 7663 12 3003 1244 2380 115 841 9912 115 2220 7208 186 6514 37 5106 56 2660 68 2287 30 2950 3 2220 7208 1814 3 4581 1 1228 18	3.8
9913 457 757 26 8123 3196 30 1325 1368 9914 9915 9775 3 988 7070 2533 371 515 9905 2493 12 1229 2821 112 317 21 1906 18	9913 457 757 26 8123 3196 30 1325 1368 9914 9915 2380 115 6975 3 988 7070 5501 4469 115 181 1229 2821 83 46 9916 2782 469 515 9917 112 317 21 1906 18	5
3 1646 4469 30 261 1951 2704 65 2725 68 9606 3 9607 4686 18	3 1646 4469 30 261 1951 2704 65 2725 68 55 9606 3 7377 9575 18	3.2
3 9575 917 3 317 12 6373 1007 30 4584 9918 30 9919 2374 7785 226 9920 6 9921 30 1613 1856 4040 4469 18	3 4686 917 9922 12 9623 30 1351 21 1951 30 6823 9923 3509 3027 7374 1240 30 3146 9920 6 9921 30 1613 2374 1856 4040	3.8
9924 37 408 26 3 7666 314 12 3 9925 9838 18	9926 4238 37 9927 21 3 7666 314 12 3 9925 9838 18	1
7075 2380 115 60 37 3 2296 354 68 3533 1244 21 3 2951 1556 421 26 4227 30 1613 30 45 26 9928 12 851 834 18	60 37 3 2296 354 68 3533 1244 21 3 2951 1556 421 26 4227 30 1613 633 489 26 3 9928 12 851 1368 18	4
3 1409 1082 275 6874 3 7296 21 3 4286 2722 68 3 1819 9535 2999 576 3186 63 9929 30 3 4286 446 68 1216 3 7296 63 6986 18	3 1819 9535 2999 576 9721 115 3 1409 1082 33 502 9930 12 3 4286 2722 68 3 1819 9535 2999 576 3186 176 45 157 3713 68 9931 3466 1240 4380 18	2.2
3 9575 4686 245 2450 21 9574 18	3 3763 245 2379 4828 21 9574 18	3.2
3 6302 1007 21 2434 4686 37 2045 39 127 1368 2549 4686 18	3 6302 1007 21 2434 4686 245 39 127 9932 1368 2549 4686 18	4
9645 9933 3 9934 7597 12 3 9935 8119 115 9936 3 6488 12 9937 9938 56 2544 39 9939 5140 1235 18	9645 9933 3 9934 7597 12 3 9935 8119 18	3.8
1016 1681 198 1383 2721 819 1774 7890 26 7652 12 9940 112 3 9941 2876 729 1076 363 9942 365 18	1423 1681 176 2 1684 21 933 26 7652 12 9940 112 39 7730 9943 2038 63 9941 2876 729 1076 363 9942 365 18	2.6
3 9603 6766 609 1336 18	3 9573 126 6766 16 1336 18	3.4
3 7855 176 9944 5866 260 21 2220 7208 18	9945 7676 176 9946 1672 112 2220 7208 18	1.4
3 755 1082 7468 7469 1008 5430 68 3611 9947 9948 21 2434 30 799 1008 9949 115 3 9950 176 2170 68 9951 544 8039 198 850 18	779 852 226 1951 1733 9952 3342 723 33 756 68 1008 5430 68 3611 9947 9948 21 2434 30 6874 1008 9949 115 3 9950 2721 2170 68 9951 544 3658 8039 198 850 18	3.2
950 951 3975 9953 52 3975 6 6861 30 1082 9954 12 9955 708 68 9956 3818 6952 30 481 9957 68 6759 9958 481 6 9959 6 30 2996 8123 18	950 951 3975 65 9960 52 9961 6168 6 1185 30 1082 9954 12 9955 708 68 371 3818 6952 30 481 9957 68 6759 481 9959 30 2996 8123 18	5
3 956 1082 2498 8703 1613 30 6943 68 3 9943 112 3 9962 12 494 834 9963 18	3 9964 2901 7663 2323 21 39 3778 115 9965 198 3 9943 112 3 9962 12 494 834 363 9966 365 24 34 224 314 21 3 126 18	1
3 9711 1082 275 9967 39 790 12 2374 544 2220 7208 30 9717 9242 78 7274 436 5561 18	436 5561 7274 275 9967 39 790 12 2374 544 2220 7208 30 9717 1127 18	5
3 3778 59 45 9968 3 2363 12 9969 3 7482 37 9970 12 7262 18	3 3778 59 45 9968 97 405 9969 3 7482 54 5289 18	5
23 37 39 2689 747 68 1819 1244 18	23 9766 39 1184 747 68 1634 1244 18	4.2
9645 9933 3 9934 7597 12 3 9935 8119 18	9645 275 45 9971 97 68 2187 3 7597 12 3 9935 8119 18	2.4
755 676 7046 1301 4469 115 3 3369 68 2430 9972 12 3 6302 1007 21 2434 4686 37 39 1707 68 1008 5430 68 3143 7482 1174 2308 21 5353 2434 30 68 1951 33 5620 68 9606 146 9607 3269 12 3 4686 18	755 676 7046 1301 4469 115 3 3369 37 39 1707 68 1008 5430 68 3143 7482 1174 2308 21 5353 2434 30 68 1951 33 5620 68 9606 146 9607 3269 12 3 4686 18	4.2
9257 3064 481 9822 9973 7480 109 494 834 9974 112 3 9257 1174 7663 2780 3 2953 18	39 9975 330 9976 1670 5182 293 9973 33 494 834 9974 198 3 1174 7663 33 9977 18	2.6
39 6306 3633 8 1244 2868 9978 9979 9980 18 6 2323 9981 9982 21 708 176 226 3 9983 12 39 9984 1623 4652 1126 18	9981 9982 21 708 176 226 3 9983 12 39 9985 1623 4652 1126 18	3.4
3 4686 917 3 2076 12 3103 6 9623 30 261 9624 4584 834 1064 2434 30 245 375 4828 21 9574 18	3 4686 917 3 2076 12 3103 6 9623 30 261 9624 4584 834 1064 2434 18	3.6
405 12 3 1063 4464 1714 18	9859 835 2380 115 3 1063 4464 21 723 18	1.8
841 819 609 9986 2220 7208 7147 18	8355 841 759 396 12 2220 7208 3158 18	1.4
48 1595 774 68 3 9987 1595 24 597 46 7968 3088 21 1994 12 1229 764 18	9988 2323 115 48 1595 774 68 3 9987 547 1595 24 597 46 7968 3088 21 1994 12 1229 764 18	3.6
659 30 1242 65 4828 3 851 9989 4686 30 65 447 1785 112 39 2951 1556 1103 12 834 12 4170 7853 18	832 275 4828 3 851 9989 4686 30 275 3319 576 2995 68 9990 453 523 2038 851 7334 18	4
723 238 9991 21 3 3509 1990 576 33	933 37 39 757 21 3 3509 1990 576 18	1.2
1906 37 39 1229 1144 18	1906 275 39 1229 7109 18	3
23 59 45 229 48 3 14 248 448 7917 21 846 18	406 12 598 6062 65 448 7917 21 3003 18	1.8
9821 1819 33 6306 245 9826 8 3509 30 1819 9992 9993 598 63 9913 6 73 7469 6373 1141 18	3 9821 1819 6306 245 9826 8 3509 30 1819 9992 9994 18	3.2
146 9822 112 3003 992 481 6306 2323 32 176 1457 6623 4469 115 8576 39 747 68 754 33 3064 1244 63 3 4469 434 2235 2151 112 1958 18	3 6306 2323 32 176 1457 6623 4469 115 8576 39 747 68 754 33 3064 1244 63 3 4469 434 2235 2151 112 1958 18	4.2
3 1409 1082 9995 3 9996 30 9721 3 851 31 37 112 1262 4508 523 18	850 9721 115 453 851 31 37 112 1262 4508	4
3 9736 1244 9997 1005 112 9330 30 9998 1691 1568 12 7262 834 12 4170 7853 18	2704 12 3 9736 1244 9997 176 5444 203 12 9999 1691 515 3103 1568 12 7262 834 12 4170 7853 18	3.2
3 1819 3281 83 10000 30 1231 39 3017 6 5105 30 5234 219 68 9676 3 851 9618 1235 2423 5210 10001 18	3 853 980 245 115 1240 83 788 52 3 407 30 1231 39 3017 6 5105 30 5234 219 68 9676 3 851 9618 1235 2423 4045 4989 18	3.4
9821 1819 275 5736 39 6306 322 115 146 968 2476 68 1180 1089 7269 68 1906 8031 39 3509 3042 1368 7070 544 1906 18	3 9821 1819 6306 245 10002 968 7269 112 1906 105 177 39 10003 12 3 988 1368 7070 174	3.8
10004 10005 10006 1423 10007 363 1502 9865 365 12 9578 18	3 10008 10006 485 489 742 10007 363 1573 9865 365 12 9578 18	2.4
1472 510 2721 6509 8 3 10009 10010 510 33 653 12 3142 21 39 2220 5497 115 10011 9578 198 6514 68 708 18	653 1377 10012 10013 2380 3 895 510 2721 2748 1472 510 6509 8 3 10009 10010 510 33 653 12 3142 21 39 2220 5497 115 10011 9578 198 6514 68 708 18	3.4
3 7878 12 5947 10014 1474 10015 10016 434 45 46 1224 112 5658 18	10017 1799 2548 30 841 10018 1337 434 45 46 1224 112 5658 18	2
3 1240 6680 3 10019 12 1990 30 146 1368 2502 21 1990 18	708 10020 115 756 12 10019 30 146 1368 2502 21 6967 1990 18	3.2
933 6 1071 6 1938 6 1598 6 718 30 754 2235 2715 30 2996 112 3 4287 3561 1027 363 10021 365 18	933 6 1071 6 1938 6 1598 6 718 30 754 2235 2715 30 2996 112 3 4287 3561 1027 115 892 5430 68 1180 68 1906 18	3.4
8366 1368 7208 9146 21 1934 4075 68 3193 10022 30 9813 10023 18	8366 1368 7208 275 9074 21 1934 30 6005 1574 293 1244 18	3.2
10024 10025 2380 115 146 1332 248 448 4828 1856 3 1174 481 30 2863 10026 6 10027 10028 1228 30 3 968 1626 4674 68 10029 892 33 10030 5567 12 10031 4138 3103 18	10025 2380 115 3 10029 24 46 266 137 63 23 275 2643 448 10032 8 3 1174 481 30 2863 10026 6 10027 10028 1228 30 3 968 1626 4674 18	3.4
7075 4469 115 39 2951 1556 1920 276 54 523 46 1224 21 5534 52 39 1244 1332 421 26 10033 178 834 12 4170 7853 198 3 3207 18	7075 245 9554 63 356 115 39 1920 276 1856 831 30 453 7369 8242 1366 46 1224 21 5534 52 39 1244 1332 421 26 10033 178 834 12 4170 7853 198 3 3207 18	4.6
2220 9615 1139 3 769 860 2 10034 685 18	1554 2220 10035 245 5086 21 1614 18	1.6
1819 9535 2999 10036 37 3 1646 1921 10037 18	3 1819 9535 2999 576 37 3 655 729 821 851 10037 18	5
10038 4469 115 3 2062 3781 12 3 1938 441 37 68 788 1517 6 996 30 9898 5702 18	10038 2380 115 3 3781 12 271 441 68 1938 37 68 788 1517 6 996 30 9898 5702 18	4.8
1646 4469 835 55 45 72 97 237 674 809 33 851 834 31 275 10039 18	6414 37 3 396 1137 7904 26 674 809 33 851 834 31 18	1.2
843 841 1013 2721 706 30 1187 1013 2721 1889 18	2780 3 1548 843 1802 841 1013 2721 706 30 1187 5861 1889 18	4.6
1174 10040 198 9860 6 1953 6 10041 6 1938 6 718 6 642 30 10042 24 1226 3 1332 68 2235 1842 30 9780 112 3 5135 18	1174 10040 198 9860 6 1953 6 10041 6 1938 6 718 6 642 30 10042 4828 3 1332 18	2.8
3 683 10043 3 1079 685 7022 3 317 12 1990 6952 112 1174 245 238 10044 8 3 1022 758 12 1595 33 1082 2296 2884 18	3 683 112 3 1079 685 245 238 10044 8 3 8178 1082 33 1022 758 2296 2884 18	3.4
7361 10045 10046 1728 10047 68 39 2454 12 1016 1503 10048 18	7361 10045 10046 3063 10047 729 2571 68 192 1503 10048 18	2.6
10049 37 39 1853 21 7666	10050 37 39 1853 21 7666	1.8
676 1301 2380 115 723 216 224 10051 18	1301 7001 115 723 216 224 10052 2660 18	4.4
708 275 236 237 10053 544 1646 4469 1035 26 708 68 2950 30 961 674 817 1691 18	708 275 2380 115 3 1646 4469 1035 26 708 68 2950 30 961 674 817 1691 434 3687 1229 1284 18	4
7345 33 3401 10054 1236 10055 10056 10057 2380 7345 33 1079 3064 1174 542 1005 112 10058 10059 52 1240 2499 723 30 933 68 3533 39 10060 834 3861 18	10057 2380 7345 33 1079 3064 1174 542 1005 112 10058 10059 52 1240 2499 723 30 933 68 3533 39 10060 834 3861 18	3.8
3 1882 24 46 6117 52 1819 2220 7208 18	233 12 3 1882 24 34 46 6117 52 514 10061 6 334 10062 30 1741 18	1.6
10063 12 3 4287 3561 1027 363 10021 365 4198 6674 10064 198 1071 428 7043 6 5084 30 9798 198 933 428 10065 4135 198 718 428 9799 9623 30 9800 198 754 428 10066 2821 198 39 8104 124 30 65 2718 855 5471 2863 30 2098 2549 7520 198 1092 3141 18	3 10021 33 7817 10067 6674 10064 198 1071 7043 6 5084 30 9798 198 933 10065 4135 198 718 9799 9623 30 9800 198 754 10066 2821 198 39 8104 124 18	3.6
968 1174 7663 275 9074 3092 26 1174 10068 18	968 1174 7663 275 9074 1174 3092 112 1079 10068 8 10069 2682 18	3.6
3 1403 6306 37 5488 18	3 1488 10070 18	0
3 6302 1007 21 2434 4686 245 4828 8 755 30 1951 2704 21 9574 18	3 6302 1007 21 2434 4686 245 9607 21 9734 18	2.2
10071 10072 10073 10074 2323 8053 7572 5895 198 1526 7591 30 6674 1063 2726 15 854 18	10071 10072 10073 10074 2380 115 8053 7572 5895 198 1526 7591 30 6674 1063 176 9912 68 3 1282 2435 15 854 18	3.6
3 811 1475 1082 2835 160 157 1849 52 3 1646 4469 1082 18	3 9575 37 1429 12 1412 1466 10075 10076 723 33 1849 52 3 1646 4469 30 2434 18	1.2
851 9828 4135 226 39 920 388 12 10077 984 3 417 12 555 834 2035 446 2499 10078 52 3415 3312 18	3 7026 84 115 3 920 388 12 10077 9146 3 417 12 3 317 12 598 834 30 115 3 10079 515 10080 317 216 65 3415 3312 18	4.2
10081 2380 115 23 37 10082 68 984 9632 68 10083 851 1368 30 834 12 4170 7853 18	10081 245 1809 1079 7820 30 2323 115 23 37 10082 115 8108 9632 46 38 68 10083 851 1368 30 834 12 4170 7853 18	3.4
9700 8263 37 3 789 33 116 9702 12 9703 18	3 10084 3158 37 3 789 33 116 851 3989 3403 18	0
3 10085 1320 3207 275 448 3 7347 12 5450 1284 1856 841 30 2220 9842 18	3 283 1774 7304 12 10086 275 448 3 7347 12 5450 10023 1856 1409 841 30 2220 9842 18	3.8
10087 10088 245 6509 12 5720 4574 596 26 1990 2996 68 708 18	10087 10089 10088 245 414 1266 12 5720 4574 596 26 1990 2996 68 708 18	4.4
1906 37 3 789 33 116 9702 12 8366 9703 56 275 1228 6204 30 4072 5356 112 6760 3 2220 1517 18	1906 37 3 789 33 116 9702 12 7246 9703 2148 68 3 1980 1008 1144 10090 10091 6306 18	3.4
3 10092 1216 3158 1307 719 24 1393 3 4856 137 18	3 10092 1216 3158 24 317 3 10093 68 1777 719 68 6121 1079 4856 18	3
9583 2380 3598 841 414 3 4979 21 609 9598 1770 52 7315 670 757 10094 10095 18	10096 9583 2380 115 3598 841 414 3 4979 26 16 9598 1770 52 10094 10095 18	4
55 10097 10098 37 39 1976 112 3 438 7663 12 4718 30 596 18	10099 37 1976 112 3 1008 7379 68 3 1646 1921 18	0.8
39 10100 1976 21 1938 2380 115 10101 10102 10103 2380 115 10100 245 3315 852 52 2264 956 5345 293 39 3284 12 3 10104 7334 18	39 10100 1976 21 1938 2380 115 10101 10102 10103 2380 115 10105 10106 2380 115 10105 10106 37 45 544 3 3284 12 3 10104 7334 21 2398 18	4
6514 275 2748 3 789 33 9904 2220 4856 18	6514 33 2220 4856 176 2748 3 789 33 9904 4856 18	5
1082 10107 68 10108 65 448 10109 18	10110 2523 65 448 10109 112 39 447 62 21 7593 18	1
1301 2380 115 3 755 1082 434 8208 198 3 4686 10111 48 3466 1921 4990 68 9606 3 9607 4686 18	1301 2380 115 723 434 10112 3 4686 381 48 3466 1921 4990 68 9606 453 9607 3269 18	5
723 9690 3 9607 3269 12 3 4686 18	723 9690 3 9607 4686 18	5
3 9573 5373 3 138 7799 12 3 9573 33 7379 21 10113 18	3 9573 5373 7657 33 1759 68 569 3 9573 1223 21 2810 18	2.2
7075 37 3 1819 9535 2999 576 657 18	10114 10115 37 3 1819 9535 2999 576 33 9655 476 18	4.8
3 851 9989 4686 37 6521 1503 611 18	3 851 9989 4686 37 536 15 192 1503 18	1.8
956 2901 7663 10116 10117 4727 2380 115 1623 7202 37 39 1634 543 18	956 2901 7663 1976 4723 7680 245 3231 68 725 68 10118 33 3463 26 708 33 1229 2863 18	2.2
3 1118 24 46 10119 141 68 146 2007 1118 30 37 10120 68 46 2867 21 843 1503 18	3 1118 24 46 10119 141 68 146 2007 1118 34 9916 8 708 30 2867 436 9734 18	2.6
1623 1063 176 2045 39 4620 747 68 1229 30 8053 2160 6942 18	1951 7723 1623 1063 39 4620 747 68 1229 30 8053 2160 6942 18	4.4
48 892 8292 2901 1489 23 37 314 12 453 1612 68 6593 3 1819 3281 18	7142 8140 485 3705 2901 992 112 1595 30 3 1819 3281 18	1.2
3 10121 10122 7369 10123 112 1244 10124 2323 21 39 3778 115 23 245 4490 39 10125 6411 112 2677 10126 2995 18	21 39 3778 10122 7369 10123 112 1244 10124 9670 23 24 6631 39 10127 6411 112 2677 10126 2995 18	4.8
10128 2682 12 3 6798 7368 1076 2392 996 1313 18	2182 2682 12 3 756 7368 1076 2392 996 1313 18	3.8
10129 37 1607 685 18	850 37 146 1607 1476 18	1.2
39 2076 12 1568 1607 1489 52 8113 7222 2125 65 448 819 21 962 30 1396 6 30 835 2380 3 1489 729 2834 7206 186 910 18	1568 1607 1489 52 8113 7222 2125 65 448 819 21 962 30 1396 18	3
21 2811 9819 1242 4828 146 9686 52 3 1646 4469 7785 226 3927 3 1262 2863 12 3 1242 33 10130 851 31 18	21 2811 9819 3 1646 4469 4828 146 9686 52 1242 7785 226 3927 3 1262 2863 12 10131 33 1079 851 31 18	4.6
2148 68 3 3778 3 10132 10133 3 1229 3658 12 3 3401 1007 68 346 10134 1174 4135 18	2148 68 3 3778 3 4204 10132 6674 37 4933 3 10135 21 115 23 37 10136 52 5416 10137 10138 9969 68 10139 1174 4135 18	3.2
10004 10005 245 7917 21 9776 6 9579 8263 18	10049 37 3 1417 12 9579 8263 18	0.2
850 2521 26 39 1184 2220 4084 1856 1478 30 2434 30 3 4822 7690 4469 18	850 2521 26 39 1184 2220 7208 4084 1856 1478 30 2434 6 63 64 63 3 4822 7690 4469 18	4.8
23 24 46 10140 8 3 1036 1082 18	3 1008 5430 65 10141 3 755 1082 18	0
3 192 10142 1646 1921 1244 1245 2704 176 754 6 708 6 933 6 723 30 3 1646 4469 18	10143 3679 1429 2704 176 754 6 708 6 933 6 723 6 1938 30 3 1646 4469 18	3.6
21 3290 5561 7957 374 1236 10144 10145 2380 9707 10146 9886 30 1210 2721 5007 2 3 4876 12 1070 8290 4721 18	7957 374 1236 10144 10145 2323 21 3290 5561 115 10146 9886 30 395 1210 2721 5007 2 3 4876 12 1070 8290 4721 779 1255 3633 453	4.2
39 10100 1976 21 1938 2380 68 3 10147 10148 115 10100 245 1038 293 3 232 12 3 852 68 1180 3 10104 7334 18	39 10100 1976 21 1938 10149 198 10150 26 3 1176 10151 12 3 3284 12 3 10104 7334 18	2.6
3 1623 1089 2771 779 3 7004 676 2870 33 126 52 3 10152 10153 10141 3 956 1082 18	3 1623 1089 2771 779 7004 676 2873 2870 33 126 52 6983 7829 10154 757 3 10152 10153 18	3.8
3 811 1475 1082 2544 39 1292 115 2533 3 9648 12 510 1576 515 3801 12 811 1972 112 10155 515 2901 1229 6943 18	811 1972 33 2901 7663 2380 115 811 1972 33 2901 1229 6943 3455 2533 3 9648 12 510 1576 515 3801 12 811 1972 112 10155 515 2901 1229 6943 18	3.8
728 2643 275 178 12 3 2557 10156 68 3449 3 3509 1990 576 33 31 18	933 37 39 757 21 3 3509 1990 576 18	1.6
3 674 817 1082 275 7001 3 811 817 1082 544 3142 21 3 9736 1244 9997 31 18	3 674 817 1082 2380 48 3 811 817 1082 9991 21 3 9736 1244 9997 31 23 216 353 21 10157 3415 3312 18	3.2
708 33 1245 12 10158 890 39 1380 886 21 1078 12 10159 2996 10160 30 9602 7012 656 5240 30 10161 68 9676 2863 12 708 33 10162 10158 30 10163 12 10159 2996 18	1872 2380 115 3 10164 275 2773 3 1057 1412 1503 5438 129 3446 10165 30 5607 39 506 12 10166 2374 68 9676 2863 12 708 33 10162 10158 30 10163 12 10159 2996 18	3.2
1409 10167 1443 10168 10169 5689 7209 18	3 8335 2721 4828 2780 1409 10170 363 719 365 1443 10168 10169 33 441 68 7209 18	3
10171 7147 956 1082 12 10172 3 7812 68 9848 26 7829 10173 30 3 10152 10153 18	10171 7147 956 1082 12 10174 3 1089 18	2.6
956 2548 2721 45 3714 220 112 5658 18	10175 30 10175 33 6130 2721 45 3714 220 68 5658 18	1
3 3509 3042 30 3 1646 4469 65 9275 10176 33 7733 18	3 3466 6293 4912 3 1646 4469 30 933 18	0.4
3 956 1082 275 10177 708 33 10178 4276 21 6871 1503 18	3 956 1082 275 10179 10180 708 33 494 10181 30 7623 2148 68 3 685 21 6871 1503 18	1
39 3158 2050 2067 946 811 10182 1785 10183 2380 23 216 2910 691 1814 3 4084 68 7143 18	10183 2380 115 3 3158 216 2910 691 1814 3 4084 68 7143 18	4.2
1301 2836 115 3 9575 4686 284 45 10184 1792 723 33 1244 726 18	3 9575 4686 284 45 10184 1792 3 755 10185 33 1244 726 18	3.6
10186 37 3135 1702 68 3 1646 4469 30 10187 39 2313 6319 10188 115 923 841 10189 4286 902 68 10190 10186 21 1553 2625 30 10191 3 10192 18	10186 10187 39 2313 6319 52 3 2163 841 10193 3199 10188 115 923 841 10189 4286 902 68 10190 10186 21 1553 2625 30 10191 10186 33 4695 12 3 1607 1586 3972 3 10192 8 1883 3 10192 26 3 3548 2780 39 961 12 10186 33 1306 18	3.4
723 275 9690 3 9607 3269 56 3 1646 4469 30 261 1951 2704 65 2725 68 55 236 734 3 755 1082 9611 1351 198 3 6823 9608 9609 12 9610 30 3557 18	3 1646 4469 30 261 1951 2704 65 2725 68 9606 3 9607 3269 734 723 9611 1351 198 6823 9608 9609 9610 30 3557 18	3.6
3 314 12 3 3781 12 3 1646 4469 542 37 68 984 1035 26 674 809 18	3 1646 4469 30 3 7786 12 3 1646 4469 393 850 37 7714 851 1368 18	0.8
9752 37 3 1417 12 3557 18	7890 37 3 1417 12 933 18	0.4
146 968 1082 1377 2380 115 892 284 45 10194 98 10195 68 902 8 9821 1819 18	61 968 1082 1377 511 6533 3 10196 2380 3 2223 245 611 30 10197 56 318 10198 18	1.4
708 33 746 3 1144 1245 2836 115 23 24 5431 5366 26 135 10199 135 851 2996 68 2287 851 7644 18	10200 5366 26 10199 851 2996 24 2287 851 7644 18	2.4
8178 374 1236 10201 10202 2323 3 10203 12 3 9783 245 10204 18	21 10205 8178 374 1236 10201 10202 10206 146 7612 21 674 809 52 674 817 757 7289 7740 10207 18	1.2
3 756 8178 838 1076 245 544 3 1079 685 30 771 23 216 3618 68 39 8305 1229 18	3 756 8178 838 1076 245 544 3 683 10043 3 1079 685 18	3.2
233 7288 835 2380 598 4262 216 46 468 4075 68 2110 1240 729 1176 4135 18	233 835 2380 3 4181 216 46 468 112 7288 2704 90 12 10208 5333 30 1176 4135 18	3.6
1255 275 448 10209 112 3 1244 1245 68 2950 1374 3 634 33 1515 6768 68 575 3651 68 7563 12 3 10210 7690 1126 30 3 10211 12 3 1646 1921 8075 6 10212 30 1091 3199 1337 30 68 65 178 514 6246 21 3 1646 1215 33 10213 10214 10215 68 3 1082 33 2863 3428 18	1255 33 1079 1838 65 448 10209 112 3 1646 1921 1244 1245 68 2950 1374 3 1255 33 1515 6768 68 575 3 10211 12 3 1337 30 68 65 178 514 6246 21 3 1646 1215 33 10213 509 10215 68 3 1416 1082 18	4
39 127 3509 1368 2549 4686 1366 46 10216 18	3 9575 4686 37 39 127 3509 1368 2549 4686 18	2.2
3 3138 10217 3207 245 1429 12 3 789 33 2526 10218 12 9703 18	9700 8263 37 3 789 33 116 9702 12 9703 18	2.6
3 1646 4469 6874 3 1230 63 851 10219 18	3 1646 4469 2323 23 216 3404 129 68 851 10219 30 275 10220 109 2480 18	2.2
3 126 245 1555 1336 447 18	3 9603 6766 609 1336 18	2.8
3 989 198 708 6 9911 6 892 6 1906 30 864 24 34 4006 10221 10222 10107 112 4832 7302 10223 511 318 10224 26 9703 10225 18	3 989 198 708 6 9911 6 892 6 1906 30 864 24 993 97 68 212 1562 112 4366 2036 2 10221 10222 30 261 1199 6952 598 63 10226 30 10227 7520 18	3.6
708 37 39 851 764 30 4040 12 3 655 1244 1245 18	708 37 39 10142 4040 12 3 662 1244	3
674 817 835 176 1568 12 965 851 834 18	674 809 37 5455 21 3 75 12 10228 453 851 834 31 18	2
1036 10229 10230 6835 10231 844 1555 1079 2220 1738 21 1396 18	2148 68 653 321 6975 26 194 3290 1036 10229 10230 6835 10231 2582 1555 1079 2220 1738 21 1396 18	3.4
676 7046 1301 4828 39 9638 9639 723 33 7906 21 3 6302 1007 21 2434 4686 18	755 676 7046 1301 4828 39 9638 9639 723 33 7906 21 3 6302 1007 21 2434 4686 4075 68 3180 115 285 3 1244 12 3 755 10185 30 444 1160 3824 18	3
3 1702 307 10232 115 3 10233 54 523 46 10234 112 3 593 1078 12 10235 321 115 1116 2548 54 2235 5150 4979 68 10236 18	1976 112 3 7255 1151 7663 10237 10238 2380 115 3 1702 307 10232 115 10239 54 523 46 10234 26 39 593 1078 12 10235 321 112 73 1116 2548 434 2235 5150 4979 68 10236 18	2.6
3 1063 176 1120 68 65 1206 198 755 3161 10240 1168 21 1707 68 3 10241 12 39 9608 7150 21 9860 18	3 1063 2771 779 39 8013 1856 3 6293 12 723 30 9860 808 3 10241 12 39 9608 1126 1212 18	3
892 30 743 5880 3801 3 4686 18	831 2826 3801 3 4686 18	2
708 37 39 4040 12 3 7479 7482 7573 18	723 37 39 4040 12 3 9666 26 3 2951 1556 18	0
723 44 1003 109 12 3 4686 48 3 22 30 261 1951 7786 4990 68 9606 3 9607 3269 18	7001 115 723 216 8208 198 3 4686 48 3466 1921 4990 68 9606 453 9607 3269 18	4.4
60 37 3297 2471 21 3 10242 1240 18	60 245 3297 779 10243 9611 453 1007 18	0.4
850 275 10244 9074 3 2076 12 1911 21 6871 2546 63 835 9890 39 3417 7785 226 9723 5365 30 998 1244 21	1409 835 65 9074 1911 21 9819 63 835 9890 39 3417 9891 7785 226 9723 5365 30 998 1244 21 2719 18	3.6
39 3778 3633 8 3 1377 10245 1270 576 2380 9707 10246 245 6509 12 2220 7208 18	3 10247 245 8234 63 10248 10249 30 248 34 448 6509 12 2220 7208 18	0.6
143 1614 30 10250 3776 39 1320 52 1478 30 65 10251 1527 8 10252 1607 1489 21 6871 1503 18	9813 10253 275 34 10251 1527 8 10252 1607 1489 21 6871 1503 18	1.8
723 2323 3 508 37 39 2759 747 68 755 1244 18	23 37 39 2689 747 68 1819 1244 18	1.8
3 7680 6099 21 8366 2625 2499 10254 6 10219 6 1368 10255 6 8807 10255 30 514 10061 30 10256 446 10257 68 3428 7730 671 21 10258 18	3 10259 2380 3 7680 6099 21 8366 2625 2499 10254 6 10219 6 1368 10255 6 8807 10255 30 514 10061 18	3
226 3 1144 399 5135 12 3055 9652 32 37 15 377 12 1628 10260 115 245 6533 112 317 21 3 1859 5991 834 31 12 3 9608 3042 18	3 1144 399 5135 12 3055 9652 275 448 324 52 3466 1742 68 3693 3 5183 186 39 10261 7520 257 18	3.4
3 1819 9535 2999 576 275 181 1161 68 510 6 321 6 2308 18	3 1819 9535 2999 576 37 421 21	1.2
3 3972 4469 115 3 2220 10262 39 4044 1617 1894 18	3 1377 2380 115 60 245 39 522 2996 8123 18	0
6758 7676 176 9946 1672 112 848 18	9945 7676 176 9946 1672 112 2220 7208 18	1.4
723 37 5439 3296 30 10263 1007 18	723 33 9841 12 3296 2 3 9575 4686 37 7096 18	2
10264 9655 12 3 1368 2549 10036 21 6027 10265 10266 2380 9707 3 1403 6306 37 1429 21 39 790 12 161 681 18	10264 9655 12 3 1368 2549 10036 21 6027 10265 10266 2380 3 1520 1995 434 285 3 943 808 892 18	3.6
3 9575 37 1429 12 1412 1466 10075 10076 723 33 1849 52 3 1646 4469 30 2434 18	3 4686 37 61 12 1412 1466 3663 8190 1849 1856 3 6293 12 723 30 3 1008 30 2434 18	4
10267 33 10268 2575 52 3 1008 10269 10270 3064 10268 18	10267 33 10268 2575 52 261 399 10271 18	3.2
10272 30 10273 176 10274 18	10272 30 10273 3520 3 374 1236 39 10275 18	1.8
835 1144 115 3369 293 3 4686 24 25 26 1008 1230 26 453 5430 68 10276 7482 1174 4135 21 1873 30 3 2530 1476 18	755 1229 835 2380 3 3369 216 25 26 507 3 1646 4469 10257 52 453 542 68 10276 7482 1174 5822 21 1873 30 3 2530 1476 18	4
8286 12 3 1332 37 39 10277 543 12 3 126 12 10040 12 1174 1842 198 3 1506 7753 1240 12 1951 18	3 1332 245 4828 2780 39 3792 126 12 10040 12 1174 1842 198 3 1506 1951 7786 18	3
21 140 44 10205 835 198 3 707 6 962 30 910 4828 146 10126 1332 68 3776 5663 10278 1909 30 261 4286 18	21 140 44 10205 3 707 6 962 30 910 4828 146 1332 68 3776 7644 4286 18	3.6
779 3 375 126 1856 1838 12 3 3509 3042 30 1838 198 10279 6 10280 30 10281 6 8129 6 10282 30 10283 30 10284 6 1838 198 3 3466 9925 1240 1847 68 10285 9717 9242 30 1741 21 3 10286 68 1404 3122 12 3509 3042 10287 18	1838 198 10279 6 10280 30 10281 6 8129 6 10282 30 10283 30 10284 2343 112 3 375 62 52 3509 3042 1838 68 5538 8132 3 3509 3042 18	3.2
3 7026 4534 178 10288 1646 1921 4040 4469 68 5384 4856 68 2287 1958 6 1040 10289 30 261 10290 5937 198 7520 6 10291 515 7208 21 851 6 5991 515 494 834 515 3 9907 68 117 139 18	7026 10292 4534 178 1240 68 5384 4856 68 2287 10290 5937 198 7520 6 10291 515 7208 21 851 6 5991 515 494 834 6 3 9907 68 117 139 6 30 3 7388 30 261 4135 68 6867 139 18	3.6
3 1819 9535 2999 10036 2380 115 1242 275 3489 68 3 3565 2374 18	1819 9535 2999 10036 37 3 1646 1921 10037 18	2
32 37 98 1574 808 3 2220 18	32 37 98 77 68 46 266 18	0.4
3 9821 1819 6306 5762 9707 1071 2138 1160 852 52 892 68 2287 1355 3012 12 3 10021 6 5822 515 1229 2996 68 1906 18	3 6306 8140 1071 68 2138 1160 852 52 892 21 1389 68 2287 1355 834 3284 68 1906 18	3
1417 9801 21 850 4912 848 6 6560 6 6373 6374 6 7710 6 10293 6 2689 2220 7208 6 3342 10294 6 3274 6 10295 6 10296 30 10297 18	1417 9801 21 850 4912 848 6 6560 6 6373 6374 6 2689 2220 7208 30 3274 18	3
1129 1246 37 146 5385 10298 115 275 1956 2064 2666 6841 18	1129 1246 37 146 5385 10298 30 275 39 10299 1245 2705 8 3 1082 18	3.4
3 1976 2323 32 24 46 146 3011 12 6291 26 10300 1819 30 9617 2905 421 26 39 7481 324 1298 226 3 1112 12 3 655 10301 2323 723 1599 3 7906 12 1683 21 3 77 12 3 655 1244 1245 18	10301 2323 32 24 46 146 3011 12 6291 26 10300 1819 30 9617 2905 421 26 39 7481 324 1298 226 3 1112 12 3 662 18	3
9763 33 441 68 5678 37 3 375 8 39 1957 2901 1236 436 9764 18	39 441 68 1683 8 3 755 2901 1236 245 2836 18	2.6
968 30 7103 6293 2435 6099 21 39 3102 7448 21 9734 18	968 30 7103 6293 673 541 851 1328 21 44 3054 18	1.8
9781 2380 115 3 9778 24 46 1882 12 9779 6 6249 3968 6 9782 30 3 9780 12 7644 18	9781 2380 115 3 9778 2721 34 3467 21 3 10302 12 841 2704 12 146 10303 3158 18	3.8
1555 1568 7531 2721 3179 26 7192 18	1429 1568 9771 245 8243 3179 519 7192 18	2.4
705 2530 1282 173 176 6117 52 3166 10304 7208 18	3 1882 24 46 6117 52 1819 2220 7208 18	0.8
60 1848 10305 3 247 18	674 809 83 45 3455 1848 68 10306 3 247 18	2
