32 2238 39 2076 12 2110 138 2072 115 44 2726 21 3 13744 21 390 1784 6 32 37 146 7099 3467 511 275 68 184 73 12 3 138 2072 24 515 83 13745 39 13746 4753 12243 73 37 13747 3467 21 3 2069 44 34 46 3375 18	2794 63 61 13748 515 13749 428	0.6
60 4117 13750 13751 73 176 95 555 12 3 13752 4117 8987 3 13753 13754 3 13755 63 135 3305 52 39 13756 51 21 39 991 13757 135 112 178 13758 13751 176 45 5488 68 1617 515 1616 7977 18	2035 515 13759 12 515 3685 68 5401 2161 428	0.8
39 13760 6664 360 519 3 9410 21 623 9928 6 30 547 6305 68 4206 13761 497 3 4639 198 73 3 9410 3334 37 11596 2557 6 3 13760 30 453 2967 1298 68 3 9410 37 13762 18	1341 392 2423 61 33 9632 428	0.8
60 4117 1635 39 2241 13763 12 13764 12 39 3569 73 176 13765 21 1994 12 623 2373 68 39 13766 4204 12 3 13767 3 12226 12 13768 44 46 38 1814 39 2101 3251 18	39 3825 515 2227 2042 428	1.2
60 4117 5877 262 115 2209 146 2133 33 13769 524 26 39 3571 52 5958 68 233 7012 13770 18	13771 21 2241 5356 6 11718 515 11895 428	0.4
60 13772 5525 39 13773 511 10614 68 579 2667 12 39 13774 3 5175 12 60 4117 37 3 13773 6 73 2022 21 2978 13775 60 4117 13776 52 3 11856 13120 21 2869 4753 2310 4753 12 4753 13773 6 142 3 13773 37 3 960 30 3 9410 37 3 2978 18	51 363 392 365 142 61 50 212 23 2344 428	1.8
39 625 1077 2473 198 271 515 395 4495 4238 363 598 63 77 515 27 365 112 39 4512 12 13777 3 4512 54 46 289 3780 12 62 6 63 447 63 3 2576 37 7096 18	5620 68 46 2647	2.2
39 3687 13778 39 13779 3 1707 44 2782 46 233 377 12 1230 4614 68 4006 3 3687 2069 515 146 2465 12226 12 3 3687 2069 18	1404 8 5471 428 46 2647 226 3 5174 12 428	0
39 2051 37 146 12243 115 5877 4802 6 3089 596 26 39 5408 6 3416 8 146 876 226 3 62 4753 12 4753 13780 23 44 46 39 5448 12243 115 37 38 12 39 2101 2411 6960 23 44 46 10119 112 146 13781 18	146 509 12 3 790 12 2072 177 129 39 625 33 2848	1.6
146 13782 5826 115 87 515 2798 37 332 30 12228 68 145 39 9410 68 39 3658 4753 13783 21 3 2576 12 1848 13784 6 23 37 2197 3282 115 3 3658 4753 13760 12333 3 9410 18	2235 363 2132 56 45 2202 2563 365 428	0.8
60 4117 4401 262 115 1975 13785 63 2003 13786 6 515 13787 18	1676 808 73 149 515 2549 37 13788 428	1.2
146 7099 13789 363 1373 45 155 52 3777 365 5739 68 579 146 2069 198 3810 13790 60 2069 37 363 2132 365 146 1791 73 10665 3 1230 115 3 7099 6912 68 2287 18	13791 198 2794 428 155 446 52 39 1616 428	2.4
13751 21 60 4117 13792 39 5200 21 73 39 53 13793 68 6743 3 3084 12 146 9943 226 39 2352 3901 18	13794 112 39 1514 428	0
3 262 21 60 4117 2209 39 254 12 62 6 63 5968 68 39 551 21 62 18	3 254 2780 73 392 37 10198 363 63 1856 3116 30 769 365 428	2.2
146 7099 275 6555 68 274 39 2729 6 30 3 2286 232 12 3 7099 33 1230 275 448 13795 6 236 115 23 2782 4007 5806 3 7099 33 5565 363 11813 3777 365 515 284 45 3933 23 363 11813 5620 365 18	2470 13796 515 2035 2920 8 39 13797 232 428	2
39 13798 275 39 12226 12 146 13753 6 11924 97 920 515 3278 623 5790 112 3 13753 37 18	1206 68 393 26 3 5672 12 4197 6 13799 6 515 4783 4453 428	0.4
39 11580 4753 12243 37 21 13800 2549 808 39 2140 4753 12243 6 2140 4753 247 6 515 2140 4753 13770 18	11136 21 387 30 991 2625 428	0.2
60 37 3 7598 4117 13801 8 3 12432 4268 18	39 2267 12 2363 5866 2093 30 13802 428	1.6
60 4117 275 68 55 52 510 363 3 9514 365 13803 21 13785 6 327 52 39 13804 18	13805 515 102 21 428 46 146 13806 12 428	2.8
39 1443 13807 39 1226 6 2132 39 4802 61 6 21 233 2313 4753 13808 3 2313 4753 12323 44 46 2427 63 2245 515 11818 21 39 12226 4434 6 515 23 44 46 9342 13809 63 39 314 4753 12 4753 13810 4049 44 46 446 63 39 485 476 12241 12 3 2313 4753 12323	363 13811 365 146 5248 159 1181 12 3463 519 1574 63 68 507 515 45 23 37 39 4860 12 233 2161	1.2
39 5007 12243 13812 39 5436 68 46 332 68 9693 39 13813 13814 3 2411 198 73 3 5436 37 3416 54 46 392 4592 515 392 13815 6 2499 243 5436 18	35 392 37 446 112 428	2.4
60 4117 5525 39 13816 511 6610 3 1993 12 5623 2423 13817 3 13751 21 60 4117 43 39 398 4235 5819 1856 3 13816 30 3 6677 18	6380 3 1993 12 39 625 2423 769 515 12112 428	2
60 4117 5877 363 13818 365 4847 115 176 13802 12 5591 112 13777 3 4117 11631 176 5631 6 1181 30 13819 21 60 4117 6 133 24 45 13820 13821 6 13822 2078 12 4847 95 2884 6 2649 6 6960 63 21 135 141 2884 6 60 2649 6 21 3 13823 4757 135 18	39 254 12 62 2045 63 39 5563 2 70 2549 30 5150 68 13824 392 428	0.8
323 21 5317 6 146 13825 288 3504 6 13826 1817 52 3 13827 6 515 16 13828 143 122 6 13829 177 13826 1817 18	772 544 428 1206 186 3504 1817 52 428	4
39 13830 3074 146 12243 198 39 13831 3 13830 54 1389 3 12243 2478 515 2552 39 5191 18	39 279 112 392 68 46 38 6 9916 6 515 11528 428	2.4
60 4117 1635 510 2035 21 146 13832 7528 1144 115 37 13833 8 146 13834 18	4252 30 13835 13836 198 13837 515 39 2220 363 3081 8197 365	2.4
21 60 4117 39 3158 12 4205 12104 1206 3461 68 520 39 13838 13839 6 39 13840 485 8165 1076 4753 1429 13841 52 39 1076 4753 609 6 2465 63 146 13842 13843 48 60 13844 13845 37 13846 6 3781 523 2174 68 1076 4753 1429 18	13847 39 1054 515 13848 428	0
60 4117 5877 4847 13849 13850 12 13851 3 13850 44 46 2427 8 146 13852 18	39 3158 12 510 363 2197 7096 365 2470 39 501 3781 428	2.6
32 37 39 13853 2607 12 3561 21 39 2361 13854 21 233 1784 3 4639 12 3561 44 46 13809 2331 12 3 13854 3 13855 13751 21 60 4117 54 46 446 12116 68 2209 62 3965 73 54 46 2012 63 161 515 13771 21 3250 6 63 3058 21 3 1023 2961	13856 12 515 13857 21 3561 515 13858 428 2334 515 1040 428	1.8
39 13830 3074 146 12243 198 39 13831 3 13830 54 1389 3 12243 2478 515 2552 39 5191 18	39 2532 1995 446 68 279 5623 68 2493 392 21 335 112 11939 30 11989 13859 30 13860 428	2.8
39 13861 5773 12 2072 37 3305 52 39 76 5408 18	3 13862 12 2072 13863 21 13864 8745 198 3 1057 68 3 2647 30 3088 186 3 1355 428	3.8
146 12243 37 21 39 2327 13865 151 45 5501 2327 6 3 1144 2132 1635 3 12243 33 2570 6 3544 12 13866 3 1144 37 34 2197 13867 52 146 7529 30 23 44 46 2327 68 3602 523 68 39 2361 13755 12 3 12243 18	3 219 392 37 52 5958 68 453 2062 2302 428	1.6
60 4117 5877 262 115 2209 97 13868 39 494 37 18	2470 39 398 4521 515 494 5824 428	2.2
60 4117 5525 12104 2299 3166 991 671 363 372 13869 9993 365 52 233 4786 2061 30 13870 49 44 46 2830 11739 6 11652 523 12 39 3158 12 4205 511 176 2909 12 511 37 30 511 37 45 39 4944 4040 6 515 49 44 46 5183 30 13871 6 598 63 3 4669 12472 7137 515 3 9507 1076 18	39 3066 2470 13872 7502 428	1.2
60 4117 5877 262 115 2209 146 2133 33 13769 524 26 39 3571 52 5958 68 233 7012 13770 18	8108 489 4488 21 451 515 9069 515 2607 428	0
39 13873 7559 39 4983 4753 247 68 39 13874 4933 21 13875 4753 5200 6 3 13760 37 45 2202 337 68 575 112 3 157 515 1213 115 49 13876 2037 6 3 9022 12 13877 37 13878 5728 13879 13880	6204 6943 21 62 12 79	1.4
146 12243 37 2045 12190 12 221 112 623 4208 515 2032 2748 233 3569 12 246 13881 3 12243 79 45 46 2515 515 2273 6 4448 48 23 37 6 23 44 46 2380 8 453 1975 13882 623 5305 44 46 5488 68 39 62 515 51 18	12 1184 3655 515 2152 428	1.6
227 176 262 4010 68 2549 8 39 757 808 39 2361 12243 363 3 11730 365 515 146 13883 3 4117 5877 143 4847 4010 68 39 470 515 524 363 11813 9655 6 1070 6 676 365 6 30 13884 2421 3 1230 12 1167 363 11813 149 6 13885 365 18 52 13884 6 23 37 138 68 221 3 2670 13156 8 3 757 363 2197 39 1975 12 39 8745 524 6 11813 6 1070 365	4497 1370 808 428 63 12 1921 428	1.4
146 960 9410 1661 21 3 3071 12 39 13886 3 2729 44 46 2465 515 23 44 46 3282 198 2204 6 56 453 37 155 5341 8 3 3799 2109 18	11881 21 8592 428 1701 226 428	1.5
60 4117 5877 262 115 2209 39 506 12 4205 73 4206 233 13887 6 4435 39 501 5796 18	13888 68 515 13889 21 8 39 3281 63 39 2558 428 3003 428	3.2
146 3710 275 39 524 2794 77 21 39 2361 2574 6 515 2794 77 26 39 2361 4181 6 112 73 146 320 525 3651 68 3 3710 18	3 11938 112 73 42 176 47 428	2.6
39 3529 4753 2071 12 39 2101 3569 37 2 13890 60 2071 37 13765 63 2035 3 250 2071 515 39 2110 2071 198 39 630 4753 2071 13891 21 39 630 4753 2204 18	4933 21 383 515 3388 515 520 515 451 428	1
60 4117 5877 262 115 13792 13586 13892 21 13893 3 13894 2078 12 227 262 6 133 317 3 3825 1994 198 13895 6 3389 30 13896 13897 37 13898 33 6037 2554 2991	39 991 1181 5007 3461 428	0.2
3 12243 13899 52 3 9410 52 3 5824 12 3883 12 3 9410 18	363 13900 365 9108 515 2833 12 39 5342 515 1230 515 13901 4391 428	0.6
39 9410 13902 39 13903 60 13904 13905 12 39 4639 6 311 6 30 13886 48 3 9410 37 13906 6 3 13907 13904 24 2132 46 4129 68 3 1214 13903 48 3 3 9410 37 13908 3 13907 13904 24 2132 46 3 353 12 594 1007 11663 2326 3 9410 18	39 4271 8745 68 39 51 515 551 428	1.8
60 4117 5877 13884 30 4847 115 5068 3 3455 12 39 1443 68 4006 39 2662 68 233 13909 1374 13910 39 2076 12 3 262 54 46 446 13911 6 598 63 5644 30 11677 18	117 39 980 6 5644 39 542 112 392 428	1.6
146 12243 1177 198 39 2047 4753 1144 68 39 885 4753 1144 21 39 5773 8745 68 3094 18	39 75 21 73 392 3358 8 2216 68 39 2110 350 363 3081 39 485 4287 515 11585 350 365 428	3
146 13912 13913 39 2101 11675 12 3838 6 39 12182 6 73 13914 112 39 7943 254 12 62 21 3 13912 33 2848 30 37 11738 63 314 12 271 5752 515 4488 13915 3 12182 37 45 2202 606 12104 6 30 44 67 46 3 353 12 11758 18	3618 39 2101 377 12 2848 428 102 21 39 2101 2391 428	2
39 2101 13916 13454 68 146 12243 13917 23 198 261 9806 18	2365 515 2241 68 39 625 515 130 515 4932 428	2.6
60 4117 5525 39 2361 2071 12 146 2069 18	146 2071 515 593 9987 112 233 2069 428	3.4
146 12243 275 39 3720 2012 8 3 13918 3 3720 37 39 1997 12 3 3720 13919 2292 115 21 60 4117 6 3 12243 284 45 222 3 3720 6 56 37 5198 2427 63 2035 21 39 2101 13920 13921 13865 37 45 21 4117 56 633 21 4392 4753 3720	2470 515 7688 39 12165 30 11793 451 12 692 515 13922 515 13923 692 428	1
60 4117 5877 4847 13849 13850 12 13851 3 13850 44 46 2427 8 146 13852 18	39 3584 12 183 13924 39 501 5796 428	2.6
146 7099 13925 39 2670 21 233 13926 60 13927 363 2132 365 7096 30 54 46 1675 8 261 9806 226 2110 3965 12 13777 23 37 501 112 39 4512 12 3 2670 68 46 13928 18	55 1388 515 569 1288 428 5207 21 39 2241 5342 428	1.4
39 608 37 408 2144 68 39 2874 13854 3 3524 12 3 608 44 46 1848 2327 8 453 3126 198 39 3402 3524 363 4435 6 3 13821 5135 365 30 3 3071 21 73 3 608 2521 198 39 3402 3524 363 4435 6 3 13821 5135 365 18	46 13929 515 1206 3461 428	0.4
60 13772 5525 39 991 2069 142 32 44 515 44 45 46 39 10142 515 13930 1298 1856 13931 2228 6 6953 21 60 4117 176 2465 21 61 3101 13932 6 13933 2292 3 291 1856 60 4117 30 991 4753 2069 4753 4205 6 142 6953 176 13840 5811 18	39 3973 21 39 3901 428	2.8
60 4117 5877 5066 73 6 151 13934 6 3308 3 13935 12 233 7955 6 6815 515 6812 18	39 5124 115 3196 3 2832 12 39 530 428	1.6
60 4117 5525 39 476 247 21 73 146 3123 2782 9146 515 5226 623 2607 12 39 13936 3 984 515 4541 44 2782 46 5448 515 11694 18	1326 68 579 515 68 1311 428 2430 68 65 6 2782 11550 515 21 146 3657 258 428	1.8
146 12243 37 13937 186 39 2952 63 39 314 12 39 363 11864 13938 365 2558 73 44 3132 68 3 2558 2952 515 5198 68 39 13939 12 3 2952 18	39 13818 3756 21 39 2952 115 2346 6126 109 12 3 1860 515 2285 428 2132 37 9970 12 2035 8144	1.4
60 4117 5877 262 115 2209 2241 2295 12 39 13940 3 451 68 73 3 5237 2035 5373 13941 198 3 4204 44 46 13942 3 4610 44 34 1621 39 2241 10151 12 5237 18	363 446 12 5237 365 2470 39 8788 13943 428	1.2
39 949 115 5877 39 10142 509 12 13944 60 949 44 46 10216 8 39 13945 112 39 2101 12243 18	39 949 21 73 2532 10214 176 3441 428	2.8
60 4117 4401 262 112 974 4753 314 363 821 365 363 6922 365 13888 68 39 13946 363 13947 365 6 73 44 46 2012 8 39 13948 363 13949 365 18 3 3524 12 3 6922 44 46 8234 21 1994 12 453 12868 515 453 13950 4753 13854 39 13951 12 39 6922 44 34 46 13809 18	3 1820 12 3 3166 396 198 3 13952 68 3 12054 30 8875 68 8875 428	1
146 7099 8664 39 1707 1230 21 11594 12 39 3687 13953 21 405 1784 6 39 13954 10385 4753 12243 185 3 1707 779 3 3687 1996 18	13955 544 146 2904 21 39 4903 6 3217 6 515 672 428	0
39 13956 37 21 3 2063 6 10216 1144 12 2035 6316 515 275 13957 60 1144 18	3 1054 12 5007 515 3 1144 12 2035 6316 428	2.6
146 7099 2118 236 63 68 46 3 4673 4674 6 515 390 496 13958 4637 21 233 247 6 68 3 3030 12 261 9657 5937 18	46 2256 21 2076 6 2363 6 764 6 4411 515 2152 428	2.4
146 12243 8166 21 3 6997 12276 12 39 13814 453 451 12 13959 44 34 46 13960 233 12 3 4180 13802 21 60 4117 363 11813 466 6 157 365 54 523 1861 10142 6 13813 4469 12 3 12243 18	12 157 3388 30 1054 428 13961 6787 428	1.2
146 7099 185 146 13825 68 117 3504 6 13826 1817 52 146 13827 6 515 13962 16 363 515 485 365 13828 236 115 49 117 9677 13826 1817 18	1293 392 13963 186 39 3524 428	0.8
146 13912 13964 2110 2216 12 13965 115 44 515 44 45 46 1199 68 3 13966 13967 3 388 12 13965 37 2132 3289 544 3 13912 33 4392 3825 12 8181 18	2470 515 7688 39 12165 30 11793 451 12 692 515 13922 515 13923 692 428	1.2
39 13956 37 21 3 2063 6 10216 1144 12 2035 6316 515 275 13957 60 1144 18	65 2848 6 46 6316 428	1.4
39 3212 37 9097 112 3498 39 9242 8 2035 13968 68 39 846 112 39 2327 254 12 62 18	394 62 21 846 515 21 39 7019 2981 428	2
21 60 4117 39 1443 7450 146 13909 112 392 6 515 68 5289 109 233 1230 18	145 13969 68 515 371 2919 68 55 392 52 1370 428	2.6
3 3720 21 39 2101 4272 6 5163 8 62 30 51 6 37 2327 18	2470 515 7688 39 12165 30 11793 451 12 692 515 13922 515 13923 692 428	1
39 1144 4753 12 4753 10054 37 13765 63 157 363 515 161 365 6 544 39 8525 13970 115 12181 6 3 1144 4753 12 4753 10054 245 2837 68 46 4088 68 13745 3 1144 4753 12 4753 10054 1239 112 39 2361 13956 18	13971 515 13972 6479 428	0
146 7099 288 317 12 39 170 363 2782 146 1230 515 39 363 508 12 365 9806 5420 21 112 3 1230 365 21 1389 68 274 39 3781 18 363 60 4117 44 46 9807 68 4912 13954 11852 2660 18 365	97 39 353 37 2712 515 146 748 37 13973 428	2.2
146 13974 12836 39 4563 6 21 233 1784 112 39 124 18	3455 12 3260 8 13668 515 13975 515 13976 428	0.4
39 2051 37 146 12243 115 5877 4802 6 3089 596 26 39 5408 6 3416 8 146 876 226 3 62 4753 12 4753 13780 23 44 46 39 5448 12243 115 37 38 12 39 2101 2411 6960 23 44 46 10119 112 146 13781 18	39 949 515 13977 4610 12 1057 2072 428	0.8
146 13978 4753 13770 6 146 13978 4753 247 6 515 146 13978 4753 12243 275 146 2032 26 39 2140 4753 12243 6 2140 4753 13770 6 515 39 2140 4753 13979 4261 68 4392 4753 13980 262 21 9852 4753 2032 176 446 68 117 1353 293 4213 21 3 789 6 142 262 21 4392 4753 2032 176 446 68 2009 4235 10869 38 26 13981 18	3 5824 12 61 130 363 515 625 365 26 243 428	2.4
146 12243 37 332 68 13982 39 4674 12 3 908 2327 8 3 1621 18	2470 1294 1314 428	0.2
60 4117 37 4962 52 13818 4847 13849 39 3868 12 39 13983 34 2647 37 3868 4753 13984 73 37 39 7012 12 3 3868 6 11813 10499 68 453 4123 18	39 5229 3941 115 54 46 13985 186 4094 13986 21 39 2160 68 984 3 2160 33 13987	0
39 1443 1168 146 8639 26 39 2361 13988 3 8639 37 4435 13989 6 497 112 405 2156 12 4006 363 2499 4033 852 30 1777 13990 365 6 39 13991 515 13992 254 37 13993 155 337 18	12157 515 145 39 12156 509 12 428	1.6
3 2077 363 821 365 21 60 4117 5461 39 2361 355 21 13994 2197 2298 52 4787 598 63 60 30 115 18	3 2327 854 12 3 2649 428	0.8
60 4117 37 4962 52 4847 13849 39 314 515 2715 12 39 2558 12243 18 3 314 37 45 2003 2144 68 3 2558 33 13995 6 5135 6 515 1021 30 37 45 13996 133 34 13820 2332 12 3 314 6 11813 10499 68 453 4123 18	363 2887 365 3 4738 12 39 11908 515 4536 363 3081 21 13997 520 365 142 3 1184 13998 13999 176 1923 30 14000	0
146 12243 37 4833 112 515 2091 68 6951 146 4238 515 9693 39 2670 18	5207 39 3781 6 2670 6 515 5342 428	2.2
39 51 2003 8 146 3123 18	3 3040 26 73 626 3253 37 408 428	2
39 685 14001 2625 515 4469 12 10054 78 39 14002 6 14003 35 337 4469 83 46 3 517 30 35 14004 4469 83 14005 2197 23 34 5826 1616 3312 112 4205 115 5331 23 6 30 227 1616 3312 176 4435 6475 8 233 1377 14006 49 44 515 44 45 46 3416 8 233 1377 10765 974 18	39 974 12 2210 6384 8 146 6900	2.2
3 2548 463 39 3212 21 846 63 11646 112 146 14007 18	3 254 12 62 39 3212 37 7238 428	1.6
13966 307 12 3720 6 14008 6 14009 6 30 14010 14011 226 39 2101 51 30 13777 1848 14012 12 3 307 115 14011 44 34 46 13809 18	1103 12 4166 515 7726 428	1
146 5248 515 3158 363 14013 365 515 39 314 12 623 77 2848 363 77 365 37 2003 11949 8 3 4238 115 49 2360 13794 14014 13839 6 3 4238 44 46 13809 8 39 13746 4753 12243 14015 3305 52 23 18	3 11136 115 2184 30 14016 1057 2072 5866 3166 14017 428	1.2
39 2361 3868 12 596 37 13765 112 453 14018 3 451 12 2383 44 34 46 13960 3 4639 12 596 44 34 14019 3404 21 112 3 596 18	5474 52 2408 515 329 428 45 4406 428	1.6
60 4117 5877 14020 30 4847 115 2209 3 6119 515 14021 12 14022 227 262 6 14023 68 14024 262 6 54 3602 2782 68 4871 515 68 3 14025 49 14026 49 54 2298 52 14027 11924 5408 18	12190 12 2035 14028 26 428	0
60 4117 37 112 2052 6 5448 515 3024 6 73 176 446 68 282 1161 68 233 3524 515 5342 18	39 5773 12 4268 515 2617 115 890 39 4363 3897 428	0.8
146 12243 275 3 4208 68 4198 39 9410 18	46 446 8 428 63 12 39 13959 428	0
60 4117 5877 262 115 13792 13586 13892 21 13893 3 13894 2078 12 227 262 6 133 317 3 3825 1994 198 13895 6 3389 30 13896 13897 37 13898 33 6037 2554 2991	1210 421 26 3391 14029 428	0.8
16 4205 6 3 14030 30 3 9431 65 39 1298 598 115 3 14030 4435 6785 1088 76 8 3 9431 30 275 3 304 726 12 3 9431 21 4001 18	77 112 515 46 39 6096 68 428	2
13751 21 60 4117 13792 39 254 12 62 21 73 146 14031 4753 1230 1069 14032 3 4512 12 60 62 254 54 46 143 560 30 14033 146 7099 511 8664 3 14031 4753 1230 44 46 3375 63 64 18	3 62 254 115 37 2045 304 112 2657 515 5718 392 428	2.4
60 4117 37 4962 52 262 115 2209 39 625 421 26 39 13746 314 12 623 974 18	363 446 12 3715 515 4341 365 8452 515 8983 428 428	0.4
21 60 4117 6 32 37 39 314 12 39 2558 21 73 3 314 37 2003 52 5958 68 3 14034 515 11750 13995 12 3 14035 21 1784 142 3 1621 37 146 14036 6 23 275 39 1380 1298 52 3 14037 115 23 14038 598 115 39 2611 73 37 39 4804 4663 12 3 14037 37 14039 220 68 8370 3 4663 2061 12 3 14036 6 63 21	3 2583 515 324 4193 12 146 5621	0
146 2069 1077 51 226 39 51 30 62 18	39 6871 2069 115 275 233 2149 112 3 2647 247 428	1
32 37 39 2101 5448 3126 78 73 233 261 12243 54 3256 21 146 2069 363 2360 5199 515 14040 365 52 3 14041 13839 6 3 2069 44 46 13809 14019 8 39 11735 18 6019 2292 3 5819 52 6068 3126 6 14042 6 30 14043 262 21 60 4117 54 4435 46 14044 135 1454 3713 68 46 332 68 135 18 6020	39 4013 12 7528 6126 428	0
21 60 4117 39 314 37 314 12 39 2256 2558 14045 12 2715 115 176 13996 3 2715 54 46 3149 14046 363 375 68 2296 30 1605 14047 365 515 14048 363 1519 68 129 30 1605 14047 365 18 3 314 54 46 14049 8 3 314 4753 13984 515 3 2076 12 3 314 54 46 76 8 14050 18	39 1184 12041 12 39 447 2159 11908 428	0.8
39 2601 1353 39 880 63 39 353 12 3 232 12 623 7906 21 39 2407 18	46 3 7697 21 39 2387 515 2407 428 46 3038 428	2.2
146 12243 37 332 68 13982 39 4674 12 3 908 2327 8 3 1621 18	2470 2975 515 764 8108 489 1433 515 1310 428	1.4
146 14051 37 2307 38 515 14049 8 146 2857 12243 68 46 463 68 39 2101 377 12 14052 594 2332 12 3 14051 44 46 2327 6 598 63 453 12451 6 62 4753 12 4753 3052 6 1975 6 3569 6 30 3 2411 12 73 23 37 14053 3 14051 44 515 44 45 46 39 5448 12243 18	39 14054 3780 12 14055 14056 428 38 21 39 5250 210 12 14057 30 446 112 405 4508	0.2
39 14058 503 39 14059 4753 1076 8 14060 3 14061 12 39 2729 115 3 14059 4753 1076 14062 39 5224 4753 12243 115 37 3467 21 8592 3 2729 44 3404 21 112 23 18	145 410 515 6943 428 46 12 1213 428	1.5
39 1443 13807 39 1226 6 2132 39 4802 61 6 21 233 2313 4753 13808 3 2313 4753 12323 44 46 2427 63 2245 515 11818 21 39 12226 4434 6 515 23 44 46 9342 13809 63 39 314 4753 12 4753 13810 4049 44 46 446 63 39 485 476 12241 12 3 2313 4753 12323	128 6 14063 6 515 6909 21 39 2101 219 428	0.6
60 4117 4401 262 115 1975 13785 63 2003 13786 6 515 13787 18	3 1676 1675 8 39 1215 428	3.4
3 1216 6 39 5357 515 2408 6 14064 1216 68 39 4739 515 2337 2486 12 1230 6 3 12282 6 142 3 3251 4753 12 4753 2149 44 34 46 13960 233 12 3 262 21 60 4117 363 11813 6672 365 176 7035 262 446 21 39 14065 6 14066 258 18	3143 3 2638 12 392 6 63 8 146 2042 6 6006 515 621 428	1.6
3 2548 463 39 3212 21 846 63 11646 112 146 14007 18	39 846 385 14067 63 447 63 3 3212 1834 428	1
146 7099 13962 146 11735 21 1389 68 274 39 3781 18	463 186 1213 428 117 77 515 14068 112 39 2361 3781 515 112 453 11750 515 4592 3781 428	1.4
60 4117 1635 39 13798 33 3220 293 3 2383 12 2215 515 14069 23 523 4713 2078 142 39 13798 37 2465 18	46 2909 12 3 6119 12 392 428 65 39 9534 515 5324 21 392 428 5790 63 2471 4580 289 152 428	1.8
3 262 21 60 4117 2209 4230 21 73 146 7099 515 39 3029 7161 39 14070 3 974 4753 314 12 3 1641 73 37 390 469 5907 44 34 46 3375 21 3 51 12 3 14070 21 598 1784 6 3 1641 37 2197 13809 63 39 14071 14072 12 3 974 4753 314 6 21 73 517 3 1641 13932 37 13809 26 39 1115 13932 3722 18	6867 39 11588 6807 6 63 52 3 4642 6 12030 6 515 9828 428	0.8
39 391 4753 3524 37 12256 68 233 363 11864 13813 365 9410 1385 39 3658 8573 6 515 37 45 12256 90 12 3 8573 18	2470 4341 3303 21 14073 14074 428	0
21 39 2051 6 39 4639 4753 12 4753 596 37 76 115 2205 39 3677 12 3 2051 52 1848 596 3446 68 3 14075 21 60 4117 3 876 30 3677 176 4044 14076 6 52 3 4639 4753 12 4753 596 38 13746 18	1231 596 198 428	1.6
39 1443 14016 39 2159 2051 30 1897 3 2317 6 2132 68 146 14077 3 2317 44 46 3 2051 14078 515 39 1991 12 3 2051 18	225 226 6 14079 6 30 229 109 11032 392 115 37 2159 515 5229 428	3.4
262 21 60 4117 65 68 55 52 39 13798 2035 2909 363 515 45 2035 2909 365 12 3 291 1856 16 14080 6 73 44 46 2465 14081 515 14082 18	46 332 68 4830 6 12040 63 2035 2110 428	2
3 1216 6 39 5357 515 2408 6 14064 1216 68 39 4739 515 2337 2486 12 1230 6 3 12282 6 142 3 3251 4753 12 4753 2149 44 34 46 13960 233 12 3 262 21 60 4117 363 11813 6672 365 176 7035 262 446 21 39 14065 6 14066 258 18	43 63 39 2529 428	0.8
60 4117 5525 12104 2299 3166 991 671 363 372 13869 9993 365 52 233 4786 2061 30 13870 49 44 46 2830 11739 6 11652 523 12 39 3158 12 4205 511 176 2909 12 511 37 30 511 37 45 39 4944 4040 6 515 49 44 46 5183 30 13871 6 598 63 3 4669 12472 7137 515 3 9507 1076 18	39 2313 10036 12 510 52 246 726 428	2.25
21 60 4117 146 13753 37 2427 8 39 363 2132 14083 365 3832 52 5958 68 3 6732 515 14084 12 271 515 395 3838 18	14085 198 6779 14086 515 1007 428 14087 515 14088 428 14089 4655	0.6
146 876 5815 39 2051 6 2782 2159 6 598 63 39 3683 6 515 2547 6 598 63 39 3463 6 115 5877 5407 4802 14090 6 30 44 65 39 2361 13909 21 14091 3 2051 44 4912 596 293 453 5408 6 497 3 14092 37 45 146 13932 21 60 4117 18	14093 515 9173 39 11985 2051 428	1.33333333333333
39 11580 4753 12243 6 11580 4753 247 6 515 11580 4753 13770 2549 39 2140 4753 12243 6 2140 4753 247 6 515 2140 4753 14094 3 14092 6 2140 6 9022 515 233 10151 12 23 37 45 67 4249 6 56 5163 8 3 11580 9022 18	764 68 371 515 1359 428	2.6
60 4117 5525 39 247 21 73 146 3123 1874 271 515 395 13936 3 3123 44 65 1011 68 579 6995 12 623 9928 363 3345 6374 515 9152 365 515 44 65 10078 14095 623 9928 18	1326 68 579 515 68 1311 428 2430 68 65 6 2782 11550 515 21 146 3657 258 428	2.2
227 14020 2209 3 451 12 14096 515 14097 12 146 7099 6 2132 52 5790 68 243 625 363 3 14098 365 30 2197 52 5790 68 39 2361 14099 3 14096 330 14100 52 5958 68 3 543 44 46 14101 21 363 2465 8 365 146 7099 515 8 233 5191 363 11813 6 4856 365 6 515 8 233 3838 12 3 7099 6 3345 6 3 11580 4753 3455 18	14102 30 14103 21 11136 515 12226 428	1.6
233 1309 185 39 13798 68 104 12 39 2047 5357 4075 68 453 12045 2373 18	302 3 14104 12 146 6757 428 21 11705 428	0
146 14051 37 2307 38 515 14049 8 146 2857 12243 68 46 463 68 39 2101 377 12 14052 594 2332 12 3 14051 44 46 2327 6 598 63 453 12451 6 62 4753 12 4753 3052 6 1975 6 3569 6 30 3 2411 12 73 23 37 14053 3 14051 44 515 44 45 46 39 5448 12243 18	39 495 4996 4193 363 2132 14105 365 4833 112 3186 3257 428	0
2548 1078 39 695 6 511 37 2 7652 12 2470 6423 39 9242 363 3 1738 365 6 30 224 214 330 395 186 14106 841 819 1722 26 1738 12 10620 18	949 39 1078 21 39 841 4432 428	0.8
3 3677 14107 68 39 2051 68 75 453 14108 327 39 2361 377 12 5357 37 6334 21 3 2051 18	14079 392 115 37 2159 515 5229 428	1.8
60 4117 5877 4847 13849 39 2079 515 388 78 146 2450 14109 18	363 2132 4761 365 3 4411 515 2079 515 886 12 39 6478 14110 21 146 14111 14109 428	1.6
39 2051 37 146 12243 115 5877 4802 6 3089 596 26 39 5408 6 3416 8 146 876 226 3 62 4753 12 4753 13780 23 44 46 39 5448 12243 115 37 38 12 39 2101 2411 6960 23 44 46 10119 112 146 13781 18	39 2159 77 515 11908 115 275 448 5736 363 5229 26 2107 3236 3461 365 428	3
146 14112 37 3496 112 453 3658 68 984 3 974 3720 12 146 14113 3 4238 115 3 13912 14114 21 68 222 3 692 30 3 3180 21 73 3 14112 37 3496 44 34 46 3167 18	2470 515 7688 39 12165 30 11793 451 12 692 515 13922 515 13923 692 428	1.4
146 12243 2091 226 39 2361 3524 6 226 39 2361 62 6 63 14115 8 146 14083 14116 39 14117 30 330 515 4512 2611 37 2197 14118 60 4117 2506 198 9308 21 115 3 3524 37 13762 63 39 2874 142 146 14119 37 14120 12 63 14121 3 12243 33 14122 21 233 1784 6 3 3524 44 46 14123 198 2263 115 230 1861 10277 596	3 1144 12 2035 14124 428	0.4
146 12243 11006 233 1393 363 3 2069 365 115 37 363 515 37 14125 63 365 14126 18 363 60 4117 2091 2067 68 2346 501 14127 68 46 6321 18 365	285 515 14128 2769 6 2132 14129 428	0.6
3 14130 37 39 14131 3524 63 2003 8 14132 60 4117 4713 4592 14133 2850 6 2499 3040 330 5003 1081 30 1961 12 1767 18	39 4897 11148 12 3 1535 8132 16 2256 1961 12 1767	0.8
146 12243 37 3496 68 46 14134 14135 515 14136 567 68 39 363 4435 14083 365 3832 18	160 14135 68 3 1444 428	3.2
3 262 21 60 4117 2209 39 254 12 62 6 63 5968 68 39 551 21 62 18	146 4783 254 363 2132 2920 8 2241 2302 515 2625 365 428	2
146 7099 515 12243 1069 5150 3713 68 1404 39 14137 13839 6 146 1230 515 11974 54 46 2837 12 63 2069 115 14138 39 14137 21 60 4117 6 3 7099 6 12243 6 515 2069 54 46 14139 63 2035 26 39 3571 142 39 1393 12 1997 515 3180 10574 23 21 4271 52 3 524 12 3 3825 26 3 3571 18	8370 515 1404 39 74 515 79	1.2
146 12243 8504 109 11984 21 2320 68 261 2704 12 453 3569 18	2012 8 146 2576 515 1774 2576 12 14140 515 4238 428	0.4
3 71 68 61 1358 132 6 3 232 6 37 14141 363 9342 515 4044 365 8 3 71 68 243 1358 132 6 3 14142 6 3345 48 3 71 68 3 14142 37 2038 6 3 71 68 3 232 54 46 14143 3 451 12 14144 764 30 3 3180 2 73 3 14145 1239 54 34 46 2465 18	39 5162 598 115 61 130 37 2140 26 243 428	2.4
60 4117 5525 3 2302 12 39 14146 6809 12 358 18	363 14147 365 3 601 206 4469 12 358 176 14148 363 11985 4467 30 14149 365 30 10783 363 11985 14149 30 11603 8 3 11936 365 30 6433 363 14150 3 11936 365 428	1.2
227 262 2209 3 4123 12 2662 115 39 1443 37 3496 8 39 363 2132 13938 365 3832 68 145 6 2782 21 39 2241 9987 515 5408 515 21 14151 63 21 261 7035 13772 6 5191 44 34 46 2465 18	1103 12 2795 515 14152 428 515 177 1294 48 289 159 428	1
146 12243 37 2722 63 2470 448 1805 515 10251 8 39 363 2360 13813 30 14153 365 13798 26 39 2101 2076 12 14154 6 3663 3 12243 68 65 39 2101 451 12 14155 112 3 13798 18	46 6191 515 14156 52 39 625 515 146 960 428	2.6
262 21 60 4117 2209 3 4411 12 146 1230 52 5958 68 39 616 12 4856 515 14157 146 960 44 34 46 21 14158 515 14159 12 3 616 8 5365 12 453 9308 6 3524 515 9928 18	363 12 39 6153 365 772 1856 3 7078 3615 428	0.2
227 262 3132 68 2715 14160 68 520 39 2558 18 363 3 2715 44 34 46 14161 63 314 4753 1429 30 314 4753 609 18 365 32 37 39 14162 1298 1856 3 5822 115 11684 3 75 6 30 9297 3 2715 176 3300 30 176 181 2262 4024 9806 115 176 4015 14163 515 14164 21 3 2558 18	39 3584 12 183 115 65 448 9037 428 146 14165 12 2025 2715 515 11718	3
39 14166 14051 6 2973 515 5448 6 73 37 446 68 12305 596 2722 2552 3 960 18	39 11860 4193 26 73 596 54 46 11275 68 3003 2594	2
262 21 60 4117 65 68 55 52 39 13798 14167 115 233 5357 24 224 51 21 3 13744 233 262 21 3 4117 363 11813 14168 365 3018 115 3 5357 37 14169 34 68 46 2471 6 323 557 55 45 18	225 2472 68 3 11602 11974 12 428	2.2
39 14058 503 39 14059 4753 1076 8 14060 3 14061 12 39 2729 115 3 14059 4753 1076 14062 39 5224 4753 12243 115 37 3467 21 8592 3 2729 44 3404 21 112 23 18	410 68 233 2563 428 410 52 2563 515 8790 428	2
146 12243 37 13937 186 39 965 63 39 314 12 39 363 11864 13938 365 2558 73 44 3132 68 3 2558 965 515 5198 68 39 13939 12 3 965 18	39 14170 12 3597 21 39 3727 428	0.6
3 262 21 60 4117 3132 68 11977 4461 30 3 14171 12 555 4461 18	3 12178 2465 26 39 625 33 1139 428	3.4
14172 63 2003 8 453 317 18	39 6934 115 275 448 1923 68 5207 233 3781 428	2.4
39 5357 37 14173 52 5958 68 3 451 12 14174 115 23 24 46 12045 30 2038 6 76 3 363 2132 14083 365 4979 6 13773 6 30 3 3180 21 73 23 37 14175 112 1412 12 3 13751 6 598 63 4101 6 14176 6 4391 18 6 3 3569 12 3 4979 37 11985 8 3 1811 260 2035 39 14177 222 18	46 515 2399 4101 515 2203 428	3.2
60 4117 1635 39 2241 13763 12 13764 12 39 3569 73 176 13765 21 1994 12 623 2373 68 39 13766 4204 12 3 13767 3 12226 12 13768 44 46 38 1814 39 2101 3251 18	14178 363 327 14179 365 68 39 3029 515 2267 515 6119 428	0
146 12243 54 4941 39 466 6967 4674 236 63 68 11707 7853 30 9697 18	10540 68 1089 428 14180 12 2035 14181 52 428	2.2
13751 21 60 4117 14182 39 13853 5796 30 2209 14183 226 3 4229 3047 26 39 3571 18	14184 35 37 501 515 6734 515 1310 428	0.8
146 1370 52 3 764 68 117 5940 763 1519 39 2268 808 39 132 2722 21 39 2313 515 11739 517 18	96 52 1370 428	2.8
60 4117 4401 262 115 1975 13785 63 2003 13786 6 515 13787 18	3 1676 1675 8 61 12 3 11582 9811 6409 12 39 1215 428	3.2
39 1443 14185 3 9069 12 146 5796 12 146 12243 8 39 451 18	14186 515 2541 161 515 12101 21 451 515 3388 428	1.8
146 7099 14187 6169 2666 3495 39 13886 13839 6 39 13746 4753 12243 3467 21 3 2729 54 46 2465 21 51 12 39 2729 4434 18	4238 14188 5959 177 515 2794 392 428	1.2
60 4117 275 68 55 52 399 14189 3 4180 13802 21 60 4117 4912 3 1802 1184 14190 21 73 14191 176 14192 421 26 501 5991 14193 227 14190 176 14194 2079 21 60 14195 3 2704 515 14196 12 3 2079 37 2197 2465 52 3 317 12 3 14197 14037 18	363 14198 365 11851 3158 5831 61 515 485 3384	2.8
60 4117 5877 262 4010 68 5066 12 2563 18	39 2361 854 2327 63 3 62 392 4821 428	0
39 625 515 559 37 2035 2427 21 1994 12 623 14199 6 21 261 262 3 2607 12 514 21 623 9928 18	2470 1294 514 515 110 6744 428	0.8
146 14200 1825 146 621 421 26 39 14201 60 621 5877 39 2549 4753 3158 515 4578 4753 5248 73 37 3289 52 39 10386 4753 3158 515 5187 4753 5248 21 1389 68 1359 3 353 18	39 3825 544 73 261 307 54 46 3289 21 39 399 621 428	2.6
39 1443 14185 3 9069 12 146 5796 12 146 12243 8 39 451 18	45 9023 515 14202 428	0
60 13751 21 60 4117 3132 68 5991 9806 14194 8 3 13932 14203 146 11699 37 2427 63 392 115 54 46 6316 6 515 65 3341 14204 5991 11634 30 2814 6 2141 3 2267 12 2848 37 2197 446 12116 112 14205 9806 73 14206 515 3455 63 48 49 65 4631 2848 18	5007 183 14207 428	1.6
60 4117 5877 4847 13849 13850 12 13851 3 13850 44 46 2427 8 146 13852 18	39 2076 12 14208 363 437 515 2710 4391 18 365 3236 3461 26 61 1021 428	0.2
60 4117 275 68 55 52 3 14209 363 30 3081 3 2275 12 14209 365 12 146 13953 405 12 3 14020 30 14210 21 60 4117 176 421 26 4847 21 3 13822 4753 1181 4117 18	2470 181 1380 4842 515 3388 428 4743 2038 515 14211 13891 428 1433 515 14212 515 6734 428	0
60 4117 5877 13818 4847 363 30 233 14020 365 13849 13860 12 39 4170 515 12 13851 63 5968 68 14213 262 598 63 3158 6 506 6 227 2363 55 45 65 39 4411 63 14214 26 623 14215 2947 6 226 612 6 133 13820 143 2363 12 4171 30 12 4205 21 60 4117 6 4448 133 44 3890 3 4117 1814 227 3615 2352 26 18	45 14216 515 4229 428	0
3 4123 12 146 12243 37 13867 21 1994 12 3 451 8 73 23 13941 198 3 14217 3 4123 2370 68 3 2607 12 14218 1990 115 37 1675 8 3 12243 18	2830 959 21 4123 515 2076 515 1360 428 2256 489 557 12 453 377 428	1.8
146 7099 515 3029 288 39 1079 4753 4040 314 12 13838 3 3158 44 46 2013 8 146 5248 2007 4753 4040 48 23 9177 3 9308 12 39 506 12 2704 18	117 146 4303 363 68 365 428 3449 515 5291 515 11163 52 557 428 984 3 3388 6 2363 6 4123 515 581 12 428	1.6
13751 21 60 4117 13792 115 3 2071 12 39 3569 37 14219 14220 60 4117 2360 4534 5728 13932 3722 13880 428 273 2043 18	2025 30 4024 198 557 12 3 250 3158 515 4932 428	0.4
21 60 4117 6 73 37 39 314 12 3 845 5773 6 39 3832 525 39 2268 52 5958 68 3 1738 544 3 13020 21 39 2361 517 18	96 26 30 117 39 14221 293 428	0.8
60 4117 1635 9806 14015 2035 3241 68 8 2361 2017 18	39 2161 1181 8 73 39 625 515 130 37 2038 428	2
3 4180 13802 21 60 4117 65 68 55 52 146 12243 2035 21 39 1144 12 1389 515 14222 2197 3 12243 37 13938 21 60 4117 30 37 6 2037 6 2920 63 39 14223 14224 18	2450 14225 1144 363 3081 12 2719 365 428	0.6
3 4180 13802 21 60 4117 176 12817 12 39 13798 33 2535 293 515 14226 26 39 1144 4753 12 4753 14227 3 1144 4753 12 4753 10054 54 46 2465 519 39 13798 21 405 1784 6 63 3058 21 3 1023	4976 39 14228 4938 14229 428	0
39 13746 14230 275 39 11675 12 14231 78 39 2256 75 18	14232 63 76 8 12041 186 2715 12 2092 4512	0
39 13798 13642 39 1079 4753 158 186 2719 18	117 39 4703 6 117 39 1079 2268 428	2.6
146 13912 13913 39 2101 11675 12 3838 6 39 12182 6 73 13914 112 39 7943 254 12 62 21 3 13912 33 2848 30 37 11738 63 314 12 271 5752 515 4488 13915 3 12182 37 45 2202 606 12104 6 30 44 67 46 3 353 12 11758 18	39 13759 1144 515 1272 12 5007 428	2.6
39 625 275 39 2361 7528 1144 30 3 4208 68 13794 21 146 4238 52 14233 6 2999 6 30 14234 18	14235 30 2999 21 1230 515 4434 428	2.66666666666667
60 4117 5877 13751 115 1861 3 520 73 39 3868 12 3887 14236 3 520 44 34 2100 3 6089 974 12 146 14237 33 14238 3 520 44 46 1848 2012 8 3 62 12 233 3887 33 3052 515 261 14239 18	363 14240 365 61 12 2196 601 5629 12 3718 14240 14241 8 3 3569 12 11540 30 11541 446 515 39 2391 1923 198 3 2196 601 8 3 259	0.6
14172 63 2003 8 453 317 18	39 51 142 77 37 266 428	0.2
146 12243 1378 3 14242 112 3142 21 146 13953 39 451 14072 44 46 4510 68 3018 8 97 98 3 12243 14243 515 1516 287 12 3 3905 3122 18	363 2132 6384 8 14244 729 365 2470 3 2557 170 515 5485 515 14245 515 1370 68 55 392 428	0.4
39 625 363 3 13798 365 6305 68 393 392 363 3 7615 365 6 327 779 39 75 12 14246 60 1393 21 9534 37 2132 14247 8 39 625 515 3868 12 14248 2199 262 21 60 3251 176 2565 8 2263 11924 5408 6 3345 115 73 3 7528 7615 37 293 18	3143 779 39 12016 6 1684 6 621 6 10093 6 515 5397 428	2
60 4117 5877 13884 30 4847 115 5068 3 3455 12 39 1443 68 4006 39 2662 68 233 13909 1374 13910 39 2076 12 3 262 54 46 446 13911 6 598 63 5644 30 11677 18	1144 515 229 1848 428	1
60 4117 37 4962 52 3 14174 12 39 3258 4753 2069 14249 3 3258 4753 2069 37 453 523 2631 4117 14250 5734 115 21 3 517 142 39 14037 2611 37 3 2978 12 3 1216 3799 6 115 14251 37 34 11522 63 3258 4753 2069 18	5866 6039 417 428	0
21 60 4117 146 14252 1077 39 2792 186 271 515 395 14253 3 9746 4753 7955 54 1978 63 39 371 960 18	224 515 14254 363 3235 515 14255 365 428	1.8
3 14256 2108 39 2662 515 7035 26 39 2361 13988 262 21 60 4117 13792 2072 12 14257 7035 6 56 1861 3 14256 633 489 3 1443 63 146 6812 4663 18	68 3048 30 223 428	2.6
3 14130 37 39 14131 3524 63 2003 8 14132 60 4117 4713 4592 14133 2850 6 2499 3040 330 5003 1081 30 1961 12 1767 18	2411 21 3 1031 3722 12 3 4193 12 3 4746 21 73 2610 54 5079 363 3081 52 3402 68 453 3388 515 317 365 428	0.8
60 4117 275 68 55 52 399 14189 3 4180 13802 21 60 4117 4912 3 1802 1184 14190 21 73 14191 176 14192 421 26 501 5991 14193 227 14190 176 14194 2079 21 60 14195 3 2704 515 14196 12 3 2079 37 2197 2465 52 3 317 12 3 14197 14037 18	363 14198 365 39 11851 3158 5831 61 515 485 14258 428	2.8
39 13773 5897 3 3524 12 39 6334 4753 12243 78 39 2874 18	1206 2326 779 9998 428 212 3 3524 12 392 115 245 9497 515 1207 428	2.4
21 60 4117 39 1443 7450 146 13909 112 392 6 515 68 5289 109 233 1230 18	363 2197 4761 365 39 11787 76 8 39 9431 363 11813 6 39 1229 515 685 14259 1018 365 115 1366 46 14260 428	2
39 3868 12 4979 5826 115 146 2069 5891 6 515 14019 6 12243 248 6489 5926 6 21 39 3524 18	146 12241 115 392 275 448 2647 428	3.2
39 2407 6305 68 146 748 6 52 39 2601 8644 6 881 6 515 2869 544 146 2904 363 515 6333 365 2148 68 623 3216 18 363 21 3 14162 247 12 39 5572 6 3 2601 30 2904 44 46 14081 3375 63 14261 18 365 2148 68 3 3216 115 3 2601 30 2904 65 13973 6 49 44 6459 39 2079 515 39 14262 3 10897 44 34 46 3375 18	3662 853 515 167 21 39 4779 515 3627 2502 428	1.2
