7510 1624 446 729 513 37 485 729 5606	21 1934 6 1624 446 729 513 37 485 729 5606	3
756 1838 7499 68 10307 10308 2876 729 969	9767 756 1838 10309 68 653	0.4
6623 1025 1636 1020 1022	6623 1025 1636 1020 1022 26 3534 2590	3.8
8288 906 909 360 10310 7548	908 7642 906 909 360 10310 7548 105 912	3.2
10311 10312 3827 739 967 21 9683	10311 10312 3827 739 226 612 967 21 9683	4.6
4920 12 832 1599 756 6098 63 9387 3101 12 669 510	1008 6 4920 12 832 7748 756 63 10313 3101	4
7702 5844 21 7704 8180 33 2502 805 1079 10314 1928	7702 10315 360 1980 3808 1062 1928	3
769 770 774 21 723 1348 1327	769 770 774 68 1447 21 718 3500 1327	0
968 1793 105 10316 7612	968 1037 10317 10316 7612	2.8
1507 1508 711 1258 21 1255	1507 1508 909 21 832	1.8
843 1136 112 729 758 10318 729 1928	708 7744 843 112 135 758 10318 135 1928	4.2
832 1229 841 657 10319 68 756	832 1229 841 657 10319 68 839	5
1829 10320 10321 5624 1693 428 1970 1077 39 1984	1829 1970 10322 779 1693 26 10320 10321	4.6
10323 10324 637 5894 977 683	946 758 637 5894 977	2.6
1602 706 21 2511 3500 1327	1066 2748 192 701 21 2511 1935 1327	3.8
1579 10325 1802 2901 2876 21 1572	1802 2901 2876 3508 21 1572	3.4
7255 1138 729 7729 729 21 892	7255 1138 7680 7501 21 892 6 229 841	5
1525 1548 52 1520 1007 21 1550 888 6 1566	1525 1548 52 1244 1007 21 10326 888	4.2
831 1830 738 1576 832	831 1690 7323 186 832	4.6
10327 938 21 1251 806	8238 1342 1484 1251 806	0.4
882 706 21 1079 10328 10329 1284	10330 701 729 21 1079 10328 10329 1548	2.8
1264 544 22 737 909 21 972 10331	705 706 21 1008 737 738 21 7074 743	1.4
895 706 21 1935 1529 21 743	1423 706 21 1532 1529 21 7074 743	3.2
10332 1789 920 1032 68 1393 226 10333	10332 1789 920 1032 68 1177 226 888 12 1945	5
735 819 779 1628 7136 965 829	1479 819 63 7136 965 770 774 68 10334	2.4
1507 1508 739 1555 226 22 69 21 1478	1507 1571 1089 22 69 21 1478	2.8
10335 10336 68 10337 6 3088 63 7122 10338	1554 6934 8169 10319 68 7122	0.6
674 809 7896 1210 10339 52 811	674 809 729 7896 729 1210 6364 52 811 809	5
2696 6768 10340 2344 6 5482 10341	1008 1517 576 2210 112 10342 6 10343 5482 1187 10181	0.6
1579 842 1423 2901 3507 21 6834 743	1579 842 742 2901 8973 21 743	3.4
5442 7280 1147 1755 198 2602	5442 7280 7282 198 3061	4.4
7105 7106 68 2473 4529 511 779 1187 1503	7105 7106 7107 7108 2015 821 4529 511	4
10344 1074 808 5894 977	10345 7612 1339 1074 808 832	0
1017 706 21 1255 721 1414	1423 706 21 1255 698 1089	1.6
1130 511 506 2478 26 1693 26 3064 7510 868 12 4927	1130 729 511 506 2478 10346 729 26 3064 7510 868	5
7122 1063 842 7517 8071 21 1478	790 12 1063 842 1423 841 21 1478	1.4
708 7339 7340 68 7343 544 7342 1435	708 7339 7340 68 10347 544 7342 1399	4.2
659 1236 1237 1234 1238	669 374 1236 729 1237 1234 10348	1.6
872 9514 1231 10349 226 7137 779 1628 704	9514 335 68 872 704 257	2.6
7337 7142 6410 63 1595 2015 821 374 1236	7337 7142 37 1595 33 374 1236	4.2
10350 6338 10351 2477 1716 872 1282	6823 375 6338 10351 2477 1716 1282	4.6
609 701 21 7136 1284 808 10352 757 2015 821 1109	7136 7745 757 4540	2
10353 21 39 10354 779 8559 1529	5947 10353 318 21 39 10354 3135 112 271 2848 1023 4902 1529	4
742 706 21 956 841 3247 1089	8259 706 21 708 841 3247 1089	5
1484 4075 68 938 112 676	1484 2230 800 779 1251 10355	2.2
7568 10324 30 10356 10357 21 852 293 10358 39 9109 10359 10360	7568 10324 21 852 68 2940 9109 10359 21 10360	4
1829 1208 1028 21 723 6 2677 706	1829 1208 1028 21 755 1853 12 10361 6 2677 706	3.8
988 989 729 5163 729 68 9837 10362 1928	988 989 569 932 852 808 4779 165 1928	4.4
1787 10363 7259 21 63 1079 1986 8180 6 10364 6974	683 1787 10363 7259 21 63 1079 1986 8180 6 10364 5947 6974	5
690 756 1076 68 6729 476 806	690 756 1147 806 6729	4.8
7136 965 829 769 770 711 10365 105 709	7136 965 829 769 770 3358 10366	2.6
10367 7029 4040 10368 3179 198 1674 21 723	10367 7029 4040 10369 10368 1704 198 1674	4.4
10370 10371 10372 68 1282 6 764 932 7794 21 10373	10374 105 10370 68 394 1399 21 1282 428 3725 7794 21 10373	4.2
10375 1944 1327 792 226 10376 10096 1133	1348 1327 792 226 10376 10096 1133	3.6
883 1475 1476 676 10377 8 839	883 1475 1476 676 6 1037 10378 1519	2.6
7345 10379 10380 8 1945 63 10381 10382	7345 1265 8 1945 10380 63 10381 10382	5
708 68 465 22 2457 852	708 30 1687 569 645 852	0.8
1191 7636 105 10383 26 3 3615 63 7566 7019 68 582 9697 363 3679 1608 365	1191 7636 7124 56 835 229 1693 10384 177 1665	3.8
1217 10326 2477 724 544 6543 6632 943	1217 3948 2477 1633 186 6632 943	3
1053 8048 6 10385 68 10386	1053 10387 779 87 3514 452	3.4
723 1901 674 817 851 540	811 809 649 115 674 809 275 541 7313 853 851 540	1.2
1119 12 7136 2702 7240 2876 4938	1119 3473 6106 21 7136 7240	4.4
1471 1507 694 739 2942	3392 1507 1508 739 3036 226 755 3247	2
1254 3469 21 755 1629 1630 704	1273 706 21 723 1629 1630 704	2.8
690 744 847 186 709 1733	690 744 1289 709 1733	4.6
831 1825 7323 26 832	831 1690 1079 7323 544 832	4.4
841 1693 687 688 68 1696 744 21 1582	841 1693 687 688 226 744 21 1287	2.2
10388 6236 1008 7317 6 1602 701 6 10389 6162 764	10388 10390 22 7317 6 7489 6224	2.2
659 33 2062 756 7790 676 33 1142 112 3678	659 756 1227 1707 68 663 3678 1142	3.8
1493 68 6024 7609 3065 3257	8661 68 2377 21 7609 1493 5598	1.4
10391 882 701 515 1117 729 779 708 913	1119 701 515 1117 21 708 906	3.8
6289 6664 129 8288 983 21 44	44 6289 6664 129 8288 983	4.6
609 7004 1673 706 21 1484	16 7004 1673 706 21 1484	5
3174 10392 428 7209 33 7579 9250 10393 1223	7209 33 7579 68 224 808 10393 1223	5
10394 10346 21 4725 1595 8912	10394 729 2767 3891 729 63 10395 10396 198 1595 8912	4.2
914 908 913 711 1079 7820	10397 908 913 7578 850	0.2
406 771 3469 21 892 965 829	7132 2502 68 212 2776 318 3469 21 892 965 829	3
1302 1053 1956 68 1282	1302 1053 3179 198 1282	1.6
10 1777 7162 105 811 2944	10 1777 7162 105 832	1.2
7076 1089 674 1484 1853 779 1507 1414	7076 1089 10398 1351 21 10399	3.2
10400 549 7590 112 645 938	10400 549 10401 10402 68 1440 1391	3.4
754 506 68 10403 12 10404 10405	754 1874 1759 68 10403 10406 10407 10404 10405	2.2
7004 719 637 6841 12 685 26 10295	755 719 68 184 1292 26 1008 10408	0.8
1097 6 7116 4404 63 10409 1677 1264 21 6978	10410 6 7116 7120 690 1264 854 1166 12 1588	2.6
1520 1229 2635 26 6834 1320	659 33 1229 1077 2549 808 1285 1286 6 6972	1.6
674 809 3025 7972 1161	674 809 1821 68 7720 851 480	1
10411 1838 1404 112 1972 854	659 7059 757 1136 112 1479 1336	0.6
2656 21 331 6 6081 1017	2656 21 331 6 10412 1547	1.4
7570 1728 68 7862 1503 21 846	7916 7579 1728 68 10366 1503 21 846	0.4
22 648 654 6216 8422 276	23 33 1377 105 276 1224 26 135 6216 8422 135	3.4
1218 2992 112 10413 21 872 6 3179 52 3248	1218 6132 808 21 872 112 10413 6 76 3248	5
850 33 7503 724 12 10414 21 832	723 6 708 4962 293 1520 1469 21 832	1.4
832 865 902 12 1628 7054 10415 688 1089	22 7786 108 410 68 10416 1409 2160 1063	0
708 1020 1454 344 779 996 126	708 1020 1454 344 26 1424	3.4
723 7920 191 1426 3169 1515 415 68 7312	723 7920 191 10417 1515 415 68 7312	3.4
841 842 1190 6 212 1555 485 701 21 10418 1306	1187 701 779 841 7793 52 1190 10419 21 22 1306	2
10420 30 10421 6509 12 334 10062	10420 30 10421 6808 21 1116 334 517	3
10422 906 711 743 105 8068	10423 913 711 1528 743	3.8
445 1464 26 669 494 1368	1550 4515 10424 808 832 494 1353	3.8
708 1020 1454 1022 26 777	708 1020 1454 344 26 1424	1.8
10425 10426 1856 4746 30 4894	10425 3358 4746 21 10427	4.4
1663 112 1484 7304 10428 7745 10429	988 68 1939 1484 709 68 1663 6834 7745 1489	2
16 8689 10430 9657 60 5673	642 4650 2285 3 10431 26 10432	0
1691 1939 112 669 494 834 2239	832 10433 494 834 186 4720 6 6317 7425 1389	2.6
8180 84 971 701 21 872 4641 1118 704	7132 961 112 10434 12 872 1121 1118 704	1.4
609 706 6 742 1889 21 1063 21 1255	967 706 6 4566 1889 21 3642 1063 21 1255	2.2
54 3 1008 4227 832 68 4642 808 494 834 174	22 84 832 44 65 446 10435 688 21 494 834	1
9711 10436 10437 10438 1120 706 21 1348 1327	10437 10438 6 9711 2887 4089 6 868 21 1348 1327	3.4
7136 653 1672 375 10439 68 769 112 1126 1127	923 1037 7877 4824 4825 26 1126 1127	1.8
7146 6331 7697 12 7883 1589	7143 105 7146 6331 7697 21 7883 938	4
769 770 7834 68 967 21 910 1278 10440	910 105 769 770 774 68 742 21 910 1278 10441	3.6
1960 653 10343 1285 1286	659 653 10343 1285 1286 729 10442	3.8
7503 10443 21 850 1251 938 150 10444 1992	7503 10443 21 10445 850 5631	4.2
1877 6 1525 10446 808 3212 8241	1520 803 1142 112 6815 647 186 517 12 3212 4141	1.2
841 727 21 1260 2512 691	6464 21 2512 1141 852	0.6
10447 1869 542 68 6809 109 10448 10449	1572 1147 5430 68 1393 10448 10450 10449	2.2
7987 985 729 1513 729 10451 852 808 7972	674 809 985 10452 852 52 22	1
892 10453 1641 135 6697 544 3 3350 135	968 6560 1641 868 21 1396 1282	1.8
1579 842 1415 2901 3507 6 1429 7103	1579 842 742 2901 3507 21 743	2.8
3778 8 3 10454 12 920 3101 10455 10456 26 3 1980 10457 12 1063 21 1255	3778 8 3 10454 12 3 988 920 3101 6 10455 10456 6 26 3 7655 12 1911 21 1255	3.2
659 9146 1244 211 7061 691	659 1504 112 6303 691	3
10458 1001 746 68 10459 1522 7100 1303	831 894 68 1103 10460 1522 7100	2
1008 4003 10297 1738 10461 10462 10463	22 4003 10297 1738 544 7049 808 10464	3.8
1525 3533 243 1550 888 3591 1264	1525 729 375 3712 662 938 3089 1373 645	0.4
7136 965 829 769 770 711 10465	7136 10466 769 770 7834 68 10467	3.6
1520 10468 10309 808 7432 5430	754 10469 1520 1381 808 7431	2.5
956 476 33 765 2155 1423 1503 1674 112 6560	956 476 2015 821 765 2155 1423 1503 2015 1674 112 10453	4.2
609 701 6 609 1117 21 10470 2951 27 1603	10470 105 609 701 6 609 4586 21 2951 27 1603	5
7156 913 8070 7074 743	7156 913 711 7095 743	3
1000 1455 1062 6094 1292 1077 5824	1000 21 10471 27 729 10472	4.2
8363 1876 21 7136 1264	1429 706 21 7136 1264	2.2
1130 819 779 841 1018 1096 21 10473	7536 5441 1001 8110 12 1018 511 10474 769	0.4
798 374 1236 1420 805 691	1386 374 1236 1039 335 68 10475 26 744	0.6
650 68 10476 26 1165 21 1144 12 3 3042	10477 105 35 68 225 112 21 650 33 1144 12 3 3042 3463	2.2
2097 1690 10478 10479	2097 729 176 5027 1819 334 10480	1
1255 637 659 782 26 663 6972	1255 637 659 782 26 10481 663 6972	4.8
723 525 10445 1232 68 1137 10482 1292	723 525 10445 6049 68 10482 1292	3.8
1602 6509 21 10113 10304 7208 517	10113 105 1555 108 1674 62 21 10304 7208 517	2.8
10483 10484 6 5024 10485 314 203	10483 10484 6 10485 68 10486	4.4
1190 2748 843 701 779 1886 8302 1603	1190 2748 843 701 779 10487 8302 10488	5
650 10489 1665 26 5894 656 21 1544 4006	1709 1264 5894 977 21 933	1
8301 12 1414 739 967 21 1255	721 4720 842 226 612 7490 21 1255	2.2
21 2777 122 6 650 7950 832 738 26 569	650 7950 832 738 26 569	4.6
831 909 832 63 807 970 26 834	1626 909 4782 8071 21 832 33 10490	1.8
1579 842 3263 510 21 7824 743	1489 842 705 2942 21 7824 743	2.6
3 10376 10096 1348 1327 226 39 10491	16 701 6 10492 4586 21 10376 10096 1626 1327	1.2
735 819 779 1628 7136 965 829	2876 1264 779 7136 965 829	2.2
4141 10493 10494 8035 772 8 10495	1200 10494 10278 37 39 10496 10497	0
848 4739 808 10498 33 769 1079 596 73 275 448 7810 68 3 841 10499 68 3 969 12 643 10498 30 10500 10501 37 2837 68 4912 146 6503 115 49 2721 9350	10498 30 10501 769 268 2718 1079 3 969 12 643 10498 30 10500 1668 10501 176 2035 6340 226 2344 8 841 779 49 2718 596 18	3.5
7049 7450 68 546 21 723	7049 2289 375 723 1608	1.4
956 1397 1454 1022 1424	956 1397 1454 344 777	2.2
2568 3820 68 3029 10502 10503 68 10504 1036 1358	10505 10503 68 10504 1036 1358	3.4
1891 1892 1950 5222 3404 544 743	892 2015 821 1892 1354 5222 7370 544 743	4.8
690 841 317 687 688 544 744	7345 757 948 5529 293 691	1
10506 1130 7327 45 1266 21 2065 10507 517	1188 1130 7327 45 1266 21 7644 517	2.2
1960 653 7723 731 2015 821 1303	659 653 1088 1303 12 731	3.4
1061 10508 8089 3369 26 10509 6072	1061 10508 12 2581 7225 938 26 3731 1292 26 6072	5
609 721 4720 842 735 21 7095 1255	721 694 739 971 21 6834 1255	1.4
7361 10045 10510 68 750 21 846	10511 7361 10045 10512 5430 68 108 753 21 5690 846	4
1493 1020 1454 1519 10513	1493 1020 1454 1519 10514 983	3
708 1970 7309 1453 1454 344 6975 7310 1187	708 1970 7309 1453 1454 1022 6975 10412 1573	2.2
8184 12 3 854 105 843 5691 7164	8184 12 3 854 105 742 6081 7164	2.8
1525 729 772 729 8 1520 1693 21 899	16 1525 706 21 146 1520 1626 738 26 899	2.8
142 33 10515 174 783 7933 7826 198 3064 7818	1200 783 7933 6914 3892 68 3064 7818	2
6709 6710 10516 30 5024 68 10517 1266 68 646	6709 6710 5682 18 6 5024 68 10517 1266 68 646	4.6
442 8339 802 7062 21 6051	1008 8339 7681 7062	4.4
7108 1196 3023 1705 639 1062 2802	10518 3023 1705 1062 10519 26 1157	3.4
843 706 6 1555 1117 21 811 708 1532 1529	2776 706 6 4143 1117 21 702 1532 1529	0.6
5664 902 949 5972 56 724 4598 2384 68 1706 60 2559	10520 105 5664 902 1016 983 970 21 6213 5972 56 724 12 5654 4598 60 2559	3.4
1020 68 7073 226 1454 26 1435	1020 68 7073 226 1454 26 1399	3
10521 7597 12 10522 33 769 1209	26 10521 7597 12 10522 769 6 10523 1239 453 375 1212	4
8066 913 711 1687	10423 913 711 1528 743	1.2
2706 68 410 4974 618 293 693 3261 1270	6306 12 16 7116 226 3662 4271 12 693 3261	0.8
7157 3035 4388 129 105 2097 30 10524 885 398 1025	2097 1397 10525 1057 191 10366 26 398 1025	2.6
4678 10526 12 3 7797 68 10527 112 765	4678 10526 12 3 7797 10528 21 6571 12 765	5
10529 706 779 8178 8912 830	822 3469 21 8912 829 3801 1493	1.8
10530 12 1934 33 1251 10531	1116 1670 5579 63 1251 7219	1
831 7709 1522 7100	5395 82 3066 654 1303 12 1506 1522 7100	3.4
7057 965 830 6 10532 510 44 46 3469	7057 965 830 428 902 12 510 3469	4
650 1378 52 1053 1210	650 1378 10533 30 4905 7151 68 1053	3
1008 648 1789 360 6313 2549 943	1008 648 506 68 938 26 6313 2549 683	3.4
956 1397 1454 1022 26 1424	956 1750 727 21 933	0
721 694 739 6933 21 7054	721 1414 842 1016 8071 21 1416 1417	1.4
10534 12 832 729 21 8248 852 26 8001 839	832 852 628 1229 1241 68 839	2.6
832 1901 1520 1626 909 18	790 12 1628 1063 909 1255	2
659 33 757 1143 1144 12 1145 21 1555 4472	659 676 862 1144 12 1145 21 601 4472	5
10535 744 1548 52 841 226 10536 10537 6 153 8054	744 1548 52 841 226 10536 10537 6 192 510 1136	2.8
1386 1037 1001 68 748 691 21 1390	1386 841 1693 1695 226 744 21 1390	2.8
783 10538 30 10539 994 10540 508 6 1742 229	783 10538 6 10539 994 3166 10541	4.2
16 14 6117 52 7644 8207	10542 1776 6117 52 7644 21 1079 1986	1.8
988 2108 875 1920 880	988 2108 5369 875 1920 880	3.6
113 12 10376 10543 10544 945 4168 2469 63 2594 5588 8 10545 2512	10376 10543 10544 945 6664	2.6
129 68 1547 6 570 810 6 706 21 6125 1507 1089	7942 2748 701 21 6125 1507 1089	2.8
6823 10546 1018 6334 21 10547 10548	6823 7553 1018 1728 68 1426 2546 21 846 112 268 3827	0
1493 1397 1454 10549 1022	1396 1020 1454 10550 7231 1022	0.8
743 653 101 729 10293 729 7900 235	10551 6306 1046 10552 8087 12 2220 317	0.6
10553 33 9979 10554 10555 6 10556 10557 10558 10559 112 191 10560 21 3543	9979 68 10561 10557 10559 112 191 10562 2455	3.8
8315 908 906 909 499	10563 908 913 909 707	1
7136 756 757 1728 68 769 112 1126 1127	7136 105 7053 1728 68 769 8 1126 1127 1014	3.6
8113 10564 10565 4781 198 1096 68 396	8113 10564 10565 4781 198 10566	4.2
609 841 706 21 5353 1554 722	226 612 3053 510 1876 21 956 1629 1630 722	0.4
721 698 226 8104 5661 21 1683 33 8105 6 181 7572	721 698 711 8104 5661 21 8105 6 3079 4586	4.8
7930 819 21 10567 10568 517	7930 819 21 743	3
850 1307 851 852 24 10569 729 10570	850 851 852 21 5670 10571 920 1307	4.4
7862 1489 706 21 1554 1527 105 1377	895 1489 706 21 1554 1527 105 7663	2.8
674 809 1316 7386 7387 7388	674 809 1690 7387 7388	4
690 744 10572 938 428 1429 701 21 1141	690 744 3019 1356 1357 21 6978	2.8
802 33 10573 8299 868 12 6723	10573 8299 105 7681 835 112 3406	1.8
674 809 33 853 540 10574 23 4318 68 851 764 4411	1951 84 674 809 851 540 37 7585 747 68 789 1920	2.2
674 809 1825 853 851 540	674 809 649 853 851 540	4.6
968 1020 1358 495	968 1020 1358 1022	3.6
10575 9152 6768 711 949 191 1627 7199 21 5369	10575 9152 6768 711 949 22 191 10576 21 5369	5
1877 6 1525 465 852 21 22	1877 6 1525 2138 852	3.8
3 2292 33 7163 112 1435 6 8204 194 6 7164	3 2292 33 7163 112 1451 6 7165 735 6 7164	2.6
1302 1053 1212 1213	1302 1053 868 105 102 10577	2.4
10578 6342 7344 112 8026 9311 1703	233 6342 835 10579 3 219 112 8026 977	3.8
7118 6861 738 21 1264 226 1176 10580	1580 676 84 1038 54 346 1176 932	0.6
1479 1008 1626 4674 1027 6502 2704 706 21 445 1327	22 1626 4674 1027 6502 706 21 923 1327	4
1493 68 6024 7609 3065 3257	1493 1342 2502 68 6024 7609 5598	4.2
962 7744 1036 1756 226 1133	962 7744 1036 10439 226 1133	4
968 841 3790 129 178 1602 7147 21 5725 6560 517	5725 841 759 1865 695 21 10453 517	3.8
1244 1816 112 7300 1258	1244 6528 80 293 1079 7730 8039 21 1934	0
811 809 84 674 1098 7388	674 809 1690 7387 7388	2.2
754 1940 1519 2610 63 4779 165 1928 1331 933	988 989 729 5163 729 68 9837 10362 1928	3
22 724 832 26 494 834	1008 1635 5079 293 832 33 494 834	3.2
6521 706 21 1935 1327 21 718	895 706 21 1935 1529 21 743	1.2
1008 10581 4720 226 466 8573 10582	1008 1229 10583 4720 1774 3848 33 466 8573 10582	3.8
1627 7122 1489 706 21 1478	7122 1063 22 69 21 1478	1.2
708 7339 7340 68 10584 544 7342	956 7339 7821 68 10585 544 7342	3
1008 1599 669 756	723 8378 669 756 112 852	2
2097 10586 191 5070 2455 21 872 5425 10587	2097 10586 5070 2455 7342 21 872 5425 10587 2476	5
659 800 21 1079 5328	1954 938 26 1079 5328	4.8
10588 30 1945 10589 4403 10590 868 226 10591	6823 1945 466 4403 10590 868 226 10591	4.4
708 10592 68 1764 996 10593	123 37 127 68 10594 996 4598	1
721 698 739 61 30 7495 1602 21 8105	721 698 711 1957 2901 7663 21 8105	3
7283 4720 842 192 21 1478	7283 698 739 1555 7908 21 1478	3.4
4824 4825 33 10595 938 112 8108 8109	832 852 112 1365 30 1301	0.4
10596 1351 1454 21 26 10597	10596 1351 2549 1161 68 10597	3.6
1951 7323 739 16 1554 4974	1951 10598 868 21 1478	1.2
1579 842 742 2901 3507 21 743	1579 842 742 2901 8973 21 743	4
1835 809 68 8333 77 226 7481 1432 4247	674 809 3025 1161 68 7481 1432 4247	4
1080 7680 6560 695 729 7968 6 10599	1080 10453 1267 10600 2344	1.8
10601 77 1249 26 81 10602 1211	10601 77 68 2138 226 1211	3.2
933 1950 1229 1241 21 1484	390 7004 1216 1229 2832 21 1484	1.4
390 2279 768 12 7164 711 3 707	1017 1200 63 768 10603 711 707	2.2
1954 938 26 10604 5328	1954 938 26 5328 1393	4
6057 6950 729 290 1665 729 21 937 3559 852	648 1838 1978 1454 68 22 937 3559 276	2.8
1005 112 485 659 691	769 770 198 659 691 774 68 7490	1.4
907 908 906 8070 10605	10606 913 8070 1528 708	2
61 701 6 742 4586 21 10607 721 9406	705 701 6 10069 4586 21 10608 704	1.2
3114 12 10609 68 2665 1519	3114 12 923 10610 5663 10609 68 2665 1519	4.2
650 8139 3505 68 164 991 7034 8662 21 277 987 276 105 10611	1595 1001 1008 68 4347 6133 987 10612	0.8
1507 1508 739 971 226 1554 8263 1245	1507 1508 739 742 21 1478	2.4
22 649 10613 757 275 448 3205	22 6745 10613 757 56 10614 21 7593 1089	2.8
3066 7241 1513 277 6632 5940	648 10615 3066 10616 1513 277 5940 21 10617 6632 683	3.4
22 1351 706 21 1554 10618 1089	1951 1351 706 21 1554 729 10618 10619	3.8
7173 819 26 7652 12 10620 779 3627 739 3243	1130 819 26 7652 12 848 779 10621 21 10622	1.8
5678 3261 10623 5529 112 693 698 7563	5678 3261 10623 5529 112 693 7563	4.6
10624 10625 10626 6 10627 478 21 10628 1341	3061 105 10624 711 10626 10628 2729 21 10629 1341	3.4
1602 701 6 6758 1200 21 336 1939 6724	6758 318 1200 21 3599 1939 10630	3.2
10233 756 6581 1096 701	1580 756 757 7315 428 691 10631	3
798 374 1236 10632 30 6089 1082 475	798 835 10633 198 336 63 691 1677	1.2
662 658 79 112 1184 994 21 669 1241	662 657 658 112 1184 994 21 669 1241	4.8
1020 10525 26 3534 5506 3618	1020 7632 26 3534 2590	1.6
1217 1218 414 45 1266 12 1220 1221 848	691 30 652 112 1656 779 1218 1219 12 1220 1221 848	2.6
10634 10635 7049 8450 68 7067	10462 10634 10635 7049 1716 950 951 26 1042 68 7067	3.6
7517 706 6 10636 1889 21 698 1063 21 6834 1255	609 706 6 705 1889 21 1284 21 6834 7118	0.6
10637 3005 5369 806 10638	178 6341 26 10639 63 802 806 506	1.2
7776 10640 808 10641 33 769	2404 10642 21 10643 808 10641 2015 821 769	2.8
1835 809 84 23 44 8089 7313 6674 7023	1193 809 504 506 68 8089 7313 6674 7023	4.2
16 1951 2942 706 21 1478	1951 1315 706 21 1554 1089	4
22 1082 729 26 3 1021 12 10644	650 7790 6070 3505 68 10645 7376	2.4
2983 10646 10647 686 650 3161	10646 704 686 650 3161	4
10648 10649 6419 191 9888 2455 26 10650 6027 885	10648 10649 4905 191 9888 2455 112 3 6027 885	4.2
7326 7327 45 1266 68 7202 1738	7326 7327 45 1266 226 2760 7202 1703	3.8
10651 1382 10652 2662 68 674 809 33 10653	10651 12 7289 7291 1382 10652 2662 68 674 809 2015 821 10653	4
811 10182 312 10502 1053 33 10654 2674	811 1972 33 6823 1037 1302 1053 2285 21 1282	1.4
650 862 2570 512 685 37 324	650 1950 68 117 1079 2570 512 685 77	3
4584 7726 4515 747 12 5673 854 10655	3642 7726 10574 485 10655	3
1709 1264 5894 977	1709 1264 5894 977 21 7890	3.6
1687 7680 757 10656 226 1133 779 7517 1503	10657 1772 10658 10659 808 1515 276	0.4
3 2292 33 7163 112 777 6 5370 705 6 7164	3 2292 33 7163 112 777 6 3290 895 6 7164	1.8
850 7903 852 2138 805 1307 12 1665	850 851 852 113 21 5670	3
690 1176 691 10660 485 10661	690 744 10662 485 10661	4.2
190 33 10649 68 189 3 6027 885 112 191 9888 2455	190 33 10649 10554 6027 885 112 191 10663	4.6
650 996 577 10664 8 3278 6266	650 10665 1061 10508 68 748 1292 26 6072	1.8
831 1821 68 10666 1006 779 1626 738	721 698 739 1479 21 1006 7216 10667 105 1236	0.6
933 1009 10668 276 26 832	7369 1650 1009 10669 276 26 832	2.4
485 7004 2942 68 883 1475 1476	6313 10670 21 883 1475 1417 263 3642 6601	2
662 7026 1088 832 494 1368 6619	1938 6285 68 410 832 494 7379	1
10671 10672 10673 8312 1039 4542 21 852	10671 10674 10673 8312 1039 4542 21 852	4.6
5442 7280 68 7281 226 748 12 308	5442 7280 7282 198 3061	4.2
969 5993 779 1027 1028 186 1029 1030	1029 841 229 226 612 61 701 779 1027 1028 186 1030	4
1683 10675 7489 453 4581 52 1479 1240	1683 7489 4581 6 862 863 685 21 811	3.4
10676 906 711 1330 6975 912	10677 906 8070 1595	1
961 779 1130 10678 186 1535	10679 5430 441 68 1491	0.2
1489 350 743 10680	7122 846 847 105 9888 1489 7360 779 1089 26 743 1674	3
10681 711 883 723 6 485 489 10682 510 4586	10681 711 883 723 6 10683 4586	3
674 809 851 540 10684 80	674 809 851 540	2.4
10388 10574 22 7317 68 39 8333	10388 10390 22 7317 6 7489 6224	4.2
1951 744 1219 12 7644 1738	1951 744 6509 26 10685 1738	1.6
10686 26 3 4271 808 7650	650 105 1173 6 789 10687 26 4271	1.4
7122 26 7610 112 22 21 743	226 612 10069 701 63 277 906 711 743	0
10688 706 21 3135 21 6834 832	405 706 21 669 1626 738	3
659 3580 1236 1237 698	659 33 3580 1236 1237 698 1089	5
708 33 7339 7821 68 10689 544 7342 1399	708 7339 7821 68 8175 544 7342 1451	2
650 1239 852 808 832 1230	1365 1874 10167 938 26 832 1229 1230	1.4
659 729 10690 1285 1286 10691	659 10690 1285 1286 3145	5
10692 6306 105 4433 82 3193 2035 920 2833	755 10681 1716 965 10693 1358	0
5758 229 1301 2015 821 1244 1087 5331 656	1301 33 1244 9638 112 8331 9788 1913 12 5758	3.2
10694 7476 7259 21 63 1079 1036 1037	10694 7476 7259 21 63 3848 1037	4.6
659 709 8343 1519 26 1286	659 33 1229 8343 1519 26 1285 1286	4
802 6900 1378 805 8299 2570 932	6900 1378 805 8299 932	3.4
659 776 112 485 691 6 10695 112 1656	659 776 112 485 691 808 663 6 10695 112 1656	3.8
832 756 8031 68 6646 852	832 756 894 68 852	2
663 6972 1264 21 659	663 10696 10697 21 1139 12 659 7643 747	3
1507 1508 739 7798 21 743	1507 1571 842 1555 2942 21 743	2.6
6976 744 1289 3 6184 12 7540	728 744 7148 7149 7150	0.8
6639 1130 68 46 1728 112 1553 10698	6125 888 3073 1728 112 1741	1
22 737 738 739 601 21 7824 743	22 737 738 739 1802 21 674 741	2.4
2310 6679 1775 1939 1213 1856 10699 51 6 10700 1280	1939 1213 3477 1856 10699 51 30 10700 1280	4.2
1020 970 21 140 8201	22 1020 10645 21 10701 8201	2
7570 1728 68 7862 1503 112 3815 1082 10638	7942 1099 112 1423 1503 112 5720 6986 698 10702	1
445 841 229 181 7644 415 68 1027 1327	708 841 1231 740 7147 808 1327	1
1507 1508 739 1016 21 723 33 811	1507 1508 739 3036 21 723 2015 821 10703	1.8
8284 706 6 1502 1889 21 2917 1063 21 1255	967 706 6 4566 1889 21 3642 1063 21 1255	1.8
7136 965 829 769 770 711 10365 105 709	7136 10466 770 836 10704	2.8
1878 68 441 1242 6 10705 1920 26 7610	1878 7896 441 68 831 21 61 2884	2.5
936 10706 711 3642 949 920	988 10706 711 3642 949	4.4
10697 7146 7259 21 112 10707 385 7428 729 10708 729 1550	7146 7259 21 112 243 385	4
1302 1053 33 626 10709 245 45 10710 6 56 10711	1302 1053 33 2570 729 10712	1.4
3465 1334 334 6 10713 209 68 108 3543 109 12 2464	1334 1994 10714 3800 26 1845 2464	3
650 681 129 112 6546	4706 7594 68 1226 129 112 6546 8 1406	1.2
9109 10359 10715 178 68 10716	9109 10359 10715 68 1977 21 10716 2485	4.2
10717 1338 1973 10718 6 5442 1365 84	5442 1365 105 10717 1338 1973 39 10718	5
10719 2673 7309 7489 344 6975 7839 971	10719 2673 7309 7489 1022 6975 1405 895	2
22 1144 10090 10720 808 8105	1144 10721 1244 657 1420 779 8105	2.4
10722 68 6024 3848 112 375 62 21 7165	10723 1377 68 1139 144 112 375 62 436 7313 10724	0
9986 1093 68 7462 10725 779 10726 1076	10727 1093 1420 779 8113 7429 10728	3.6
832 1366 9877 494 834	1683 2278 7637 2296 494 834 2015	2.4
7156 10729 21 3 883 1536	850 105 7156 7219 1342 1251 938	0
601 10335 706 21 1507 1089	601 10335 701 21 1079 704 226 22 69 21 1556 1478	3.6
1507 4720 772 659 1229 21 7243 6 842 705	1507 4720 772 659 1229 21 7243 6 842 1187	2.8
1425 1562 2088 26 7905 22 996 1564	1425 1562 6280 8 1617 22 6 708 1564	3.4
1302 1053 21 1282 112 1328	811 1972 105 1053 21 1282 112 1328	4.6
850 6 700 1634 7502 1226 7577 851 276	850 6 789 7502 628 851 276	4
1507 1508 739 1415 226 743 1176 1154	1507 1508 739 1689 226 22 7429 21 1383	1.6
1479 663 6972 706 21 659 1284	406 1117 63 663 6972 1548 52 1244 1007	2.2
1750 224 39 5463 26 10730	10731 906 711 360 1687	0
1727 1018 6283 198 517	1727 1018 26 6555 848 1738	2.2
10732 1431 1046 6723 672 1079	10732 1431 1046 87 275 4341 6723	4
1020 1454 10733 983 344	1020 1454 10734 983 344	1.8
7103 7122 657 8260 8261 706 21 737 738	743 7122 1821 1959 6 68 10735 8260 33 1318 21 10736	2.6
406 706 21 1626 738 26 10737 21 883 832	10738 706 729 21 669 1626 738 26 10737	5
1579 842 61 1315 6 10739 16 557 21 743	1579 842 705 10740 2876 21 743	2
841 7353 97 695 245 3205	7746 26 693 3261 694 695 3205 26 41	2.2
7853 12 832 33 494 834 1249	7853 12 832 33 494 834 434 1766 468	2.8
10655 21 336 1007 813 12 243 1853	1191 7636 1007 813 12 7465 6 604	0.8
662 84 22 5990 5331 743 33 9145	662 105 22 737 909 5331 743 33 9145	4.4
650 1771 1053 729 10741	650 7290 1053 33 10742 5824	4.8
650 3100 729 68 89 729 68 831 6 1525	1878 1009 7369 542 112 7177 852	0.8
3 10743 150 1515 3403 3231 10744 293 126 52 1236	1515 3403 3231 10745 10744 293 126 52 1236	4.2
769 770 21 1572 841 1089 774 68 1426	769 770 21 1934 1935 1089 774 68 700	1.4
832 729 68 5644 494 834 30 1226 10746	723 6 832 77 26 729 3673 729 494 834 542	2.6
3848 68 10747 10748 3064 937 3559	1036 1037 9721 181 4663 52 910	0
1425 1562 772 10749 920 26 1307 12 22 937 276	1425 1020 772 10750 5777 26 1307 12 1008 937 276	4.8
1116 374 1236 10751 10752 1420	10753 374 1236 10754 10755	1.4
811 1972 1705 351 808 729 10756 729 1053 10757	811 1972 1705 138 729 351 729 808 7438 10757 226 1053 1212	3.2
850 84 2689 1466 5880 21 851 852	850 1821 68 4790 135 1262 135 851 31	1.6
5698 6981 21 10758 112 5673	4947 6 1294 7304 12 10758 10759 112 626	2
1802 1902 706 21 2944 33 10328	10760 706 21 10761 1548	1.6
1951 105 10762 7482 5807 2867 26 669 1320	650 105 10762 7482 5857 6 1351 68 546 21 1242 1774 669 1320	3.2
22 1020 10763 26 853 854 12 7376	1020 3473 26 853 854 12 1082 7376	4.6
1900 800 21 10764 10765 1252	10766 938 21 10765 1588	3.4
1951 105 1555 1351 706 21 1478 1089	1951 1351 706 21 1554 729 10618 10619	3
1520 1315 711 1522 639 21 1524	1520 2942 842 1522 867 21 1550 888	1.2
662 3393 5477 808 1520 909 26 832	1520 1377 649 1115 1626 738 226 832	2.2
659 709 1690 1079 1626 1527 26 7243 1489	659 1690 1079 7295 544 7243 1489	3.4
7004 1007 1089 10613 33 1484 7786	39 672 68 8111 674 1484 105 1119 12 7004 1351 1293 2285 10767 839	2.6
1960 841 1693 687 688 226 1286 744	892 105 687 688 1098 226 7680 6560 744	1.2
832 1235 894 68 7742 1920 8024	832 6 756 628 729 21 2398 729 68 7742 1920 8024	3
1554 2475 10459 1079 806 685	1554 676 654 1079 806 685	3.8
8353 7093 1229 2832 68 1718 1668 1812 1955	8353 1227 1819 4674 112 1955	2.2
406 1117 63 1829 10768 1944 1327 792 226 10376 10096 1133	10375 1626 1829 10768 1327 792 226 10376 10096 1133	3.8
1016 1157 1876 21 1693 1906 1256 1693	1906 841 229 1016 1157 1876 21 5804 1693 226 1256	4.6
22 648 68 938 26 6216 8422 276 63 1406 7241	6216 8422 105 758 7225 938 26 6216 8422 276 150 102	2.8
1080 7680 6560 1641 868 21 1396 1282	1080 7680 6560 1641 7796 68 1396 1282	3.4
3116 2549 2106 52 344 10769 417	10770 5123 729 10771 10769 10772	3.4
1130 52 4329 819 226 5080 68 10773 7555	1130 6117 779 10773 7555 759	2.2
192 510 696 21 7635 10774	10775 8584 706 21 7635 10776	2.8
1292 10777 68 483 832 494 1368 9686	1292 68 483 832 494 1368 9686	3.6
1416 676 21 1282 4075 68 2570 251	1416 676 21 1282 779 5772 7792	3.6
962 33 10778 6098 10779 26 68 764	962 33 4671 6098 1342 5386	3.8
10780 7428 10781 808 3212 1303	10458 1001 746 68 10459 1522 7100 1303	1.4
7116 1774 3 1409 7429 21 7216	16 7428 1774 1409 7429 21 7216	4.2
1413 4586 21 1079 7171 1603	841 105 1413 4586 21 7172 7173 33 854 1603	4.2
1171 1175 135 1176 135 1177 68 22 1178 987	1171 8142 2337 5820 21 1174 3092	2.4
1008 10343 10782 10783 6 10784 26 3182 68 723	22 10343 10782 10783 26 371 3182 68 723	4.4
659 33 1286 8504 2874 779 7303	659 105 1285 1286 8504 3201 663	2.4
962 1789 44 192 63 3901 112 4547 10785 806	962 1789 3901 112 7577 1589	3.4
1951 1351 842 16 1554 1157	1951 738 739 742 1554 1157	3
1409 676 1005 112 1079 851 852	1409 1236 8292 1550 112 1011 7903 852	2
1895 842 16 6 1007 10786 198 10787 7465	10655 1007 10786 198 336 7465	3.4
1187 1951 1351 706 21 1478	740 1951 1351 706 21 1478	2.6
768 10788 288 7691 21 1556 708	768 10788 714 186 7666 708	3.8
1053 68 394 5673 21 1282	1053 366 68 1358 60 2649 21 811 1972	0.2
7754 1588 302 1301 7753 1342 7067 938	7754 1588 1983 1301 7753 1342 7067 938 6 10789 10790 7078	3.4
3832 10791 45 1266 6665 112 2924 10792	45 1266 6665 112 2924 10792 10793 56 10794 5097 318 26 2732	4
226 612 1827 706 21 642 1939 1327	226 612 1016 706 21 10795 721 1414 21 1255 33 10796	1
10797 10798 892 68 277 1341 808 811 1972	10797 10799 1789 129 892 7846 1341 808 811 1972	4.2
4098 10800 8668 68 577 1787 933 10801	4098 6095 5273 3689 1079	0
2696 5483 10802 823 68 7371 1133 10803	2696 5483 1382 823 68 1133	3.6
1568 22 737 739 1555 1489 21 743	1008 737 739 1187 1489 21 743	3.4
1282 105 10804 706 21 802 846 7029	406 1666 706 21 802 846 7029	2.6
1284 10631 63 7076 1846 2285 21 659	10805 6989 1096 701 21 659 1089	1.4
1835 809 7896 1210 10339	674 809 7896 10806 1210 6364	3.8
10807 1249 10808 52 10809	1391 10807 7703 109 12 7590 112 10810	3.6
22 648 68 1404 63 311 109 12 6216 10580 318 10811	22 648 275 4436 1910 5447 1336 805 6216 10580	3.6
659 33 1286 63 10812 63 453 757	659 33 1285 1286 506 112 4170 1405	1.8
4678 4905 7151 68 1302 1053	22 678 575 7151 68 1053	1.6
708 33 1079 8236 10813 10814	1815 6 1953 68 506 129 1320 3199	0.2
1255 1141 739 742	1255 1141 739 1802	2.2
691 1677 21 8190 728 1417	691 1677 21 7345	1.6
832 7790 22 6 445 494 1368 1353	22 7147 832 446 494 834	2.6
7866 3179 779 3245 21 659 33 7243 10815	10816 1303 16 7866 9758 21 659 33 7243	3.2
832 1009 850 33 851 276	850 6 700 789 7502 7895 7944 851 276	3
831 844 3509 10817 808 7432 542	831 1785 68 509 808 1980 7432 5430 8 3509 1240	3.6
850 84 23 6745 737 428 1008 865 2869 61	850 84 23 275 9758 1008 737 428 1008 84 23 33 45 2471	4.8
659 1772 1285 1286 916 10818	659 10343 1285 1286 3158	2.2
650 10819 293 2478 226 2786 729 7628	650 10820 5019 226 5758 2780 1777 7628	2.2
5443 7731 68 10821 33 2802 1353 21 3683	5443 8142 5189 544 10821 33 2802 1353	4.2
1579 842 3263 510 21 7824 743	1579 842 1555 7908 21 1255	0.4
485 489 10366 7676 7360 198 1683 33 10822 846	5527 7100 7360 198 1957 1674	4.4
35 37 3 851 5097 174	5266 1367 1193 809 851 10077	1.2
10823 3174 8256 428 8755 705 1405 7164	10823 3174 8755 895 1405 7164	2.6
7076 842 1547 21 1507 1063 21 7532	721 4720 842 2776 21 1386 7304 1774 669 1320	1
1008 275 5163 832 446 494 834	662 800 68 10083 832 33 494 834	2.8
7049 33 6322 1299 21 7067	10635 7049 33 6322 21 7067	4.2
181 10824 3827 226 850 33 851 1118	22 1173 44 153 10825 186 850 851 276	0.8
7103 7122 2017 1079 757 779 737 738	7103 10826 657 706 21 22 737 738	2.2
5041 1414 21 743 842 226 612 6758	552 6 1489 672 7103 841	1.2
1285 1286 10827 868 21 1287 1548	1285 1286 6972 1876 21 659 1284	3.6
7525 1025 4519 8100 983 63 2531 10828 4034	7525 5972 4519 63 5432 69 7430	3.4
832 1381 1005 112 3064 3406 1082	832 1381 1005 112 1176 1393 68 748 7448	2.2
1270 9646 112 1405 742	1270 9646 112 7645 971	1.8
10829 701 21 718 577 1935 824	10830 701 21 1116 1935 824	3.2
8162 6 8163 2236 791 52 8164 276	8162 6 8163 791 8164 6 4132 276	4.2
708 1020 748 1022 1399	708 1020 1454 1022 26 1399	5
6962 1156 1264 544 716 63 87 800 21 806	9924 676 637 744 6 7469 7765 1589	0.6
910 105 10831 2748 971 706 8 910 7483 7488	910 105 700 701 21 7603 7487 7488	2.8
7136 7745 1109 9809	7136 7739 756 757	3.4
850 757 7503 84 851 276 52 1008 138 78 10832 601 2546 10832	850 676 7712 7503 88 851 276 21 2546	3.2
276 1224 26 1079 1116 1082	718 68 5787 21 1079 6098 1082	3.4
650 7154 769 12 1100 1302 1053	811 10182 10833 6 8101 1053	1.8
1499 3358 5894 977 683	22 648 3358 5894 2876 683	1
964 375 2665 21 10834 1405 68 1080	112 375 62 21 331 6 10835 68 3774 3989 21 723	0
1396 1020 1454 10836 983 344	968 1020 1358 344	1.8
1248 1239 3642 806 112 676	1248 1239 3642 1251 806	4.6
659 1147 759 12 10837 1285 1286 6972	659 1088 759 12 1286 657 7418	1.8
1079 789 1517 5135 6331 10838 965 21 499 18	61 789 1517 5135 1474 10838 22 965	4.2
35 3 6535 229 6 10839 895 6 7164	35 3 6535 229 6 736 194 6 7164	1.8
831 10840 10841 10842 7465	831 7920 10843 485 10842 7465	3.2
10844 10845 10846 8 841	10844 10845 10847 8 841 21 7202 517	3.6
669 756 1001 988 68 3886 1368 68 839	669 756 1378 68 2896 9143 1037	1.6
1396 1020 748 129 7230 7231	1396 1020 1454 10848 7231 344	2.2
5725 10849 10850 517 3545 6 1602 1882 819	5725 1670 10453 517 105 178 1602 1882 819	4.8
10851 729 819 21 1471 10852 9848	1520 1007 1521 609 21 1524 759 7746	1.6
7103 7306 2659 39 534 10853	7103 2065 1096 8 7122 2022 26 1608	1.8
659 33 9143 676 7983 609 10854	659 33 9143 676 10855 21 1079 746	2.8
1258 12 1726 1727 729 9046 10856 10857 1077 51	1726 1727 729 1096 10857 21 10858	1.6
708 1690 375 10859 7482 198 10860	708 653 1672 7863 7864 68 2848 10048 112 1741	0.6
445 649 1905 808 832 33 494 834	748 729 1774 729 112 832 33 494 834	1.4
659 782 9788 10861	659 105 659 782 10684 1634 1862	4.6
16 7566 706 21 1079 1986 840	16 1079 1986 7566 21 10862 1054 779 1628 840	2.6
659 10855 21 1079 9143 757	659 709 8343 1519 26 1286	0.6
721 694 739 7517 21 743	1507 1508 739 1423 21 743	2.6
1273 1274 360 1275 6 1276 1277	700 1274 779 1278 1279 21 1276 1280	2.6
609 10367 7029 2704 10863 21 10864	1704 10367 7029 4803 10865 129 10866 691	1.2
1375 7103 7122 8240 3205 21 1478	743 4732 10867 99 4876 198 1489	0.6
636 21 1085 1939 1327 844 144 198 3832	1939 636 21 642 1327 10846 8 3832	5
1020 1454 10733 983 344	1396 1020 1454 7433 7231 1022	1.6
22 2289 10445 6306 26 10868 10869 26 1767	14 21 708 1136 779 3810 7306 68 7213	0
723 729 4425 729 21 6299 669 839 112 494 1089 105 22	723 7450 662 68 184 453 1090 12 832 494 1368 317	2.6
707 6 839 791 10870 276	707 30 839 791 729 9095 10871	5
769 770 198 1550 10872 1141 774 68 7862	10873 105 769 770 198 6021 708 1693 774 68 10874	1.2
831 1690 7323 21 899	831 1690 1626 909 1774 7054	3
1895 2473 700 701 21 707	4584 7445 2473 1254 701 21 707	2.6
1768 796 10875 375 10876 561	10877 1331 375 10878 10879 1513	0
8291 68 2387 198 1479 1753 5387	8291 10880 68 2387 1589 198 1479 1753 5387	4.75
10881 1520 3878 721 124 167 51 68 10882	10881 1520 3878 721 124 68 10882	4.4
10883 10884 396 3500 10885 10886 8048 779 10887 226 3217	10884 3500 10885 10886 21 7322 1054 779 829	2.8
10888 7122 10889 706 21 22 737 738	7122 8240 706 21 22 737 738	4.4
7189 7190 7191 2029 7192 112 977	7189 7190 7191 7192 68 108 753	4.4
721 698 739 2776 21 7824 832	721 698 21 6834 832 739 2776	4.6
811 817 2942 842 1130 2661 68 1710 1320 186 674	674 809 1940 2296 6246 10890 68 811	1
129 68 2677 701 21 1085 1939 1327	808 7375 701 21 1085 9681 1939 1327	3.4
1602 810 1728 68 769 112 2220 10255 21 659	659 1672 7103 805 192 68 769 112 2220 10255	4.2
7004 1939 10891 811 12 7890	7004 1939 8035 92 12 1327 10892	1.2
6823 1976 112 1008 676 10893 10894 868	6823 10894 1976 9305 10895 868 226 7266	4.2
659 800 26 1079 5328	1954 938 26 10604 5328	3.8
650 1378 1053 1210 63 1100 2826 21 1282	9505 68 1404 1053 1210 10896 441 1282	2.8
850 7156 1342 1223 8 39 959 10897	850 8031 68 3687 1515 2598 1126	0.4
6623 1025 1636 22 1020 1022 21 140 1517	6623 1025 1636 1020 1022 26 3534 2590	3.8
1130 511 10898 10899 6724 868 12 6723	6823 1118 657 511 10898 10899 6724 868 12 6723	3.4
601 771 701 779 1027 1028 186 1030	601 771 701 779 1027 1030 1327	5
1572 10439 6117 808 8113 9130	1776 1523 6117 52 10900 191 10901 10902	3.4
10903 1519 735 10904 3958 4396 21 140 1517	10903 129 1502 10904 544 4396 21 140 1517	1.8
850 84 851 852 68 465 141 2649	850 84 9970 12 10905 10906 729 7035 4135	0.6
831 33 8080 1001 335 68 1920 852	831 33 8080 1005 112 335 68 1920 852	5
650 506 68 128 26 832 198 946 758 226 1429 105 967 1427 10907	650 68 6867 3778 26 832 226 946 758 226 1429 105 967 1037	5
968 1020 1358 1022	968 1020 1454 1022	1.8
22 10908 138 3390 1230 544 832	22 288 517 112 1230 544 832	3.4
8265 1284 52 841 21 1260	10909 1548 52 841 21 1580	1.2
1079 789 1517 5137 10838 965 21 22	61 789 1517 5135 1474 10838 22 965	4.6
22 2548 1078 1130 21 10910 647	811 1475 841 759 2677 21 10587 1264	0
708 906 105 769 770 774	708 10911 769 770 774 68 700	1.4
1479 819 63 7136 965 770 774 68 10334	3123 819 63 7136 965 770 1331 10912	2.6
194 1961 414 226 10913 7791 688 1118	194 485 1961 414 226 7791 688 1118	4.4
10914 1901 317 12 494 834 21 832	144 10915 808 494 834 1353 21 832	2.6
398 1079 906 711 8061 972 3207	2279 1079 913 711 8061 743 3207	4.8
968 1351 842 7103 1315 1814 677 4271 12 2549	968 1351 7746 7103 1229 885	1.2
1391 10916 10917 84 10918 68 10400	1391 10916 10917 7406 7590 112 2296 62	3.6
2655 10919 10920 10921 868	10919 6 10922 10920 10921 868 226 3431	4
708 2015 821 1079 7244 7206 1229 10923 1293	956 1605 1649 1378 1036 10924	1.2
9613 757 1239 932 852 26 2590 691	7345 757 1354 6841 938	1.6
7689 1289 10925 10926 129 3 1556 1688	7689 1289 10925 68 6786 129 1556 1688	4
1079 1595 7643 6889 226 8132 7312 1517 7374 105 6306	1595 6 22 569 852 2106 68 9617 1517 7374	2.8
1479 701 21 910 1939 1529	1602 701 63 910 1939 10927 52 9799 8486	3.4
831 10928 542 68 3533 10929 7432 7465	831 7920 5430 112 1079 10842 7465	3.8
10504 1079 1986 1342 10504 2581 10930	10504 1079 1986 37 10931 10504 2581	5
9619 672 10932 629 6 6124	9619 1663 10932 629 8 3810 4097 6124	3.8
8345 414 8346 8347 8348 8349 21 1306 1581	8345 1130 6117 779 8347 3166 8349 176 414 226 271 1306	4.4
22 506 112 650 10933	22 758 637 1079 1313 211 850 10933	0.4
1568 1129 1477 868 21 7357 3494	1568 22 737 739 705 1489 21 1471	0.4
1130 1789 2478 26 1693 26 3 3064 7510	1130 1789 2478 26 1693 226 6027 33 3064 7510	4.8
843 706 21 1063 21 1255	1457 706 21 1063 1153 1255	2
1709 1264 5894 977	1709 1264 5894 977 21 933	3.2
892 6553 105 1894 12 3 854 105 7645 1457	892 6553 105 1894 12 3 854 105 1405 2776	1
22 3198 6414 26 1512 779 1097 1098	7073 102 105 22 3198 26 1512 779 902 12 1097 1098	4.8
708 33 6118 1943 1103 1517 4247 890	9683 1103 1517 4247 1249 2832	3.8
895 706 6 194 1117 21 698 704 21 7074 743	705 706 6 895 1117 21 704 21 7074 10934	2.6
5786 904 198 7136 965 829	226 612 5070 706 21 7136 965 829	1.4
956 653 10935 769 6486 112 10936 6954	653 10935 769 1672 112 10936 6954	4.4
659 744 729 68 46 10937	10938 3276 68 46 1728	0
688 10939 704 26 743 27 1935 739 7517	1628 688 10939 704 711 743 27 1935	3.8
674 817 5715 1046 7482 3544 1517 52 7209	1835 817 5716 7262 7209 7388 9758	2.8
1520 1007 1521 192 1525 21 1550 888	1520 1007 759 1602 1525 1153 1550 888	4.8
691 8188 7345 1385 8189	691 1214 1153 7345 1385 7346	4
8383 1949 1342 853 385 21 1092 1589	1949 1342 277 21 1938 806	3.8
1386 841 4170 1774 1390 874 1264 283	923 841 10666 8956 1062 10940 10941	0
811 817 2876 113 2969 7481 7240 4247	811 817 2876 506 68 2473 7481 7240 4247	3.8
648 68 938 26 3883 1166 26 1171 10942	10916 6305 1306 68 1079 758 30 1079 1391	0
967 706 30 7220 1117 21 1507 694 226 755 1939 3247	1507 1508 739 971 226 755 1939 3247	3.2
7036 1772 2868 7992 1402 9979	1265 21 7036 6 2868 7992 9979 1796 10943	3.4
10308 756 757 10944 10945 1807 68 10865 129 806	9767 756 396 5423 68 719 21 1252 1759	3
1550 7290 832 756 938 68 3449 1920 852	669 756 68 1975 1916 112 852	2.6
650 10946 68 10947 1104	650 2154 1982 772 1104	4.6
181 276 26 6216 8422 63 650 1305 26 10948	1402 10949 105 198 10950 4439 6 6216 8422 44 46 271 10951	1
10952 1005 112 4227 21 10953 1849	10952 1005 112 4227 21 965 2278 1079 1298 2015 52 708	4.6
832 721 698 739 226 612 895 21 10954 7304	7243 721 698 739 226 612 1423 1960 2942	1.8
1878 105 191 10955 1522 996 542 434 77	1878 105 181 276 1373 21 851 852 52 850	0
7136 965 829 769 770 711 10956	968 965 829 769 770 774 68 10957	0.8
406 701 21 883 1475 1476 3135	7574 701 21 883 1475 1476 779 1284	3.4
1683 8031 709 1230 544 1515 744	698 747 1007 813 226 10958	0.8
609 1386 6364 1142 112 738 26 1435 21 1264 808 841 1141	1383 1384 105 6364 1142 112 738 808 841 782	3.4
6019 9234 6020 10959 10960 3718 3583 2124	10961 33 10960 3718 3583 2124	3.4
1579 840 841 1278 21 1572 1515 3207	2941 841 3019 1264 226 3166 656 3199	0
1712 2969 832 1710 186 7118	723 10962 8064 1241 68 669 1619 21 7118	2.2
16 1008 2942 706 21 135 10618 135 1089 21 1478	735 2942 706 21 698 1089 21 7074 743	0.8
811 1475 1100 1302 1053 8048	811 1972 33 1302 1053 8048	5
10963 10964 186 1036 1358 10965	10963 1652 10966 68 788 68 1036 1358 10967	3.6
10968 10969 22 6578 6872	10968 10969 22 6578 6872 30 1077 3168 10970 1078	3
1391 10807 1901 1634 2536 68 5772	1391 10807 10971 701 1534 226 10972	1.4
1031 3832 10973 7259 21 63 659 9143 676	1151 10974 10973 7259 21 63 659 9143 676	4.4
674 6 811 809 628 68 852	674 6 811 809 569 4436 852	3.8
704 739 1423 3333 7306 21 5353 1478	704 739 3263 21 7095 1478 105 835	2.8
6894 841 759 127 10975 10976 6 10977	1934 105 4803 819 8 10978 841	3.2
650 68 1754 6313 2549 5430 1424	650 68 506 109 6313 2549 5430	3.6
4720 842 16 510 6 4782 406 226 693 3261	523 16 4720 414 21 693 3261 1089	2.2
832 2015 821 494 834 434 748 129 226 1535	22 68 9877 832 494 9828 10979 226 1535	2.4
676 112 140 6888 12 10980 8306 52 4824 4825	743 1037 112 6105 996 1966 52 4824 4825	2.6
601 1704 21 5137 2802 647	601 10981 965 830 21 10982 9459	0
698 10983 226 3718 8297 7510 6 16 510 1117	698 10983 226 1094 8297 7510 6 609 1889	4.4
700 1933 706 21 9911 1348 1327	406 706 21 9911 1348 1327	3
601 701 6 2499 1190 6 21 10984 7510 1603	1555 701 21 10984 7510 1603	4.2
662 649 10435 446 21 832 1089	10985 9242 729 105 655 1051 10435 446 21 832 494 834 1089	3.4
843 706 21 10986 8486 1327	705 706 21 7274 2278 10986 8486 2015 1327	3.2
1187 701 779 1278 1279 360 1886 1688	735 701 779 4584 7445 26 915 12 5506 10987	0.8
10988 10989 729 2438 191 10990 12 10991 729 21 6373 10992 226 7213	10993 2438 191 6933 2455 5305 12 10991 21 10988 6 841 229	3.8
1949 10994 1283 385 21 886 21 1938 1589	1949 1342 277 21 1938 806	3.25
1579 842 3392 6581 21 743	1579 842 192 3392 6255 21 743	2.2
10995 8169 10996 10997 6117 52 1741	697 33 10998 18 10996 10997 6 5024 6117 52 1741	3.8
10999 11000 5894 30 11001 5986 540 1617 112 7505 2792	22 11002 11000 5894 1328 1617 112 7505 2792	3.4
8066 906 711 8067 6 1595 105 8068	11003 906 8070 8689 1758 7548 105 8068	1.8
743 68 1303 390 1375 1554 7122 3212	743 68 1303 1375 7122 8240 26 3424	3.8
11004 10486 6285 112 845	11005 3183 6285 112 2598 1126	0
659 653 1088 1303 12 731	659 653 1088 731 1704	5
1137 3232 1563 68 132 819 693 1508	841 2121 26 2590 21 961 112 693 698 695	1.8
1302 1053 11006 5098	2278 1302 1053 37 7079 2015	2.2
1423 701 6 1602 1117 21 1528 708 1532 1529	1429 701 6 1447 1117 21 9131 708 1532 1529	1.75
11007 5820 1884 8 39 853 63 10903 829 11008	11007 5820 1884 63 10903 932 11008	4.2
1156 68 1139 344 721 123 11009	1156 823 68 1139 123 11010 970	5
7464 11011 2423 11012 6 1318 705 30 11013 11014	7464 6 11015 11016 772 1008 11012 6 1318 192	3.2
708 525 22 2537 1161 68 11017 2184	708 7469 22 1368 3012 68 1687	0.8
1396 1020 748 129 11018 2682	1396 1020 748 129 7230 7231	2
850 6 9535 576 21 375 852 436 11019 806	1403 6 850 68 569 375 851 852 436 11020 806	4.8
708 33 1079 1037 7790 22 7202 1353	708 1649 1752 7790 729 11021 729 22 7202 2809	5
22 1229 3103 772 21 7973 2944 6 1187 1889	22 1229 3103 1096 226 2780 813 7379 21 811 2944	3.2
1079 7820 506 68 8025 5894 977	1079 7820 800 68 8025 8026 977	4.6
11022 7139 7327 45 1266 68 693 694 1738	11022 7139 6117 21 693 3261 694	2.6
8184 12 3 854 105 843 5691 7164	345 12 3 854	2.8
956 476 33 765 2155 1423 1503 1674 112 6560	765 12 956 709 11023 2155 1423 1503 729 1674 112 7680 6560	3.4
11024 841 2985 636 21 1327 115 706 639	841 1231 1579 21 1079 7171 7173 33 854 11025 1603	0
659 68 569 1251 1589 211 10167 1588	659 33 9143 676 10855 21 1079 746	1.4
9137 11026 5430 112 485 8908 1063 26 832	1391 357 3003 112 8132 271 832 11027	1
1556 11028 10343 863 11029 1763 805 7303	1556 11028 10343 863 11029 6094 805 7303	5
1554 2475 10459 1079 806 685	1554 676 654 1079 11030 685	2.6
21 743 6 709 11031 26 3135 3 261 7122	972 709 11031 26 3135 3 261 10826	4.8
1960 709 7877 68 1089 2943	659 33 663 2210 109 852 63 1610 1608 2022	1.4
811 10182 10833 63 1053 696	811 1972 1239 1144 1258 112 1053	2.8
9138 3048 729 11032 11033 729 226 693 3261	6306 12 16 7116 226 3662 4271 12 693 3261	3
11034 7384 150 3424 11035 6081	11036 7384 150 3424 11035 6081	2.8
8185 8186 815 68 46 171 112 10620	8185 8186 10434 5461 222 61 2559 2352	1.2
1520 1236 714 1878 33 6729 3248	1520 1236 714 1878 2015 821 6729 3248	4.6
1934 916 653 10935 806 353	1934 11037 10935 806 353	5
11038 11039 33 11040 868 12 11041 6723	11038 11039 30 3 5183 6119 293 11041 6723	2.8
1906 2015 821 11042 11043 1001 1076 3406 805 11044	11042 11043 1001 1076 3406 805 11044	5
1423 183 68 72 112 1424	1423 183 68 72 112 2656	3
946 758 6 1174 11045 993 5508 12 9243 3092 5820	946 758 6 1174 11046 993 9243 3092 5820	4.4
802 33 10573 8299 868 12 6723	7681 676 10573 8299 868 12 6723 226 7494	3.8
769 770 21 7635 1895 774 68 1479	1709 1015 68 814 21 7635 10655	1.6
6823 11047 676 819	10657 33 11048 11049 10659 819	4
22 648 649 665 63 1308 33 141 668	22 648 649 664 665 63 1079 883 888 657	4.2
1506 1522 7100 3179 198 1520 846	1522 3212 868 12 6723 6 1384 21 831 4470	1
1425 1397 1154 779 36 12 7905 1564	1425 1562 129 26 398 22 1182 1564	4
7517 706 6 10636 1889 21 698 1063 21 6834 1255	967 706 6 4566 1889 21 3642 1063 21 1255	2.8
1018 1117 21 892 11050 691 868	968 7798 1117 21 10453 1264 868	4.2
832 1235 1353 813 12 775 1774 7054	832 709 7794 11051 11052 1774 7054	1.6
1845 1334 10724 5477 1562	340 1845 1334 37 2766 485 489 6734 931 6911	2.6
11053 2017 11054 11055 11056 3064 757	11054 11055 1069 11056 3064 757	4.2
22 50 729 11057 1359 729 494 834 317 21 832	1008 981 181 11058 4979 12 494 1368 317 8 832	4.8
7395 706 63 1579 7746 4672	1602 706 21 7428 21 892	0.2
659 1940 1519 1285 1286 710	659 105 1285 1286 7549 396 819	1.4
398 913 21 3466 708 739 7094 510	398 913 21 3466 708 739 226 612 11059	3
875 880 881 876 877 878 868	875 7140 877 878 868 226 879	4.6
7049 357 723 112 7092	7049 357 723 112 11060 7092	5
648 649 665 63 1308 396	22 648 649 665 63 1308 33 141 668	4.2
7004 1007 224 127 1484 7304	7004 1007 9616 127 7304	3.8
9645 6 802 3505 7092 68 7049	1606 33 11061 84 87 216 282 7092 68 7049 48 3231	2.2
693 694 695 696 21 697	693 698 695 696 21 697 699	5
11062 30 2541 4879 729 1982 3073 2666 1104 1853	641 30 4981 2748 1602 706 63 7464 11063 1104 1853 283	1.6
1610 11064 1565 26 779 11065 27 1935 1603	10470 105 609 701 6 609 4586 21 2951 27 1603	0.8
1522 676 11066 4033 68 520 1550 888 5395 82	1522 676 88 1877 68 618 1920	1.8
192 706 6 2677 1117 21 743 704	1555 706 6 11067 1117 21 693 7428 105 1793	0.8
743 33 7048 1716 1282 68 11068 5098	7048 1716 923 1282	3.6
3397 6 2760 1213 11069 21 669 1417	3397 1213 7129 21 832	4.2
16 414 701 21 8408 8409 226 11070 7213	1130 30 867 414 701 21 11070 7213 8408 8409	4
669 1037 1237 698 1089	669 1037 1237 698 1089 21 1417	3.8
743 1901 22 737 738 21 11071 283	743 1901 22 737 738 21 11072	3.2
9514 335 68 872 704 257	9514 335 68 11073	0
811 1972 10695 112 1302 1053	811 1972 7948 21 10809 30 2931 112 1302 1053	4.2
850 33 11074 44 1139 1738 808 806 11075 52 10611	11074 44 1139 1738 808 806 11075	4.2
226 612 1627 663 6972 1876 21 1284	406 12 663 6972 706 21 659 1284	3.6
11076 1950 68 4500 3905 3374	11077 68 4500 399 481 1966	0
1396 1020 1454 10550 7231 1022	1396 1020 1454 2185 7231 344	2.6
11078 1563 112 353 12 2588	1079 11079 112 708 21 11080 112 11081	0
22 1970 1453 1021 129 1166 12 1182 6306	1970 1453 1021 344 6 178 6341 26 1308	3
956 1397 1454 1022 26 1424	708 1020 1454 1022 26 777	2.5
2696 1397 772 534 26 5482 11082	2696 1970 11083 742 983 779 1025 11082	3.2
988 8139 1313 544 7143	988 8320 947 1313 544 7143	3
1675 1522 1676 105 1525 11084 22 1920 852 11085	1675 1522 1676 105 1525 1139 39 4084 68 11086	1.4
1932 6 557 6117 21 7136 7240 1693	2677 10434 414 21 7136 7240	1.8
659 506 68 11087 7690 11088	659 3136 68 11087 11088 467	3.4
10668 791 1332 26 832	10668 791 1332 26 832 834	3.4
1525 6 1242 9956 8149 26 1920 852	1000 1375 865 899 6 11089 11090 26 1920 852	1.8
6544 7589 21 601 11091 21 8190 690 806	10308 756 7790 6589 11092 806 1341	0
10504 1079 1986 10931 10504 2581 7164	10504 1079 1986 37 10931 10504 2581	3
650 7767 7067 126 52 1301	650 7589 126 52 1301	4
11093 1453 11094 1455 226 11095	7952 1397 1455 226 11095	3.6
1568 1008 737 738 739 192 21 743	22 737 738 739 226 612 1273 21 743	2.8
659 653 1088 731 1303	659 653 5423 1519 731 33 1303 279	2
935 729 8031 5333 1230 729 779 6913 7296	11096 935 8031 5333 1230 808 6913 1353	4
1409 10173 6306 969 21 1255 2981	226 612 7094 1409 10173 706 226 1255 33 2981 11097	3
11098 11099 729 1727 68 8013 848 1078	1727 10564 26 1802 6555 848 1738	2
698 704 739 1423 21 1363 743	1184 906 739 1447 21 743	1
1520 1007 1521 609 21 1524 759 7746	1520 10687 26 4271 808 850 851 11100	2.25
1954 938 26 11101 5328	11102 226 1588 10802 2664 26 659 5328 11103	1.4
5442 1365 7950 4824 4825 26 5734 808 1126 9242 7296	4824 4825 7001 808 1126 9242 7296	3.6
7274 10855 21 676 805 2917 691	6823 1079 7274 11104 11105 9141 674 817 540 1292	0
663 6972 1548 52 7029 841 21 1287	744 1548 52 7029 841 21 7325	0.8
1479 706 6 7220 1889 21 1284 1153 659	659 1141 105 1837 706 21 1284 226 1287 2015 821 1607 604	2.2
1027 1028 1774 9682 3247 21 5678	1027 1028 21 5678	4
7603 1417 10695 112 7444 68 10645 1557 9406	7475 10695 112 7444 68 10645 1557 9406	3.8
8178 1830 11106 186 708 33 1079 1174 4247	1595 6 821 817 1229 1830 745 708 33 1079 1178 4247	4
768 10434 7746 702 8933	768 11107 739 967 21 7973 707	1.2
721 698 7495 967 21 1006 7618 21 7118	721 698 686 1006 7618 21 7118	3.2
11108 7286 1001 669 756 68 9488 21 1160 1303 12 178 810 3205 21 832	821 809 756 7219 7489 1252 3937	0.6
1602 701 6 6758 1200 21 336 1939 6724	735 701 6 742 1200 21 1528 708 7338	0.6
22 648 649 664 665 63 22 666 667 657	648 649 664 665 63 141 666 667 668	4.6
1554 841 842 192 7122 1004	192 7122 6 192 1554 841 706 21 11109	2.2
10880 2323 1474 63 1079 7103 7122 757 779 8260 8261 706 21 737 738	7103 7122 657 8260 8261 706 21 737 738	3.4
226 612 7087 706 21 698 7428 21 1255	226 612 7094 706 21 11110 7428	2.2
723 7637 808 11059 983 12 453 494 834 10979	754 981 4979 7425 434 317 494 834	1
850 913 769 770 774	8353 1610 769 770 774	0.6
11111 506 112 1321 10629	7004 506 112 1484 2874 5553	0.8
1248 457 21 892 68 8264 146 806	11112 21 845 12 6823 7286 11113 1249	0.6
769 770 774 68 705 63 1289 11114 884 6834 2434	1289 769 770 774 63 5425 6 7726 884 674 18 2434	3.2
743 2289 1031 1554 7122 3212	743 2289 1802 1554 7122 1004	3.6
1579 10507 5663 11115 21 7118	1579 10507 609 1386 1347 11115 21 7118	4.2
1455 7470 68 11116 8026 977	1079 7820 11117 8026 977	2.2
7097 11118 11119 11120 819 808 1062 1353	11118 11119 11120 1265 808 729 1062 11121	3.8
1008 737 738 739 192 21 743	743 737 738 739 129 68 700	3
965 830 21 892 428 194 771 3469	892 965 829 739 971 428 406 3469	3
708 7744 1853 2876 779 4352 11122 868	11123 1077 3 11124 779 11125 33 1167 11126	0
7593 33 11127 1353 6270 112 7402 7510 1089	669 839 4739 6270 112 7303 21 7118	1.2
669 1351 1846 186 3401 11128 7304	669 709 7877 7295 26 10954 7304	4
831 894 68 1303 1522 7100	831 2289 1506 485 1522 7100	2.8
406 1876 63 1284 10631 226 663 1154 21 1287	485 489 7375 701 21 1284 226 663 1150 21 659	3.6
690 756 744 2138 6978 7376	690 744 7023 6978 729 10644	4.8
1085 1939 1327 636 68 46 10846	1085 1939 636 11129 68 46 10846 8 3832	3.8
933 7290 7944 779 11130 276 26 832 834	933 1009 10668 276 26 832	4
11131 1315 706 21 1554 729 10618 10619	923 1315 1096 701 21 1554 2278 10618 1089 2015	4
293 1257 5119 68 769 21 11132 1688 11133	10804 701 21 11132 1688 11133	3.4
1033 1027 1327 961 1339	1033 1027 1327 105 226 612 700 701	2.8
601 701 21 22 3261 698	7122 865 9724 21 693 3261 694	1.2
7255 1138 7729 21 892	7255 1138 7729 21 892	5
892 776 112 6303 7851	892 1466 783 1464 112 7851 7854	2.8
22 1756 2898 1378 756 1838 21 728	11134 126 11135 247 21 1484	0.2
11136 544 1837 1190 2837 68 65 11137 7635 1603	11136 544 1837 2837 68 46 127 68 7630	3.4
405 706 21 1595 1532 8912 829	405 706 21 669 1626 738	1.2
181 542 68 6064 11138 11139 226 1786 11140	892 7643 7790 980 68 6064 11138 11139 226 1786	3.8
6120 68 11141 60 2649 26 8105 1089	6120 1807 68 77 6 5430 68 11141 26 8105 1089	3.8
11142 12 1709 12 11143 1264 21 7540	11142 12 1709 4271 129 68 2142 800 21 11144	0.6
11145 68 441 743 112 7122 1920 852	1554 676 7206 441 68 743 112 7122 852	3.6
11146 11147 2641 11148 5637 33 11149 8466	11146 7911 11148 5637 33 8466	4
601 1876 779 721 1327 226 11150 11151	601 706 21 1327 226 11152 3754	4.6
1396 1397 1358 1022 26 777	1396 1397 1358 344 26 1399	2.2
650 1950 68 11153 1165	650 68 1777 1173 68 3455 26 1165	2.6
11154 839 68 8208 198 1383 21 1405 105 6306	11154 839 68 8208 198 1383	4.2
16 7271 772 7824 708 6 742 701	5041 11155 842 7270 21 708	2.4
11156 729 11157 76 16 11158 2848 1994	11159 11157 2155 2848 112 10254 6 7303	3.2
6894 1007 4684 7510 829	1377 84 6894 1007 4684 7510 829	5
1595 11160 6492 4598 68 6213 3288 7231 21 11161	1595 2015 821 6492 4598 11162 68 6213 3288 983	3.4
972 7543 21 3688 1594 129 112 1589	7745 5345 21 659 11163 112 1589	1.4
7136 965 6724 769 770 3358 10682	7136 965 829 105 769 770 7834 68 10467	3
8353 1610 932 1339 428 769 770 3244	8353 1610 932 1339 21 11164	3.8
659 7663 2344 1001 748 68 7061 691	659 105 639 706 21 1287 1284 779 7061 1264	2.8
811 1972 33 1053 1956 68 1282	811 1972 105 1053 2826 21 1282	3.2
708 7339 7340 68 10584 544 7342	708 7339 7340 68 1079 920 544 7342	3
841 132 1130 21 1628 10607 8523 1327	841 759 695 21 1628 10607 1291 1089	2.2
