3 7027 12 811 1972 176 6787 26 1302 1053 33 2888	1036 6464 7028 808 1302 1053 33 769	1.30
1386 7029 841 687 688 7030 3754 1264	1386 7029 841 549 7030 3754	3.00
6639 1603 1983 3937 21 7031 7032	6639 1603 1983 3937 21 7031 7032	5.00
6053 122 68 444 7033 7034 7035	7036 7037 6823 3338 33 7038 7039	0.00
728 1264 1838 1975 989 6 755 1351 26 1464	728 7040 68 3455 544 755 729 7041	1.20
674 809 7042 3505 12 852	674 809 4623 609 7043	1.20
1590 6516 729 7044 1301 68 7045	1590 6516 729 7044 7046 1301 68 7047 7045	5.00
7048 6 7049 6 7050 7051 112 7052 880	7053 7049 7051 112 3509 656 880	3.60
850 724 544 1229 6757 21 1255	722 1774 7054 1229 1133	0.00
831 1037 7055 850 676 12 7056	3718 1037 7055 6098 12 7056	1.20
61 701 21 7057 965 829 6 557 6132 198 7058	700 5993 701 779 7057 965 829	3.20
841 1548 52 7059 21 1287 779 7060 1264	659 105 841 1548 52 7061 744	2.80
1031 7062 1404 21 7063 226 2983 62	1031 7062 993 850 33 851 31	2.40
7049 729 76 7064 1995 8 7065	7049 7066 68 689 109 12 7067	1.20
1753 676 7068 7069 2662 26 3 789 1777 1794 854	743 4845 789 1777 1794 854	2.20
988 2901 989 68 993 832 1368 7070	988 2901 989 1231 1855 26 832 1368	3.60
769 770 198 702 913 774 68 7071	769 770 198 707 906 774 68 7072	3.60
1020 68 7073 226 1454 26 1435	1020 68 7073 26 1435	4.00
709 3214 842 1627 1489 21 7074 743 1626 1527	1008 737 739 1187 1489 21 743	3.20
1960 841 1693 687 688 226 744 21 1287	841 1693 687 688 226 744 21 1287	4.00
7075 68 2399 1960 1037	6798 7075 1474 659 1037 6 7076 7077 7078	3.20
707 1239 1115 1756 808 1741	707 7079 779 2279 768	1.40
1092 1381 7080 293 7081 3679 1429 852	850 729 7082 7080 729 293 1355 851 852	1.40
7083 1085 2734 7084 7085 1787 7086 868	1085 2734 7084 7085 1787 7086 868 226 7087	4.60
956 7088 1177 2486 2666 7089 2052	956 961 1348 1051 729 7089 7090	2.00
7049 711 7091 21 961 112 7092	7049 33 711 7091 21 961 112 7092	5.00
769 770 21 965 829 21 811 892 7093 68 7094	1187 706 21 965 829 21 7095 892	2.80
743 1143 7096 1292 26 609 7097 7098	743 799 517 544 6510 7099	1.40
1522 7100 1701 226 7101 21 7102	7103 3212 7104 21 679 1674	1.00
1423 701 6 1602 1117 21 1528 708 1532 1529	192 4586 21 899 1853 721 1529	1.00
7105 7106 7107 7108 7068 7069 4529 511	7105 7106 7107 7108 33 4529 511	5.00
690 7109 7110 1244 4674 68 7111 6978 691	690 7109 1244 1007 546 21 7112 63 691 7113	1.80
7114 7040 68 475 808 7115 629	1085 1037 7040 68 475 808 1741 1928	0.20
7116 842 1472 3801 16 7117 21 7118 33 7119	609 7116 7120 1853 21 6834 7118	2.00
743 7121 3214 698 729 7122 7123	743 88 1368 2493 68 669 1860 2992	1.60
1687 33 1165 7124 7125 983 21 7126 3185	708 33 996 4598 7127 68 7128 983 21 1980 3185	1.00
1579 842 740 21 1115 1934 1089	1579 729 842 967 729 21 1115 1934 1089	3.00
1008 7129 961 112 1200 923 7130 779 3003	22 1688 1689 7131 961 112 1200 923 7130	2.40
7132 7133 7134 779 892 7135 829	5786 904 198 7136 965 829	2.20
1416 698 1063 842 226 612 1016	1416 721 698 1774 7137 739 226 612 971	3.00
7138 7139 696 21 697	693 698 695 696 21 697 699	3.00
659 1007 506 68 3019 1161 68 663 1264 3213	1960 1007 122 68 2759 7061 1264 3213	2.40
875 876 877 878 868 226 879	875 7140 877 878 868 226 879	5.00
1595 33 756 1076 657 7141 7142 33 996 997	7143 7068 7069 756 7144 1076 7145 2922 7146 7068 7069 806 1341	0.00
1555 7147 1956 186 3494 21 693 694 517	693 841 229 1555 1956 186 3494 21 3261 694	4.80
728 33 756 657 88 485 691	728 744 7148 7149 7150	2.40
4678 4905 7151 68 1302 1053	811 1972 33 7152 7153 7154 1053	1.00
7155 21 22 1970 1495 7156	7157 7158 1382 1425 1970 1562 1022	0.40
1980 7159 1141 21 7160 739 1429 6 7161 1423	789 7162 2028 1637 105 1906 105 1628 7159 1141 4114 129	2.60
1568 1008 737 738 739 192 21 743	1008 737 738 739 192 21 743	3.80
3 2292 33 7163 112 777 44 1573 6 7164	3 2292 33 7163 112 1451 7165 1472 6 7164	2.00
1502 706 21 1630 1529 21 7166 708	609 706 6 406 1117 8 704 21 1363 743	0.60
7167 901 7168 7169 7170	7167 33 901 3417 7169	4.80
1413 4586 21 1079 7171 1603	841 105 1413 4586 21 7172 7173 33 854 1603	4.40
243 7174 5716 1279 360 718	243 7174 1278 1279 360 718 6 1457 701	3.80
1386 961 1339 63 2296 1200 7175 414	1386 961 1339 63 2296 1200 7175 414	5.00
850 7176 5620 12 7177 1920 852	7178 276 1224 68 465 7177 852 150 22	1.40
7179 7180 1342 1115 7181 5640	7182 7164 105 7179 7180 196 129 16 7183	4.40
7184 7185 7186 949 191 5270 2455	7184 7185 7187 112 191 7188 2455	3.80
7189 7190 7191 2029 7192 112 977	7189 7190 7191 7192 68 108 753	5.00
7193 33 375 1389 198 7194 37 6807 68 1829	1595 1347 1088 7195 7194 7196 7197 226 191 7198 7199	3.00
7200 7201 644 226 445 2760 7202 845	7200 7201 1063 1777 112 7068 7203 7068 7204 902 226 7202 845	3.00
1877 1089 609 1525 21 1566 283	7205 785 129 1522 21 1566	2.60
988 7206 1313 544 723	1572 7207 1368 7208 1738 544 755 7130	0.40
7209 981 135 1184 2670 135 112 2901 2457	758 506 68 938 26 542 68 7210 1082	0.00
7068 7211 7068 7204 4089 2415 7212 414 701 21 7213 114	2415 7212 414 701 105 3599 7068 7211 7068 7204 4089 245 7195	3.40
7118 33 1037 1081 729 3406 746 729 7118 33 374 1236 275 2299 39 746 485 489 1423 2546 779 3810 886 6 3810 21 39 5250 4013 12 1176 671 779 7214 2689 7215 255	7216 105 7118 33 374 1236 2299 39 746 485 489 1423 2546 779 3810 886 7217 6 2499 39 5250 4013 12 1176 671 779 7214 2689 7215 2748 139 570 808	4.60
1409 676 288 7218 26 789 350	850 1251 7219 84 3466 1313 83 46 3619	0.60
7220 706 21 1960 691	1383 33 1037 724 544 691	1.20
1144 7221 1466 5250 2788 1464 6 84 1553 1089 138	22 1466 1634 2788 1464 6 6950 7222 747	3.80
1365 729 275 181 1635 729 808 7223 165	1890 2570 647 649 7224 12 512 7225	0.00
7226 650 68 4089 21 7227 30 7228	7226 650 68 1978 26 729 7227 30 7229	4.60
1396 1020 748 129 7230 7231	1396 1020 748 1519 7232 983	1.60
789 33 5703 1130 868 226 7233	789 33 5703 3712 1130 868 3497 7233	4.60
7234 1706 26 7235 6 1173 949 1983	2531 789 1173 1355 7236	0.00
769 770 21 7118 1414 774 68 7094	1429 695 819 779 7118 721 1414 842 1827	2.80
3718 7237 757 7238 7239 845	3718 7237 757 7238 7239 845	5.00
7136 7240 1932 819 63 769 770 7241 7242	7136 7240 1932 819	3.20
1187 1960 2942 706 21 7243 840	1555 1960 2942 706 21 7243 721 694	3.20
1596 33 3103 7244 1807 198 811 708 1535	708 1382 7244 68 811 708 1535	2.40
659 6346 3048 1784 544 731 6 7076	659 653 7245 2289 731 808 7246 1497	1.80
7067 33 7247 3777 434 3618 68 23 7248 728 33 5353 1320	1949 105 755 2660 434 3618 68 39 7249	2.60
1302 1053 868 3497 1146	1302 1053 868 226 3982 1146	5.00
2511 1070 7250 4721 68 2665 1519 21 6277 12 765	1071 1070 7250 4721 729 68 7251	4.20
7115 7252 657 729 696 21 1655 7253	7115 657 696 21 1655 7254	4.80
7255 938 26 3215 3905 3374	7255 2142 7256 26 789 33 3215 3905 3374	4.60
7257 7258 7259 21 63 1036 374 1236	7258 7259 21 63 3848 33 1079 374 1236	5.00
7260 3207 744 1521 7261 7262 1082 6674 7263	1206 30 108 505 6 84 690 1264 757 63 6976 6973 5079	0.80
3193 7264 4089 7265 1040 868 3497 7266	3193 7264 2572 7265 1040 868 12 6723	4.20
7267 2590 33 683 7268 819	7267 2590 2733 1295 729 6010 729 1079 506	1.20
723 724 728 544 988 276	839 1519 728 7269	1.20
783 784 785 786 68 791 789 790	783 784 785 786 787 68 788 68 789 790	4.40
226 612 1502 701 779 708 913	226 612 7270 701 21 708 7271	2.80
1270 37 9 1185	39 1079 7272 37 3100	0.20
7273 2560 525 7274 4742	7273 2560 525 7274 4742 808 1595	3.40
7275 7276 6322 52 7277 1341	2173 1429 105 7275 5844 7278 1385 7277 1341	3.80
1033 1027 769 770 774 68 3263	913 769 770 774 68 7279	0.60
5442 7280 68 7281 226 748 12 308	5442 7280 7282 198 3061	4.40
1478 105 1507 1508 739 740 21 1229 1935 704	7283 698 729 739 740 1554 7284	3.80
708 7285 1031 996 1377	708 7286 7287 1375 7288 835	0.40
1193 809 33 7289 7290 1109 12 2279 7291	674 809 33 7289 1805 3201 7292 12 2279 7291	4.60
988 6 1906 77 5959 2457 4876 1332	708 181 2262 1031 2457 5747 105 1252	1.40
7293 3912 7294 21 1062 7295 1686	7293 3912 2064 1519 779 7296 12 7297 7298	4.20
7299 6338 6829 7300 868 226 7301	6823 923 1037 6829 7300 868 226 7301	4.60
1479 663 6972 706 21 659 1284	1709 12 663 6972 6981 21 659	2.20
655 1901 7302 7303 21 811 2944 1515 7304	662 1901 7302 7303 21 811 2944	4.60
6053 6040 729 7305 5123 729 2588	22 68 2346 7305 5123 112 7306 12 289 3982	2.60
841 1693 687 688 226 744 21 6978	841 1693 687 688 226 744	3.00
1603 6 691 7307 690 6544	690 744 7308 788 6544	3.60
708 1970 7309 1453 1454 1022 6975 6081 1017	708 1970 7309 1453 1454 344 6975 7310 1187	2.20
336 654 1515 7311 68 3 7312 1688	3599 1082 654 7313 1515 7311 68 7312	4.80
1802 7314 7315 21 1471 1089	669 2942 706 21 698 1089	0.80
1289 7316 7317 428 3036 7318 12 7319 21 7320	7321 1001 7322 1849 112 708 6 1595	0.00
831 1339 7323 517 428 1525 2983	1520 7324 1693 226 1522 2871	1.40
744 7148 7149 7150 21 7325	728 744 7148 7149 7150 21 7325	4.40
7326 7327 45 1266 68 7202 1738	7328 1872 7329 7327 45 1266 68 178 1738	1.40
850 729 7330 851 7331 7332	850 84 7333 7331 226 851 7334	3.60
7335 5819 21 7336 33 1341	1595 806 105 7337 7142 7290 7338 1341	0.40
708 7339 7340 68 7341 544 7342 1451	708 7339 7340 68 7343 544 7342 1435	3.20
1819 834 2995 2473 832 6 650 68 117 3778	834 2995 2473 832 6 1008 7344 1089	2.80
744 6981 21 7345 1385 7346	691 1677 21 728 1385 7346	1.20
4678 2154 5678 1315 1089 7347	4678 7348 4721 2154 7112 12 445 1315 7315 2296 2884	4.20
892 30 708 1351 1840 68 1787 7349 1320 21 7350 276	892 84 708 894 1840 68 1787 7349 1320 21 7351 276	4.20
7352 21 693 63 1115 695 3205	841 7353 97 695 245 3205	2.40
669 709 7354 7355 7356 198 839	669 709 7354 645 7355 7356	4.60
1129 68 145 7357 709 191 1555 3169	1129 1246 68 282 7357 709 191 1555 3169	5.00
783 1710 2876 3179 21 728	783 1710 2704 3508 21 832	0.80
832 1381 84 181 1920 852 519 756	832 105 1365 30 650 122 1550 4318 68 6757	0.60
4678 68 1975 2526 3712 7244	4678 2017 7358 3103 7244	4.20
7359 1489 7360 198 846 7361 21 698 840	7136 846 7361 7362	3.40
7363 12 1626 7364 1348 7262 7233 510 414 21 1484	7363 198 7365 1042 7366 414 21 1484	3.40
7367 1525 1231 61 7368 1144	7369 1650 637 1522 7370 21 1920 852	0.60
406 706 21 755 1348 1327	1273 706 21 7371 1348 1327	1.40
1363 1944 772 7372 375	1363 1944 33 7372 1594 7373 375	3.60
1008 1026 628 68 7136 1118 7034 7374	7375 1026 628 68 1079 7136 7240 7034 7374	4.00
22 1082 7376 1249 150 102 7377	1082 7376 1249 808 2570 512 7378	3.20
1507 1508 739 971 21 1478	1507 704 739 1429 21 1554 1417	3.00
708 1690 647 30 796 68 797	708 1690 375 797 796 7379	4.00
178 6341 26 7380 7068 7069 404 467	988 4463 989 7068 7204 852 482 467	1.80
3848 5820 7008 68 949 3278	3848 5820 3254 4092 68 949 3278 7381 983	3.80
956 1270 576 714 7225 21 961 112 1944	1273 956 7382 26 7383 112 1944 961	3.20
2240 7384 150 3424 6118 736	2240 7384 150 3424 7385 6081	1.60
1835 809 7386 1426 7387 7388	1193 809 7389 7387 7388	3.40
1522 7390 868 21 3028 704	1522 7390 706 21 722 21 3028	5.00
744 1548 52 841 21 7391	744 1548 52 841 21 7345	3.80
7392 729 7393 811 809 7394	811 809 818 815 819	2.40
956 676 1378 968 1605 676	956 676 1378 1008 1144 3425	1.60
7395 706 21 698 704 26 7103 1939	1579 842 3263 21 1363 743 105 841	2.00
7396 2065 706 21 1556 5678 7397 7398 245 1096 21 3 2517 6 841 229	7399 1603 105 1615 7397 7398 729 7400 68 769 779 2035 1096 21 7401	4.60
769 770 21 7402 1089 774 68 7403	769 770 198 659 1141 774 68 7404	1.60
708 33 1920 7405 7406 112 3 707 1399	708 1382 1241 457 68 707	4.00
933 7407 68 6755 7313 729 7408 7409	7410 68 984 7411 457	0.00
850 7412 729 706 21 7413	933 1874 2032 21 2434	0.00
2924 7414 868 3497 7415	1302 1053 868 3497 1146	0.40
2435 3263 2455 510 21 729 1946 7416	754 33 937 7417 105 3263 2455 176 21 729 2689 7416	4.20
659 1772 1285 1286 757 7418	659 776 112 485 1141 63 1285 1286 1005 729 1405 12 7419	1.60
5784 150 16 7116 1774 3662 4271 12 693 3261	6306 12 16 7116 226 3662 4271 12 693 3261	5.00
7395 706 21 698 704 26 7103 1939	1602 706 8 698 704 21 1556 892	1.00
3 1079 4652 1126	39 1079 4652 1126 174	4.80
2279 906 909 360 5353 910	7420 906 909 360 5353 910	4.00
7209 33 729 7421 729 68 584 129 988 880 735 1503 1717	7209 33 729 7421 729 68 584 129 988 880 735 1503 2352	5.00
7422 706 21 7345 1935 1529	16 706 21 7423 7424 1529	0.60
22 105 7425 446 494 834 26 832 839	7425 894 68 4642 808 494 834	1.80
769 770 21 7136 829 226 7426	226 612 5070 706 21 7136 965 829	3.40
1520 7427 1200 21 1550 888	831 1051 1961 12 601 1200 7427 21 1550 888	2.80
676 7154 769 12 1053	789 7154 6547 12 1053	3.40
16 7428 1774 1409 7429 21 7216 6 843 706	704 1774 850 7429 21 7216	3.20
831 7430 6397 68 7431	831 1664 7432 6397	5.00
1396 1397 1358 7433 983 344 26 1435	1396 1397 1358 1022 26 1435	2.20
1507 1508 739 1017 1416 709 7434	1507 1508 739 1016 1416 709 7434 21 7435	2.40
669 1007 772 1256 52 3009 698 6 842 192	7436 112 7437 21 693 694	0.40
7438 1885 6230 7439 6 229 49 91 7440	7438 7441 7439 7442 6230 6 229 49 91 7440	4.60
1709 7443 21 7067 7444 1693	1709 7443 779 1693 948 109 21 7067 7444	4.80
1627 706 21 7445 6 1746 1895 21 743	601 706 21 7345 1211 829	0.40
843 706 8 6928 7446 1004 21 6834 1471	226 612 192 706 21 7447 7448 21 674 1471	3.00
850 7449 198 832 1920 852 105 662	405 706 21 669 1626 738	0.40
1683 7450 662 1244 1245 112 410	1878 1005 26 662 1244 1245 68 3455 26 832	2.40
1878 1142 26 1173 68 748 7376	7345 33 1173 654 3397 7005	0.40
336 1939 5952 7147 5340 1738	7451 3179 21 659 6 45 1373 1963 1306	1.00
1556 728 7452 85 68 3449 723	7453 719 800 68 3449 723	2.80
7258 7259 21 63 1079 1036 1037	5378 21 3004 63 7447 467	0.00
797 686 3018 4746 33 7454 2626 12 4085	968 1236 706 21 7455 4085	0.00
650 7456 674 809 63 7457 1144	650 7456 674 809 63 6623 7068 7458 1144 7068 7204	3.80
7459 1874 22 191 7460 21 7461	7459 1874 191 7460 21 4104 3185	5.00
7462 738 601 407	7462 106 7463 112 1330	1.80
7464 388 7465 21 1104 6 1429 701	7464 772 7466 18 6 7467 18 428 181 4927 1666	3.20
659 7468 7469 1229 1230 544 832	7470 68 3 7471 12 1229 1230 544 832	1.60
7472 839 7473 1201 1348 105 728	723 6898 7474 808 728	1.80
181 4663 52 7475 26 1539 105 7476	181 1332 226 850 851 852	0.40
22 2621 832 275 136 446 494 834	22 2621 669 1082 446 494 834	4.60
659 33 756 7141 676 33 3463	743 33 756 1076 7477 1251 1589	0.00
669 1126 1805 7478 26 112 1503	832 1235 2289 1119 12 7100	1.00
723 84 7479 7388 1098 21 1536	831 84 23 7480 109 7481 7482 540 52 22 21 1536	1.00
7483 7484 21 910 7485 7443 30 7486 5809	7487 7488 7489 1555 7486	3.00
7490 706 6 7491 1889 21 2917 1063 21 1255	609 706 6 742 1889 21 1063 21 1255	1.40
728 33 7492 84 87 284 45 542 68 475	728 756 101 7493 475	1.40
1746 1895 842 7494 21 5353 1478	698 7495 3036 21 5353 1478	0.80
3232 647 7496 12 7497 1133 7498	3232 647 7496 12 1600 1601 1133 7498	5.00
6829 7300 6 6823 6996 1037 6 701 226 7301	6829 7300 868 226 7301	3.80
1862 779 902 7499 293 7500 968 2065 7501 226 27	1862 779 968 2065 6 705 6 7501 226 395 27	5.00
664 665 68 2399 375 867 68 3618 3 666 667	22 648 649 664 665 63 22 666 667 657	4.60
789 7502 6 850 2 7503 7504 851 852	789 7502 1231 4436 1665 21 850 851 852	3.80
1285 1286 7505 21 659	1229 1239 1480 4642 21 659	1.20
485 969 1310 21 336 1515 1939 722	1602 701 21 336 1939 1327	2.80
707 7506 5658 26 1687 7507 1089	7508 7509 33 2496 6449 3058 21 1934 7510 1089	0.40
5698 6 7511 6981 112 1053 1212 1213	650 1077 729 7512 729 226 1053 33 1258 1213	1.60
650 1001 7513 198 1877 6 1525	650 1378 1520 6 1522 7514	1.80
723 2289 7515 4529	755 653 2289 7515 5716 4529 26 7192	4.20
755 3103 7363 414 779 39 2559	723 7516 7429 21 1683 779 1089	0.20
7517 706 21 22 737 1089 26 1471 752 1076	1008 737 7518 739 971 21 1471 752 7519	4.00
708 7520 7309 226 7521 3278 105 7522	708 7520 7430 21 2811	1.00
933 68 1292 639 7523 7524	7525 68 540 2531 7526 1213	0.40
2656 21 331 6 7310 609	2656 21 331 6 6081 1017	1.80
4771 7527 3378 342 112 39 1298 52 271 765 2924	1726 1727 571 112 7528 7529 105 35 24 23 3128 174	0.20
1691 1939 112 669 494 834 2239	662 7530 669 494 834 7026	1.80
769 770 774 68 1472 21 892 33 5725 965 829	769 770 774 68 895 21 910 1630 829	0.60
7531 4739 6270 112 7532 1063	3718 1477 3158 1353 6270 112 3138 7533 7303	1.40
7534 1007 549 798 7535 69 21 7247	7453 1007 1289 798 7536 1733	3.80
974 12 1200 811 817 7537 1352 414 21 2574	7538 818 6724 105 974 12 811 817 7537 1352 414	4.20
181 6892 26 1302 1053 33 1054	1302 1053 33 1054 7539	2.20
61 701 21 22 965 829	700 706 21 22 965 829	2.60
728 105 3263 510 1876 21 7540 1284	728 7541 808 7325 1284	2.00
22 2440 7542 7543 68 410 212 3508 1776 7306	22 7542 3103 3449 7544 112 3508 1776 7306	4.20
7545 906 909 360 910	7546 906 909 360 723 33 7547 7548	1.00
7549 1443 844 1079 1062 1353	7549 1443 7550 7551 7552	2.00
7553 657 2154 831 112 832 852	7553 657 21 831 68 993 247 21 832	5.00
1590 1217 37 7554 226 5506 2924 33 7555	1590 1217 7554 21 5678	3.80
7556 7557 68 7558 112 1079 1367	7556 7557 68 7558 26 350	4.00
1116 2901 1236 7559 52 7560 7561	2511 374 1236 1382 7562 68 7563	0.20
1190 511 1265 7564 7565 7566 1610 552 701 6 841 229	3 7567 105 1608 105 1190 1077 7566 1610 21 3557	1.40
7568 7569 517 5423 68 6895	7570 7571 517 5423 68 6895 6809	5.00
841 1027 1028 186 1030 21 1033 150 1412 7572	1027 1028 186 3920 12 1033 7573	4.00
659 1252 105 7574 3037 7575 938 729 107 729 112 1079 5328	659 7576 127 938 26 5328	2.40
850 6 700 1634 7502 1226 7577 851 276	850 6 789 7502 628 851 276	4.60
5797 198 1838 6 1210 226 1053 1212	650 7578 763 52 7209 33 7579 226 1053 1212	2.00
1520 1007 759 705 1525 21 1526 1550 888 1527	831 7580 1566 7581 63 7582	1.00
7583 729 1635 808 7584 729 12 7143 806	7143 105 729 7585 1635 729 808 806	2.80
950 951 1020 748 344	968 1020 1358 344	0.60
7511 575 7151 68 1441 7586	2733 575 7151 68 2924 7587	0.40
1363 4453 3182 4075 68 2160 7588	1363 3182 2469 6 7589 779 2160 7588	4.20
7590 7429 21 832 772 8 7591 1693	7590 7429 21 832 772 8 7591 428 181 4927	3.60
674 809 3025 1161 68 7481 1432 4247	674 809 3025 1161 68 127 1432 4247	4.20
1579 729 842 1423 3507 729 21 677	1579 842 1479 21 1934 7137 1089	2.20
1607 1489 842 1415 2901 3507 6 1429 7103	1579 842 742 2901 3507 21 743	2.80
7592 729 1007 1089 1607 1477 69 21 7593	3466 7502 7594 68 7595 1892	1.00
950 951 506 112 5147 6252 1154 26 7596 7597	950 951 506 112 5147 6252 1154	3.80
1507 1508 739 2776 21 1255	1507 1508 1063 7598 27 21 1255 6 739 967	3.00
1184 1693 948 109 21 7599 3377 21 7600	1693 948 109 1774 3377 21 7600	4.60
1602 1157 696 6316 21 7601 7338	3263 1157 1876 21 1089 21 1478 1089	0.40
705 706 8 3582 7602 63 910 7483 7484	1602 701 21 7603 7488	3.00
226 612 742 706 21 892 965 829	226 612 7087 706 21 698 7428 21 1255	0.60
659 33 1251 806 1249	659 1466 7604 1251 806 685	2.80
765 12 22 7605 739 2478 3 765 12 2283 22 7605 7606 7607 275 706 2478 18	765 12 2283 22 7605 7607 739 2478	4.40
7608 7609 3401 7610 112 1613 3179 226 7611 7608 7612	587 2051 105 7608 7609 3401 7610 112 1613	4.40
1116 719 637 1079 1037	1939 7613 739 1187 21 1079 1986	0.00
755 803 6121 1079 683 7614 3397	723 84 7479 729 2052 729 1098 21 1536	0.40
1507 698 739 1187 6 7161 1016 21 743	901 3025 7615 21 743	0.00
728 839 729 3517 5353 7616	728 1353 839 7617 198 2062 7618	3.60
5577 768 7619 6 4673 12 308 6 714 3 707	5577 768 7619 7489 21 26 3 707	3.40
1951 1901 728 782	690 7620 304 21 3207	0.00
708 68 7621 988 7622 7623	7624 1684 4388 129	1.20
956 1397 1454 344 26 1451	956 1397 1454 1022 26 1424	1.80
7625 5874 7626 226 3 946 758 7627 729 7628	650 30 5874 7626 2142 623 2353 12 7629 946 758 7627 729 7628	3.60
693 698 695 6117 428 973 7630 1805	693 694 695 6117 21 1282 7631	3.00
1425 1562 1455 26 708 1517 1564	1425 1562 7632 26 883 888 1309 1905	1.40
789 33 5703 625 868 21 1595 226 7233	7633 7634 105 789 33 5703 625 868 3497 7233	4.80
2901 3011 7008 21 892	2901 3011 7008 21 1396	1.40
7635 7636 7637 485 489 4566 7465 63 7638 7639	7635 7636 44 46 2526 7012 7640 21 1144 331	3.60
1634 1665 1805 21 6760 769 860	850 7390 105 1665 2035 38 21 7641 852	0.00
913 12 7642 908 909 360 910 915	913 12 705 908 909 864	2.00
22 6 1554 7643 68 569 1920 852 52 7122	743 1239 371 852 52 7122	2.00
1270 12 7644 30 3 7177 7448 363 7645 1502 7068 7646 3053 6 7647 365	1270 12 7644 30 3 7177 7448 363 3290 7195 7068 7646 5691 705 6 7164 365	3.00
7648 33 2782 106 1717 515 106 140 68 7649 21 7650	662 657 105 1337 79 1187 1336 68 7651 647 21 832	1.60
3718 841 759 1092 26 7652 12 7653	831 1777 7654 2598 12 852 7655	0.00
850 33 851 7656 457 1716 112 7657	850 33 851 7658 729 275 578 7659 808 191 882 7660	1.00
499 7240 1088 1519 7661 7231 21 7645	1092 7240 1088 7662 21 7645	0.80
1187 810 2748 1415 706 21 6125 7213 1089	810 2748 701 21 6125 7213 1089	3.60
1579 1259 1683 33 2901 7663 68 1846 101	1579 1259 1957 2901 7663 68 1846 101	5.00
768 769 770 774 68 7664	1960 769 770 774 68 7404	0.60
680 33 676 681 682 683	680 33 676 681 684 682 685	4.20
755 719 1300 1301 68 317 1229 21 728	723 275 181 2550 68 7665 7666 728 105 7286	1.80
7568 7570 1219 12 7667 3 4479	7571 1315 7568 7570 1219 12 7667 3 4479	4.40
7668 729 68 1662 723 7669	728 1905 755 7670	0.60
7120 7671 729 1348 288 1145 7672 21 4938 18	7120 7671 729 1348 288 1145 7672 21 4938 18	5.00
755 374 1236 26 1115 854 12 7247 441	723 724 544 5438 7673 112 832	0.80
3832 7674 7675 1191 7676	1008 3832 654 7675 7677 7676 26 7678 7679	4.60
7680 1141 739 3036 21 7681 846	7682 706 21 802 846	4.00
662 494 834 2995 68 441 832	22 84 494 834 446 21 832	2.00
7566 672 7683 1693 21 1528 708	7566 7684 7685 1693 21 7686	3.40
22 1229 969 21 1478 226 7687	1008 1229 969 21 1478	3.40
831 6 1525 1231 243 126 1435 105 1008 1377	1525 105 133 81 82 74 1878 7379 68 1326	1.40
832 894 68 1364 494 834	832 7286 105 133 24 2950 7688 494 834	3.40
7689 1289 7265 1811 22 7690 1688	7689 1289 7265 7066 68 117 7691	3.80
7692 7693 6 7694 7695 12 4628 30 7696 6 868 226 7266	7692 7693 6 7694 7695 30 875 7697 6 868 226 7266	4.80
7136 7076 1154 544 7698 7699	7700 7076 1154 68 99 1230 544 7698 7699	4.60
1327 12 962 1347 1042 1640 21 5353 728	962 1347 1348 1028 26 1349 1320	4.00
1507 1508 739 1016 226 703 21 883 7593	1507 1508 739 226 612 1187 21 6125	1.80
7701 7702 7703 68 3102 51 21 1079 1252	7702 1516 68 3102 21 1079 7704 7705 1252	5.00
892 7055 708 12 7706 1787 7349 1320	648 6 758 26 4085 2486 26 1320 514	0.60
7707 2944 867 511 753 39 6478 1130 1728 68 769 112 729 7708	2944 7709 6478 867 1728 68 769 112 7710	2.80
22 1031 7390 1878 33 5024 7711 68 1282	22 3425 12 1144 1402 1878 7068 7069 5024 7711 68 1282	5.00
7712 7503 1342 850 33 1251 806	7713 1342 7681 1251 938	0.20
1878 7714 729 7715 5606 729 21 7716 1920 75	1878 1378 1520 1838 68 1846 7716 1920	3.80
867 7717 808 639 33 769 39 867 275 448 7717 21 3494 6117 52 848 779 146 7718 2065 245 414 701 21 39 3019 12 7719 18	7173 1265 808 3243 33 769 39 7173 275 448 7717 21 3494 6117 52 848 779 395 7718 3243 245 414 701 21 39 3019 12 7719 18	4.40
674 809 84 68 7720 851 7721	674 809 3378 852 105 5183 44 7722	3.60
1960 653 7723 731 7068 7069 1303	659 653 1088 731 1303	4.00
1507 1508 739 740 6 7495 1016 21 1554 1417 150 841	1507 698 739 1187 21 669 1417 33 611 1853	0.80
693 694 695 6117 21 1282 7631	61 2884 2352 105 693 7724 694 7563 428 695 7725 68 128	1.20
485 7726 7727 968 7728 1718	22 1138 7729 21 6834 892 105 841	0.40
39 225 226 1184 1553 1063 21 1556 1972	662 1244 1245 714 1628 7730 1089 21 6894 1417	1.60
723 7731 68 728 897	1845 7732 728 7733	0.80
7734 757 1005 45 68 6680 709	1515 7735 7736 105 1596 45 68 3886 709	0.60
7289 7737 4540 271 729 4035 489 39 3627 729 7291	7738 7739 7289 7740 662 729 7291	3.50
7741 1216 226 789 1321 21 7345	1949 68 7742 789 1321 1513	1.20
723 1771 158 68 7743 656 6943 68 728	723 7744 1568 7745 1489 21 7067 7746	0.40
7747 975 1781 68 7748 831	743 7749 1980 737 1089	0.20
1089 739 895 21 1478	1951 105 1555 1351 706 21 1478 1089	2.40
1053 2826 21 1282	1053 2826 21 729 7750 7751	3.60
811 809 818 6502 2704 3404 845	7538 818 6502 844 845	4.40
7752 1037 33 7753 68 2399 676 150 7754 1252	7753 12 3557 33 7755 1037 68 46 676 7756 1588	4.60
659 800 26 1079 5328	1954 6544 26 1079 5328	5.00
22 737 738 739 700 21 743 835	1008 737 739 1187 1489 21 743	2.80
6514 7333 1039 198 1200 1348	708 7430 961 283 112 1200 1348	2.00
7757 5834 3848 3102 540 7758	7757 7759 5834 3848 6 3102 540 150 6186	4.00
2674 12 1379 68 46 7760 21 5690	5087 796 7761 1429 2559 26 1768	0.40
2279 7762 906 909 360 7763	2279 914 906 909 360 1191 1688	2.20
892 6553 105 1894 12 3 854 105 44 1547	892 6553 105 1894 12 3 854 105 7645 3036	1.80
3848 757 7764 21 7765 1167 938	1036 1037 7766 7764 21 1167 938	4.00
650 1901 659 1141 6 7767 1229 3816	743 1901 1141 21 659	0.80
7768 862 7769 112 7728 7563	1700 101 501 1081 112 7770 3857	0.00
2563 7771 739 226 612 2776 1157 21 892	7435 7772 694 739 226 612 1627	0.00
1590 33 7773 39 7774 12 611 30 1079	151 37 1590 1217 33 7773 174 7775 542 6 7776 4981 33 7777 30 178 3 7778	2.20
35 3 6535 229 6 44 2776 6 7164	35 3 6535 229 6 7779 1413 6 7164	2.33
2097 2289 7780 192 2760 52 7781 7782	2097 7783 961 1992 26 7784	1.00
694 7785 226 1006 711 7095 7216	722 711 1006 283 811 12 7216	4.20
1008 6 7786 68 239 1313 544 723 808 728	988 7787 1079 1313 26 723 808 728	3.00
721 4720 842 226 612 3036 21 1416 1417	721 4720 842 226 612 7094 21 7435 283	2.60
7788 115 7789 26 817 1613 156 6569	674 30 811 809 847 623 5529 52 852	1.00
956 1649 1378 968 1605 676	1006 1001 68 1440 1079 7357 676	0.00
1129 1246 2155 39 1243 226 3 662 1244 1245	1129 1246 7790 1243 26 662 1244 1245	2.80
7791 676 21 933 112 4923 1328	7791 676 21 933 112 4923 1328 779 3918 7792	3.60
7076 318 7576 233 1426 1955 63 1934 7510 7793 7794	769 770 774 63 1934 7510 7795 7794	3.20
1067 1853 1342 1115 1649 1650 470 21 601 1503	1067 1853 1341 2641 1649 1650 470	3.80
22 737 738 739 742 21 743	22 737 739 3036 21 743	3.20
1961 12 1640 1327 7563 7796 68 7797	1640 701 7796 2285 68 7797	4.80
659 7798 706 21 7243 1089	1960 2942 706 21 7243 1089	3.40
7799 2384 112 850 851 852	1515 7703 2043 191 7800 1166 12 850 851 852	1.40
1693 739 1627 21 755 7801 559	1627 771 701 21 755 7801 1282 1693	3.60
723 724 23 44 45 1226 7577 662 1368 4686	662 7489 21 26 7577 1368 4686	1.60
7802 7803 26 832	650 33 854 105 374 62 26 832	1.60
674 809 105 2995 1142 112 3678 7068 7646 30 229 708 1366 2940 39 314	674 809 5820 2296 1966 52 811 8 7804 7481 1432 874	0.80
708 1020 1358 344 1435	708 1020 1454 1022 26 1399	1.00
1179 7805 7806 30 7807 7068 7069 4141 790 7808	653 1088 1176 1292 26 718 7068 7069 716	0.00
1079 7809 54 136 54 46 7810 625 68 7811 511	511 105 1079 7812 54 136 6121 625 68 625	3.80
1053 2285 21 1282 21 7068 7813 56 7322 7068 7204 1054	1302 1053 1807 68 1282 21 7068 7813 56 7322 7068 7204 1054	5.00
1556 7814 722 769 770 774	7274 1289 769 770 7794 68 970	0.00
798 374 1236 1420 805 691	923 374 1236 1901 848 12 7427	0.00
7776 7815 7816 1077 1230 544 3247	7122 4720 22 69 21 1478	0.00
7817 5834 1721 1853 7068 7646 102 154	1724 5834 1067 1853 7068 7646 102 154	2.20
1185 1270 30 1562 105 63 23 2070 6 6081 7517 6 7164	1185 1270 30 1562 105 63 23 2070 6 736 2776 6 7164	2.40
7818 1322 868 779 1810 1089	7819 3276 868 779 1089 21 1079 7820	0.40
850 6 789 7502 2138 1079 3790 12 851 852	850 6 789 7502 1847 1079 851 852	4.20
7689 1289 7265 1811 22 7690 1688	7689 1289 7265 7821 63 23 7241 1008 7690 1688	2.60
2876 706 21 892 965 829	7822 706 21 7136 965 829	3.00
700 706 21 737 738 21 1835 741	895 706 21 1935 1529 21 743	1.80
2776 706 21 698 1089 226 7103 69	735 2942 706 21 698 1089 21 7074 743	2.00
674 809 7389 601 7387 7388	1193 809 7389 7387 7388	3.80
7517 7643 173 706 21 743 1935 694	226 612 7823 706 21 743 7137 694	0.80
721 698 739 6521 21 7824 743	698 739 601 21 7824 743	2.60
962 1347 1874 1817 52 1348 7262 7825 68 1596	962 1347 1348 7826 26 1042 68 1596	4.00
2652 84 68 164 129 68 7827 1182	2652 68 164 7827 1182 21 1186	5.00
7828 938 21 1588 112 4073 515 1393	962 1589 105 7828 938 52 764 226 1795 112 375 62	3.40
1693 7637 4263 7829 7304 21 708	1693 7637 7829 7304 21 708	4.40
7830 894 68 189 7831 112 191 3288 3169 3543	7830 68 189 7831 112 191 3288 3169	5.00
892 6664 6544 21 789 33 116 806	892 2664 7832 360 789 7068 7069 2526 806	5.00
721 698 21 6834 832 739 226 612 895	669 1469 842 226 612 1254 21 7833	2.00
702 906 769 770 7834 68 7835	769 770 21 707 906 5890 68 7836	2.80
7837 1970 7838 1454 344 1435	7837 1970 7838 1454 1022 6975 7839 7195	1.80
961 1339 112 1200 7840	961 6588 112 1200 1130	1.40
798 676 1088 7841 897 21 3 1556	680 33 676 7842 894 68 1226 7843 683	0.20
226 612 895 701 21 6027 467	226 612 7844 701 63 398 906 711 1363 1483	0.40
7845 1761 7846 105 892 3958 811 1972	1761 7846 105 892 5834 811 7847	4.33
916 653 1077 26 7848 1230 21 7849 1292 517	916 653 68 3048 7849 7848 1230 517	4.40
1408 21 1184 1409 1410 26 1456 1426	1408 21 1184 1409 1410 26 7850 1547	3.00
7851 1716 7852 12 7853 21 892	7851 7854 813 3884 968 7855 6316	2.40
7122 842 967 841 21 1550 1478	22 737 739 16 21 5353 1478	0.60
1709 1154 68 1216 7856 1580 1082	1709 6981 68 1216 7745 1082 21 1580	4.60
1590 1722 4905 7151 68 22 1126 701	22 678 575 7151 68 1053	0.40
811 1972 33 1053 1956 68 1282	1302 1053 1956 68 1282	4.80
5784 150 16 7116 1774 3662 4271 12 693 3261	16 7116 226 693 3261 3662 4271	5.00
226 612 16 706 21 7095 659 1548	226 612 1254 706 21 674 7857 1939 3247 704	0.40
6223 1289 7858 105 7859 467	6223 1289 7860 105 7859 467	3.00
7861 12 6933 14 414 811 12 7435	1416 835 105 2677 1961 414 811 12 7435	3.60
698 1063 842 2776 21 7435 33 6478 2627	4720 842 7862 21 7435 6478 283	3.00
708 1789 7863 7864 845 3901	708 7863 7864 845 21 3102 854	3.20
5378 1734 112 113 12 7865	5378 6481 112 748 68 7215	0.80
1595 1967 3214 544 755 1229 1830	7452 1519 728 1229 1348 6 1412 701	0.80
1709 12 7866 4739 7867 21 1938	1709 12 7868 7869 1405 112 1640	1.00
1568 1008 737 738 739 192 21 743	1568 22 737 1811 1607 7870 21 743	2.20
650 68 1226 129 112 6546	650 2154 1982 772 1104	0.40
967 701 21 1255 1063 6 698 226 3061 5503	7871 701 21 1255 1089 7872	1.40
476 3878 1611 1415 983 7873 6040 112 853 3185	7874 1611 1415 983 7873 6040 112 853 3185	5.00
708 7339 7821 68 7875 544 7342	708 7339 7340 68 1079 920 544 7342	2.00
831 729 4720 729 832 63 1381 658 1920 852 1759	7876 1284 21 1556 832 63 22 7877 1920 852	2.20
723 1051 701 7878 7879 1266 21 7880 845	723 1122 701 7878 7879 21 7880 845	5.00
7881 434 65 448 7882	1220 1221 434 65 448 467	2.80
1906 1772 4143 808 7447 1141	1292 724 832 909 434 7639 7447 1141	1.20
708 1382 116 5567 1373 68 7883 7548	708 1691 549 7884 360 7883 7548	3.40
22 6 723 549 853 854 12 832 852	22 30 723 628 832 1368 276 21 5670	1.80
1878 33 542 112 7885 852 1005 112 1303 12 7886 1522 7676	1878 542 68 4912 3212 1303 6 7432 5322	3.40
841 105 722 21 1260 7887 3185	722 21 6125 39 1507 1089 21 7888 283	2.00
7889 1264 544 1387 21 7890 6 7891 2497 1216 68 832	1383 33 1387 21 850 68 7892 1966 779 3890 808 832	1.40
374 1236 68 1231 851 276 6 7893 2780 1595 441	7894 1307 68 7895 851 276 52 1595	3.00
22 7896 7482 540 808 1835 809 807	7897 7898 463 21 1193 809 1385 7899	1.20
650 68 1404 4050 52 1210 12 1302 1053	650 68 1404 52 1053 1210	4.60
226 612 700 701 21 22 1603 7900	226 612 2776 701 21 7593 1063	0.40
1579 842 1423 21 702 1176 1141	1602 706 21 707 7483 7488	0.60
831 7901 737 198 7118	831 4623 1519 737 198 7118	5.00
850 1377 105 22 440 7902 68 1409 1381 24 45 285 7903 852	1409 7904 7905 293 1980 851 852	2.60
831 654 1303 12 375 3158 12 1522 7100 1166 12 1920 852	669 756 649 7906 21 1920 852	1.00
1628 1284 63 659 4845 7597	2917 1284 312 7597 12 659 7907	4.60
3848 5820 7008 68 949 3278	3848 5820 3254 7008 68 949 3278	4.60
1951 105 192 4706 706 21 7095 1478	7283 698 739 1555 7908 21 7095 1478	1.60
7909 7910 63 1156 7911 3543	1578 105 1986 7909 7912 63 1156 68 3439 7913	3.80
7914 7915 7916 7579 414 7917 21 846 6683	7914 7915 7916 7579 414 7918 21 271 6683	5.00
832 756 3406 224 1139 7919 12 829	832 1074 756 1903 78 5228 669 5122	2.20
2097 7920 4204 7921 721	2097 7920 2267 7921 721	5.00
7136 7922 7240 1693 729 739 7923	7136 7922 7240 829 739 7924	2.00
22 3136 68 1968 7925 7690 7786 808 850 276	1171 3136 68 1968 1969 7690 7786 779 850 276	4.00
728 7287 7068 7926 852 7068 7204	1391 711 109 226 7068 7927 68 1180 1368 7068 7204 21 832	0.00
5395 6720 6 671 1847 6721 112 768 7352	336 1354 191 7928 21 768 7352	2.40
1330 7131 1144 7929	1330 68 1454 1144 7929 68 1822 514	4.20
743 33 7930 2 759 21 7931 1234	743 33 7930 1299 226 653 112 375 62	2.40
845 3901 506 112 659 33 1285 1286 657	832 33 1285 1286 844 4505 672	2.20
7932 653 1051 6823 3338 1266 12 7038	7036 33 6823 757 414 1266 12 7038	5.00
783 7933 7068 7069 7934 7818 7360	892 7068 7069 1405 68 1768	0.00
1520 5029 434 46 171 1714 112 7675 1522 7100	831 33 1550 888 2549 729 7935 1522 1165 7936	0.20
6027 199 7937 1734 112 645 3012	6027 199 7937 1734 112 645 3012	5.00
7938 1133 2876 738 26 7939 12 5646 789 1321	7938 1787 7940 1133 2876 738 26 7939 12 789 1321	5.00
1819 7941 5594 3449 6894 7510 780 647	819 7942 729 45 7943 729 68 1934 1089 647	1.00
765 12 1031 1285 1286 757 706	659 1772 1285 1286 757 7418	1.40
850 6 700 1634 7502 1226 7577 851 276	850 6 700 789 7502 7895 7944 851 276	5.00
7945 7946 5624 1693 21 697	3582 1626 7946 729 5624 1693 30 7947	2.80
5797 198 1838 6 1210 226 1053 1212	789 7948 112 1053 1212	2.40
5725 7949 7950 2297 3174 2297 21 453 51	7951 938 112 676 21 1086 2502	0.00
7952 1397 5880 344 7953	7952 1397 1677 7954 7953	4.40
35 3 6535 229 6 7779 2776 6 7164	35 3 6535 229 6 7839 1423 6 7164	2.80
190 1690 1079 7955 112 7956 1608	190 7920 1079 1693 7097 7956 1608 1041	4.20
1522 676 2108 7957 2901 1236	1522 819 112 7958 7959 3333 7306	0.00
650 7960 1079 7961 3425	650 68 1404 7856 1890 3425	0.20
708 7339 7821 68 7962 544 7342	708 7339 7340 68 7963 544 7342 777	1.60
7004 7746 7622 7964 112 7965 952	22 1771 728 276 428 1005 112 3673 1230	0.20
650 681 685 7785 226 7804 850 662 1381	650 1001 181 1079 1313 26 850	1.00
22 6 723 628 26 7966 12 832 494 834	669 839 7967 12 494 834 276	1.40
7968 1886 7969 3179 21 831	1522 7969 868 12 7495 7970 21 1520 1603	0.40
821 809 7971 68 441 7972 5183	7973 809 101 852 52 1193 809 26 5809 7240	1.40
7791 6989 68 7974 293 6478 7975 21 1193 1972	7976 2259 68 3667 708 257 21 7441	0.00
1408 21 1184 1409 1410 26 6081 192	1408 21 1184 1409 1410 26 5691 1254	3.00
7977 12 1522 6329	2511 1070 68 4006 1215 805 7978 7979	0.60
1693 21 755 7801 1282 739 1627	1627 771 701 21 755 7801 1282 1693	4.20
7980 819 779 1348 792 226 5670 1133	7981 3103 792 21 5670	3.00
7982 7983 7984 7985 63 396 3500	7984 7985 2285 63 743 3500	5.00
22 288 517 112 1230 544 832	1129 1001 655 1230 544 831 909 26 832	2.40
7986 744 1548 52 841	5690 744 1548 52 841	1.80
1379 757 1005 112 167 1966 52 7987	674 809 1001 810 68 2473 811 809	0.40
7490 706 6 7491 1889 21 2917 1063 21 1255	967 706 6 4566 1889 21 3642 1063 21 1255	2.20
850 6 7988 68 465 5552 852	850 7905 26 729 391 729 7641 7903 852	1.60
7989 7990 819 112 3119 12 639 7991	968 7992 819 26 7652 12 6560	0.40
728 681 988 1517 7374 63 723 7993 7247 7994	728 33 1031 653 799 7247 33 7995 63 135 7996 135	2.00
7136 829 961 808 428 769 770 7997	7136 829 969 1031 7998	3.20
956 6 755 7999 3011 6291 26 728 932	956 676 1299 21 7768 112 1144 441	0.20
7425 724 1383 12 729 4584 2598 729 112 8000 669 839	746 226 1126 808 8001 669 839	1.00
968 1020 1454 1022	950 951 1020 1454 8002 983 344	1.80
1413 706 6 6540 1889 21 2917 1063 21 1255	8003 706 6 8004 1889 21 1063 21 1255	2.80
968 6560 1882 1139 8005	968 6560 1882 414 1266	3.80
1252 105 2415 8006 1077 140 3618 112 8007 648	8008 8009 729 3200 8010 15 854 112 39 8011	0.00
850 851 276 3489 226 852	850 851 276 615 779 8012 8013	3.60
1960 1229 1976 7749 8014 544 709	7019 7663 3486 4075 26 1435	0.00
7049 981 729 181 354 729 112 22 3017 845	7049 981 135 181 354 135 68 108 3017 845 21 499 18	5.00
1408 21 1184 1409 1410 26 8015 1426	1408 21 1184 1409 1410 26 3290 705	2.20
406 1117 21 8016 1939 4085	968 1236 706 21 7455 4085	0.20
704 26 968 1939 739 61	1144 105 181 3145 112 8017 115 8018 1141	0.00
4678 2154 754 33 1079 1590	4678 1378 754 33 1079 4981 1590	5.00
728 105 601 706 21 719 691	728 676 1005 852 68 748 691	1.00
5463 8019 6117 21 8020 3017 1529	8020 1144 3017 5463 8019 819 779 1529	4.40
8021 1046 8022 808 813 12 811 817 818	8021 1046 8022 808 818 813	3.60
8023 22 7566 3468 1306	3534 2590 1339 4252 1022	0.20
832 1235 894 68 7742 1920 8024	723 105 832 894 68 3256 21 8024	4.80
445 938 7790 1229 1230	754 7790 832 1229 1230	3.40
1079 7820 506 68 8025 5894 977	1079 7820 800 68 8025 8026 977	4.40
1396 1020 748 129 8027 7231	1396 1020 1454 8028 7231 344	3.00
7681 676 68 441 708	8029 676 68 441 708	1.80
1287 744 745 782 747	21 1287 3213 6 744 5085 21 30 102 26	3.60
1200 1348 961 5423 68 438 7548	1200 962 1347 1348 729 1028 360 8030	3.00
850 8031 68 3687 1515 2598 1126	1130 1705 8032 68 842 1590 1722	0.00
1377 12 962 1347 8033 8034 12 1200 1042 8035 293 961 1665	962 1347 1844 8036 26 1200 1042	1.00
2733 575 7151 68 2415 7212	2733 575 7151 68 2924 7587	2.20
1067 1646 437 3012 30 7873 1519	1067 1646 3123 8037 8038 868 226 7836	0.60
1600 1601 1133 1322 6117 52 177 1415 330 742 8039	1600 1601 1133 1322 6117 808 1415 330 742 8039	5.00
3 2292 33 7163 112 777 44 1573 6 7164	3 2292 33 7163 112 777 6 5691 1017 6 7164	2.20
8040 8041 8042 7389 8043 68 7647 789 1321 8044	8041 8042 7389 8043 68 789 1321	4.80
8045 7502 7345 186 2296 3036	8045 7502 7345 186 789 1321 2296 3036	4.40
728 68 5621 8046 897	728 3378 8046 897	4.80
754 33 1590 5542 506 112 729 8047 729 5098	445 33 1590 5542 8048	3.00
1595 6664 1703 26 3012 334 6 8049 7549 1001 8050 970	1595 6664 8051 26 2337 334 8052	3.60
601 698 1063 842 700 2942 6 61 8053	27 698 1089 739 16 21 7095 864	1.00
8054 239 1115 8055 874 8056	8057 8054 239 1115 8055 874 3901	5.00
1116 8058 1876 21 1935 824	8035 701 21 718 1935 824	3.80
35 3 6535 229 6 8059 1413 6 7164	35 3 6535 229 6 7310 1426 6 7164	2.67
192 1921 1404 26 8060	1301 33 977 226 146 748	0.00
398 1079 906 711 8061 972 3207	2279 1079 913 711 8061 743 3207	5.00
669 756 3378 7425 900 21 1158 112 4512 12 7865	669 756 3378 7425 33 1007 900 112 4512 12 7865	4.60
226 612 2776 701 21 7593 1063	226 612 1257 1876 21 1255 846 1089	2.20
8062 7510 1624 2773 1479 2546 8063 21 7402	8062 1624 2773 1479 2546 8063 21 7402 6 84 1377	4.60
655 1244 1245 1005 112 8064 897 21 899	655 1244 1245 1005 112 8065 1631 21 899	4.80
8066 906 711 8067 6 1595 105 8068	8069 913 8070 1687 105 8068	2.00
956 1397 1454 344 1451	956 1397 1454 1022 26 1424	2.20
721 4720 842 7494 21 1416 1417	721 1414 842 1016 8071 21 1416 1417	2.40
2901 3141 1444 1079 729 8072	485 8073 2384 21 708	0.60
798 744 2285 21 6184 112 6976 1154	728 744 7148 7149 7150 21 7325	2.60
3599 8074 1939 704 769 770 711 601 6 68 970	3599 1082 729 8075 729 1939 704 247	2.20
1008 8076 2876 542 1149 909 808 3905 3374	8076 2876 738 112 344 575	4.00
7550 8077 1005 26 1082 68 2956 669 1619 186 445	8078 5430 729 68 8079 669 1619 21 3 445	2.40
831 33 8080 1001 335 68 1920 852	8081 1808 129 1035 26 8082 8083	0.20
178 6341 26 1079 972 709 657 8084 8085	7728 8086 21 933 63 825 8087 970	0.00
708 7339 7340 68 7341 544 7342 1451	708 7339 7821 68 8088 544 7342	1.80
2404 105 831 506 68 984 1522 3212 1303	22 105 831 68 8089 1522 3212 1303	1.60
663 33 6972 5340 542	663 6972 1405 21 659	2.40
659 653 1672 1423 1286 6972 68 769 150 5514	1386 1037 3272 6972 68 1734 112 1150	0.20
650 1901 1318 12 1555 1520 7427	1961 12 1200 1520 7427 414 21 1550 888	1.40
14 171 68 8090 1315 26 5678 2590 6 653 1545	3848 8091 26 910 676 105 902	0.00
728 744 8092 8093	1301 1897 26 728 6 744 8092 8093	3.40
8094 7106 701 226 1257 30 445 7154 39 8095 8096	8097 8098 1431 105 8094 7106 245 729 39 4674 112 8099	2.40
601 701 6 8100 4586 63 1079 1986 7135 829	16 701 6 3263 4586 21 7004 965 829	1.60
956 1397 1454 344 1451	956 1020 1454 1022 1399	1.60
892 6553 105 1894 12 3 854 105 3290 609	892 6553 105 1894 12 3 854 105 1405 1187	3.00
1425 5378 8101 8102 63 971 706 21 1478	1425 5378 8101 8102 63 8103 1876 21 743 6 1478	3.60
721 698 226 8104 5661 21 1683 33 8105 6 181 7572	721 698 711 8104 5661 21 8105 6 3079 4586	5.00
755 1629 8106 1231 1079 8107 21 708	755 2901 1236 68 1404 662 657	0.40
728 7068 7069 7472 744 99 8108 8109	2941 744 99 3 1235 33 8110	1.40
1255 709 1796 68 8111 8112	1255 709 1353 4742 21 8112	3.20
850 1901 8113 1520 7323 26 832	3452 1139 2164 808 39 738 26 832	1.20
831 894 68 2236 899 900 8 1479 17	831 6 1000 1316 628 68 8114 900	2.60
1693 226 811 817 1935 5805 739 192	821 809 1935 3247 1693 739 1802	3.20
1508 909 1774 743 709 1290	694 3801 703 21 743 7495 967	3.00
1479 8071 6 601 1951 2942 706 21 1478	601 1951 2942 706 21 1478	3.40
61 706 6 6758 1117 21 7274 8115 7240 704	601 706 6 1547 1117 21 16 1532 8116	0.80
744 8117 6184 68 8118 8119	659 105 744 1289 1285 1286 33 1290	1.60
1493 1020 1358 1519 8120 983	1493 1020 1358 129 8121 983	2.80
3848 1807 7092 8122 68 4824 4825 21 1535 8123	3848 105 3848 763 7840 2285 68 4824 4825	4.60
8124 704 7563 68 46 1209	8125 1641 33 974 2587	0.20
8126 510 706 21 5041 7428 21 1572	1273 706 21 1079 704 21 723	1.40
8127 4089 2415 7212 414 701 21 7213 114 21 336	8128 729 4089 2415 7212 414 701	4.40
8129 1249 8130 68 645 988 3153	8129 8131 68 8132 988	4.80
8133 769 770 7834 68 8134	1934 783 1710 84 769 770 774 68 8135	0.40
1493 1020 1454 129 8136	1493 1020 1454 8137 1519	1.80
850 84 6285 112 3642 3790 12 851 852	850 33 8138 8139 1216 112 851 852	3.60
1284 1677 1856 841 30 744 21 1383	1386 841 1663 744 6 2759 3754	4.40
555 2725 4923 2892 8140 68 1817 8141	8141 86 8142 8143 542	1.20
789 7068 7069 116 965 8144 21 1550 708	718 7068 7069 8145 8146 21 1251 938	0.00
8147 68 8148 1916 105 6193 2544 26 832 1811 453 8149 6 3297 808 5379	8150 105 6193 8151 832 1811 453 8149 6 3297 2666 5379	3.20
1520 4972 4586 8 8054 21 1550 888	1520 1351 842 1522 21 1550 888 7746	1.20
769 770 198 659 691 774 68 7490	769 770 198 659 1141 774 68 7404	3.20
950 951 506 112 6252 1405	950 951 506 112 5147 6252 1154	4.80
648 649 664 665 63 668 12 22 666 667	22 648 649 664 665 63 1079 883 888 657	4.20
669 756 628 68 7577 1920 852	832 756 4991 68 7742 852	3.00
1507 1089 739 740 21 7435	1507 1063 842 1573 510 21 7435	2.40
6814 8152 152 1892 33 2863 1353	7234 68 113 3810 6955 3651 1353 8153 1429	0.00
7472 839 68 569 938 21 728	832 839 105 133 706 1006 14 21 7118	0.00
8154 938 112 1079 676	7753 12 3557 33 7755 1037 68 46 676 7756 1588	2.60
1783 8155 8156 414 21 1008 6 835 7353	375 517 12 1783 6 39 8157 8155 8156 6 1666 21 674 2581	4.20
26 1126 6062 30 5537 105 3 8158 12 7916 8159 8160	26 1126 6062 30 5537 105 3 8158 12 7916 8159	5.00
650 68 1404 52 708 7068 7069 1964 21 1191 736 8161	650 68 1404 798 374 1236 226 946 758	2.20
988 862 1006 33 1229 926 1553 3158	988 7950 1006 1229 926 26 1553 3667	4.80
8162 6 8163 2236 791 52 8164 276	8162 6 8163 791 8164 6 4132 276	4.80
691 112 3508 7306 7505 21 1776 1417	7220 729 706 729 21 1569 1570 7746 21 1572	1.00
1938 1009 850 851 1332	832 1009 850 33 851 276	1.80
8165 8166 4279 706 21 1201 1348 1327	1031 8166 8167 706 21 962 1348 1327	5.00
35 3 6535 229 6 736 194 6 7164	35 3 6535 229 6 8059 1413 6 7164	2.20
1579 842 3263 810 21 743	1579 842 3263 3507 21 743	4.80
609 968 1971 1713 21 708 571 2285 1306	7871 968 8168 1713 21 1255 335 1306	1.80
1191 8169 862 8170 1145	1191 8169 862 8170 1145 63 8171 1677 68 484	3.60
1920 852 52 1525 216 224 2546 105 831 1377	8172 1522 2065 706 21 1520 7746	0.40
7517 105 8173 1017 706 21 1255 721 1414	742 1157 706 21 832 1414	0.60
708 7339 7821 68 8174 544 7342	708 7339 7821 68 8175 544 7342 1451	3.60
16 701 6 485 3469 21 1980 5725 965 829	16 176 3469 63 22 965 830	1.20
1626 909 739 406 21 6834 832	728 24 45 145 729 146 8176 729 808 7247	0.00
1877 30 1525 3125 68 3903 39 729 1513 729 1920 276 779 1617 852	1520 709 739 1555 1522 1489 21 1550 888 1284	1.60
956 1138 8177 198 962	708 1807 1423 1157 8177 198 6514	1.40
8178 6581 8179 112 1062 5658	1595 8180 8179 68 1008 6 865 1107 262 26 135 8181 1156 135	3.00
1187 706 6 705 1117 21 1063 21 1255	8003 706 6 8004 1889 21 1063 21 1255	2.40
662 1337 1295 1665 808 832 494 834	1008 275 45 8182 832 446 494 834 8183 758	2.20
16 1772 38 779 1264 544 7550 8077	1878 1821 1665 779 1980 7750 7716 404	0.00
1579 842 967 1957 2942	1579 842 1555 7357 1351 1774 832	2.40
8184 1367 5914 8185 8186 2832	8187 12 8185 8186 2832	4.40
850 851 852 549 853 854	850 851 852 549 855 853 854	5.00
744 6981 21 7345 1385 7346	691 8188 7345 1385 8189	5.00
1036 1037 7257 7258 1005 806 112 843 2811	1036 1037 7258 1005 1456 18 843 1252	4.60
850 851 852 1310 68 465 60 2884	445 105 850 851 852 226 39 2689 551	3.00
6978 8190 26 690 806 7939	7136 105 782 8191 1166 12 806	2.20
831 1007 842 609 1522 1489	1520 709 739 1522 1477 21 7746	3.20
708 7068 8192 1792 726 7068 7204 12 2901 1185	650 21 7068 8193 7068 7204 8194 52 1301 26 728	0.00
769 770 729 774 68 7517 729 779 768 909 1595	769 770 774 68 8195 21 743 1895	1.20
7629 800 68 8196 8197	8198 800 68 8196 199	5.00
405 701 63 7092 1278 1851 360 3848	1053 1281 853 854 21 1282	0.00
674 809 33 7289 7290 1109 12 2279 7291	674 817 8199 105 3 1109 12 764	2.60
6829 7300 868 779 7792	6829 7300 868 226 7301	4.20
956 676 1299 21 7797 112 1144 441 6 851 7612	956 676 1299 21 802 112 1144 441	2.40
831 1313 1525 21 1079 6807 68 1920 852	831 68 1303 1522 7100 63 314 12 276 68 7504 1920 852	2.40
445 1858 1270 8200 706 21 659	1858 1270 8200 706 21 659	4.80
691 1677 21 8190 728 1417	691 1677 21 728 33 1417	5.00
1020 970 21 140 8201	1020 8176 344 21 140 8201	4.40
6510 8202 5552 644 21 1218 845	861 2749 1249 21 1218 33 845	1.40
1409 851 852 68 46 8203 68 8204	850 851 852 8203 68 8204 1573	4.40
16 7004 1673 706 779 1484 3245	16 7004 1673 8177 6 706 21 6834 1484	4.60
1408 21 1184 1409 1410 26 8015 971	1408 21 1184 1409 1410 26 3290 1472	2.00
693 694 695 68 1978 21 653	693 694 695 696	1.20
850 724 12 8205 12 138 1126 26 832	1409 1916 3073 68 7118 6 832	1.80
769 770 21 892 965 829 711 6540	770 198 892 965 829 711 194	3.20
650 1147 3052 12 5041 7520 8206	22 1020 1840 26 7520 1564	0.40
1602 6117 52 7644 8207	1602 510 6117 52 1553 8207	4.80
676 650 1046 5430 68 8208 1351 198 1478 8 8209	22 1082 7376 105 650 3272 1439 68 8210 747 68 22 1165 48 49 74 852	0.80
22 6 1951 986 3512 723 6132 2285 198 728 1320	181 1226 12 755 8211 198 728 1320 6 1377 84	2.60
6823 743 676 8212 7930 819 2344	6823 743 1229 8213 8212 7930 7191 7192	3.00
8214 8215 962 6892 105 8216	8214 8215 962 6892 105 8217	3.40
1033 1027 1327 961 1339	1033 1027 1327 105 867 1169 37 1641	2.80
850 637 980 112 126 26 832 7448	850 84 831 6065 293 7043	0.40
8218 21 3 1270	8218 12 3 854	3.20
22 737 738 729 739 1187 1489 21 8219	22 737 738 739 1423 21 743	3.80
5542 1716 1282 779 742 1336	1053 1716 1282 779 1423 1336	1.80
2700 8220 729 434 46 1070 8221	2826 21 8222 434 46 1070 8223 3 466	4.60
831 7709 1115 3158 12 1522 7100	831 2289 1506 1522 7100	3.80
690 1082 84 1589 8224 609	707 1082 84 1920 852 52 8225 65 1011	0.00
16 8226 701 779 8227 2780 22 4519	16 8226 701 779 8227 2780 4519 21 7423	3.80
445 33 8228 6829 7300 868 226 7301	6823 923 1037 6829 7300 868	4.00
8229 1130 729 8230 8231 1635 21 1499	8229 1130 729 8230 8231 1635	3.80
831 7709 1522 7100	831 2289 1506 1522 7100	4.60
933 84 4526 82 729 8232 8233 729 21 832	933 1001 988 68 46 1646 26 832	2.60
693 694 695 8234 26 7542 1608 6 181 759	693 694 695 245 2 6510 7542 6 84 7173	3.40
708 33 778 226 1193 809 8235 80 808 22	708 33 778 226 674 809 8235 80 808 1008 8236 3182	3.20
708 7339 7340 68 1079 920 544 7342	708 7339 7821 68 8237 544 7342	2.20
1130 1265 779 7969 1096 21 1260	1130 6 6758 6 819 779 1603	3.20
841 2950 1248 1251 806	8238 1342 1484 1251 806	1.20
968 709 842 1555 1489 21 8239 677	968 1351 842 1477 8240 21 8239 677	3.60
721 698 739 2776 21 7824 832	721 698 739 6758 21 7824 743	1.20
7635 8169 2154 27 1603 1641	7635 8169 2154 27 1603 1641	5.00
850 1034 1515 8241 52 5353 8242	850 1001 4224 1303 12 7390	0.40
1383 676 652 112 1656	872 758 8243 654 1084 685	0.00
674 809 540 7389 1426 7388 186 3 1535	1835 809 729 7389 882 8244 729 186 3 1535	2.80
1130 868 21 8245 8246 758 1693	867 868 21 8245 8247 758 1693	2.20
8248 688 704 739 895 6 7161 406	832 7482 739 1506 6 2499 735 4974	0.60
8249 4941 8250 729 44 410 1663 8251	8249 4941 5397 44 994 1663 544 8252	4.80
1356 1357 1358 226 798 1251 806	8253 1358 112 8254 7560 390 7367 7183	0.20
892 6553 105 1894 12 3 854 105 6081 1547	892 6553 105 1894 12 3 854 105 44 609	2.60
8255 3174 8256 428 8257 729 4089 1441 6247 868 21 721 1327	1441 6247 701 105 4883 30 8257 4089 6 6758 6 706 21 721 1327	4.80
16 7004 1673 706 21 1484	933 649 16 7004 1673 706 21 1484	5.00
1626 738 739 61 1130 21 832 33 8258	22 737 738 739 8259 21 743	2.80
7103 7122 657 8260 8261 706 21 737 738	7103 7122 729 1440 1079 657 729 6 1438 729 8262 729 1959	1.20
1386 1037 6 676 1548 808 6233 68 691	1386 676 1005 112 1656 805 1149 691	2.60
1579 842 3263 3507 21 743	1579 1089 7213 21 5989 7103 8263	3.20
831 30 1000 68 8264 8265 899 900	831 30 1000 729 4032 7096 8266	4.60
708 33 8267 8268 772 8 485 1141	708 33 3808 4690 774 68 8269 8270	0.40
8034 8271 52 841 779 708 1693 739 8272	2872 3384 99 235 779 708 1118 1693 739 8273	3.80
850 7790 4739 26 8274 4720	850 7790 8275 4739 26 851 257	2.40
892 1236 33 5024 4781 729 8276 769 729 779 6913 8277	1236 33 5024 33 769 729 8278	3.80
1555 701 6 1429 4586 21 1603 226 821 6352 8279 8280	1187 701 6 1426 1117 21 1939 4085 1774 7067	0.20
8281 12 693 694 695 2022 5333	8282 68 156 1306 105 729 2296 693 694 1641 1716 3 1282	1.00
192 706 21 821 708 1532 8283	8173 105 8284 8285 706 21 708 913	1.20
811 1972 676 105 1053 37 3260	1554 676 7225 8286 22 276	0.00
789 1270 6892 6 35 42 79 68 72	6522 33 8287 334 4092 105 35 42 79 68 72	0.60
669 1361 1126 21 5266	669 1361 1126 1920 852 226 417 198 850 4661	1.20
398 1079 906 711 8061 972 3207	8288 906 21 8061 743 3207	4.40
758 8289 739 843 21 6834 743	22 737 738 739 735 21 7074 743	1.40
8290 1664 3618 21 1554 1251 1252	7116 4404 1774 1554 1251 7555	1.00
8291 8292 8293 112 3703 848	8294 8291 8292 8293 112 1318 1076 4040	4.20
7136 7724 7240 7563	1026 2285 7136 7240 7034 7374	2.80
1130 511 506 2478 26 1693 26 3064 7510 275 4781	1130 1789 2478 26 1693 26 3064 7510 6 7796 68 1282	3.00
1595 8142 8295 7544 779 22 8296	1595 8142 8295 1485 779 8296 198 22	5.00
698 704 686 8297 7510 21 1572 6 895 706	698 7428 211 968 756 1154 842 1187	1.40
707 768 769 770 226 8298 105 662	707 768 769 770 774 380 775	3.40
841 1693 1695 26 7681 938 744	8299 8300 7713 1342 802 33 1223	0.60
8301 12 1063 739 226 612 1146 21 1255	1507 1089 739 226 612 895 21 6834 1255	1.80
1031 956 1176 3230 1378 3718 1037	1031 956 1176 3230 1378 1470 676	3.40
1522 7390 1117 21 722 21 3028	1522 1093 1117 21 8302 704	4.00
728 757 1950 932 852	728 757 1950 932 852	5.00
843 706 21 1063 21 1255	3036 706 21 790 12 1063 21 1255	3.00
1895 21 883 2434 1677 68 263 8303	2434 1895 1677 68 263 8303	4.60
22 1229 8304 21 1556 1637	1951 1034 1229 8304 805 755 747	1.20
22 2621 669 1082 446 494 834	22 7147 832 446 494 834	5.00
789 7502 30 850 68 465 5552 851 852 26 7310 1426	850 851 2995 6 789 7502 68 465 852 141 2884	4.00
659 33 1285 1286 7040 68 2285 1519	1960 653 1672 1285 1286 757 68 2848 21 846	1.40
226 612 705 701 21 336 1935 6 1939 1327	226 612 705 701 21 7890 1939 1327	2.20
956 676 1378 3718 1037 6 3704 112 8305 8306	956 676 1378 968 1605 676	1.80
8307 4905 191 8308 68 189 8309 8310 109 12 8311 8312	8307 68 189 8313 109 12 8311 8314 112 129 68 191 8315 3169	5.00
1116 7053 819 21 8316 1476	1036 7088 1299 21 1556 8317 112 1079 1718 1759	0.00
892 6 22 68 569 852 26 708 141 2884	659 68 569 485 852 52 8318 26 3176 141 2884	1.40
8319 8320 1292 26 1008 3182 68 8321 8322	8319 8320 1292 26 1008 3182 68 831	4.00
831 7262 109 2874 8323 21 899	831 1690 2874 8323 21 899	4.80
8324 1037 7107 805 7653 1928	8324 800 779 7653 6051	2.20
8325 8326 6 6823 1520 374 1236 6 1728 68 700 1503 21 1674 112 1741	8325 8326 1728 68 700 1503 21 831	3.80
8327 8328 68 832 808 2406 12 1920 1665	8329 8179 68 7889 112 2406 12 1920 1665	3.80
1960 744 543 663 3339 8330	728 744 672 841 21 1079 1284	0.40
192 183 68 72 293 3 8331 5598	843 183 68 72 293 8332	0.00
708 1020 1358 1022 26 1424	708 33 1020 1454 1022 26 1435	2.60
22 7225 7482 540 63 807 970	1591 7583 105 22 3369 68 8333 7482 540 729 8334	3.40
1693 21 1596 739 1423	1693 21 1596 739 1273	5.00
789 33 5703 1130 868 226 7233	1595 105 789 33 5703 1130 3712 868 3497 7233	4.60
892 6 708 6553 1320 7374 428 735 261 8335	892 6 708 6553 1332 26 8336 8337	3.80
1555 701 6 1187 1200 21 883 708 2831 1529	61 701 6 735 1200 21 6514 1278 1529	0.40
8338 938 21 7577 806	743 1239 7577 806 63 1472 706 21 1063	3.40
802 8339 601 1008 7062	802 8339 1555 1008 7062	5.00
4584 8340 711 674 708 1853 6 3182 3689	4584 8340 711 674 708 1853 6 3182 7589	5.00
723 1353 68 65 8341 138 1553 3455	723 84 7479 729 2052 729 1098 21 1536	1.40
1555 956 3507 706 21 743	1802 2943 706 21 7095 1572	0.40
8342 789 1321 78 1934 7068 7069 791	1548 12 5629 21 653 890 845 21 3333 1130 7068 7069 769	0.00
22 6 708 1326 68 455 808 8343 21 1966	708 105 7352 21 5175 63 342 112 1200 8344	0.40
1579 842 1423 2901 3507 21 6834 743	1607 1489 842 1415 2901 3507 6 1429 7103	2.60
8345 414 8346 8347 8348 8349 21 1306 1581	8348 8349 414 21 1306 1581	3.40
659 1690 8323 544 7243 1489	659 1690 8323 544 7243 8350	5.00
8351 1363 692 8301 5423 3362	226 612 1429 701 6 6758 8048 21 1363 692 8301	4.00
1132 859 112 8352 4876 105 1008 3832	1132 859 112 8352 4876	4.60
8353 676 2155 8354 779 7792 105 1144 1793	8355 676 6063 68 847 806 8356	0.40
923 8357 876 877 878 868	875 880 881 876 877 878 868	4.20
1520 1082 8358 1079 7431 1166 12 852	831 654 1079 7432 7465 1166 12 1920 852	4.80
789 1321 102 105 933 8359 1938	789 1321 102 105 1938 8359 7560	1.40
1493 68 6024 7609 3257	1493 1342 2502 68 6024 7609 3065 3257	4.80
7103 7122 657 706 21 22 737 738	1258 112 743 7122 657 729 506 68 224 8360	1.60
1301 681 7247 8361 4686	8362 105 8363 1301 681 360 7247 7994	3.60
8319 7794 1292 26 22 3182 68 8321 8322	8319 8320 1292 26 1008 3182 68 8321 8322	1.80
933 724 12 7531 8364 198 659 1141	933 1905 7531 24 5435 198 659 1141	4.40
956 1381 8365 438 6 702 2809 808 811 708 1535	708 33 1964 3272 6514 88 1920 21 811 708 1535	3.20
1479 485 510 819 808 3848 33 116 8366 8367 8368 8369	841 1621 8366 8367 8369	2.80
1471 105 3135 21 674 739 808 8272	664 665 105 1602 183 42 57 45 72	0.00
650 1661 68 8370 1308 3186 6 8371 8372 68 46 8373 609	650 3393 3156 68 618 52 6070 26 987	0.40
743 33 7930 6117 808 7931 848	743 33 7930 6117 21 7931 769	4.80
850 33 676 1901 317 12 494 834 21 832	647 8113 317 12 494 834 21 832	1.60
39 2719 8374 226 3 8375	611 7097 8376 8377 226 3 8375	0.40
662 8378 850 68 669 1920 8024	662 105 850 5502 68 7742 669 1920 8024	5.00
718 1935 1327 769 770 774	7439 8379 6356 451 311 112 2876	0.00
2602 8380 8381 8 5574 868	841 105 8382 2602 3911 8381 8 5574 868	4.20
8383 1949 8384 112 4897 1341 21 1092 1589	8385 33 1079 676 7259 21 779 7883 1589	0.40
923 1615 706 21 3473 198 8386 7213	923 1615 706 21 8386 7213 3473	5.00
831 7744 6521 1525 63 759 2832 7794	831 7141 1522 7370 26 7205	1.20
839 842 1547 8071 21 832 8387 4672	698 739 1254 8071 21 1478	1.20
789 1382 1145 7352 68 8388 707	768 7619 105 789 1382 7352 68 8388 707	5.00
1522 7678 8389 6 831 791 276	1522 8390 1136 21 1520 7746	1.20
7425 84 832 24 8391 52 662 1368 7026	832 33 7425 1821 68 8391 52 655 7026	4.80
811 817 676 148 112 818 1707	7973 817 676 729 148 729 112 818 6724	4.60
2563 2598 4913 986 1635 21 850	1137 4098 8392 1342 577 12 642	0.00
650 38 8393 3369 26 832 6049	650 1227 1228 1229 1230 21 832	2.00
