636 637 186 638 52 639 6 640 360	636 637 186 641 6 638 52 639 547 640 360	4
642 643 644 21 645 646 647	642 643 644 21 645 646 647	5
648 649 650 651 68 127 652 653	648 654 650 651 68 127 652 653	5
655 656 657 658 659 26 660 661	662 656 657 658 659 26 663 661	5
22 648 649 664 665 63 22 666 667 657	648 649 664 665 63 141 666 667 668	5
669 670 671 672 673 261 21 674	669 670 671 672 673 261 21 674	5
675 101 676 33 149 21 677	675 101 678 149 21 679 30 677	3
680 33 676 681 682 683	680 33 676 681 684 682 685	4
686 6 687 688 689 63 690 691 692 129	686 6 687 688 689 63 690 691 692 129	5
693 694 695 696 21 697	693 698 695 696 21 697 699	5
700 701 21 702 703 704	705 706 21 707 703 704	5
708 709 710 711 109 226 22 33 712 713	708 709 710 714 22 33 712 31	5
715 716 717 198 718 33 719	715 716 717 198 719	4
16 706 21 720 721 722	16 706 21 720 721 704	5
723 724 23 24 725 48 726 727 21 728	723 724 23 24 729 725 729 48 726 21 728 727	5
730 731 732 733 734 735 736	731 732 733 68 736	4
22 737 738 739 740 21 741	22 737 738 739 742 21 743	2
659 744 745 746 747 68 748 749	659 744 745 746 747	4
432 750 21 3 445 33 375 751 752	432 108 753 21 754 33 375 751 752	5
755 756 757 2 758 759	755 756 757 760 2 758 759	5
648 649 664 665 63 668 12 22 666 667	648 649 664 665 63 141 666 667 668	5
761 33 762 763 764 68 271 765	766 762 763 764 68 765 767	4
707 768 769 770 771 68 772 773	707 768 769 770 774 380 775	3
659 776 112 729 777 12 778 729 779 780	659 776 112 777 12 778 779 781 782	4
783 784 785 786 787 68 788 68 789 790	783 784 785 786 68 791 789 790	4
708 792 793 794 795 796 26 797	708 792 795 796 26 797	4
798 719 799 676	728 33 719 800 68 801 676	4
802 803 804 805 806 807	802 803 804 808 806	5
674 809 724 810 21 811 6 812 813	674 809 724 810 21 811 68 814	5
815 12 816 811 817 818 819	815 12 820 821 817 818 819	4
822 6 823 824 186 825 779 826 18 827 828 829	822 824 186 825 63 22 828 830	3
831 649 738 26 832 833 834	831 835 105 738 26 832 833 834	5
769 770 21 832 552 836 837	769 770 21 832 808 837 236 237	5
838 839 840 702 841 6 842 843	838 839 842 740 702 841	4
659 33 663 844 845 112 846 847 6 848 6 84 849	659 33 663 844 845 112 846 847	3
850 851 852 549 853 854	850 851 852 549 855 853 854	5
856 212 857 858 859 112 769 860	857 858 859 112 769 860 6 861 84	5
690 709 862 863 685	864 33 709 862 863 685 6 865 866	3
867 868 323 869 870 871 21 872	867 868 869 870 871 226 872 873 874	4
875 876 877 878 868 226 879	875 880 881 876 877 878 868	4
808 882 701 63 768 714 883 707	226 612 882 701 63 768 884 707	5
375 885 886 887 888 889 890 21 891	892 33 375 885 886 887 888 889 893 21 891	4
831 894 68 895 896 897	831 894 68 898 899 900	3
901 902 903 21 802	901 84 904 905 21 802	4
906 12 907 908 909 360 910 33 911 150 912	913 12 914 908 909 360 910 915	3
22 916 653 917 676 33 918 919 764	920 653 921 676 33 918 922 764	5
923 924 925 68 271 769 21 926 927 928	923 924 868 21 929 928 21 930	4
931 932 37 808 6 84 933 33 934 935	936 937 932 37 808 6 84 933 33 676	4
35 288 892 938 174 939 940 941 942	35 288 892 938 174 943 226 939 944 945	5
946 947 948 949 21 950 951 952	946 947 953 949 191 954 226 955 952	4
956 957 958 959 960 21 961 283	962 105 956 957 414 960 21 963	3
964 965 829 769 770 966 967	968 965 829 969 970 68 971	3
972 973 974 975 976 977	978 975 976 977	3
979 980 981 982 983 984 21 339 334	979 985 982 983 339 334 986 21 987	4
988 989 12 990 30 991 992 24 993 97 68 994 990 6 995 991 30 996 997	988 989 12 990 30 991 992 68 993 990 998 999	3
1000 1001 1002 68 1003 1004 109 12 832	1000 1005 26 1006 68 1003 1007 109 12 832	5
1008 30 723 791 39 276 26 832 33 494 834	708 1009 22 6 723 276 26 832 494 834	3
1010 1011 1012 1013 6 1014 1015	1016 105 1017 1010 729 1011 1012 1018 1019	4
1020 1021 1022 1023 1024 1025	1020 1021 1022 779 1025 198 1026	5
841 1027 1028 186 1029 1030	841 1027 1028 26 1031 12 1032 21 1033	4
22 1034 1035 26 831 63 662 101 899 900	22 6 662 129 1035 26 831 808 899	4
1036 1037 84 729 160 1038 729 1039 176 198 1040 1041	1036 1037 1038 280 176 198 1042 1043	4
1044 1045 1046 1047 729 1048 729 1049 1050	1044 1045 1051 1047 729 1048 729 1052	5
1053 33 1054 275 729 1055	1053 33 1054 275 729 1056 808 1057 1058 1059	1
956 1060 796 792 26 797	708 792 795 796 26 797	5
1061 6 971 6 819 112 1062 1063 1064 39 604 1065	16 1066 819 779 36 12 1062 1063 26 1067 604 1065	2
1068 1069 1070 12 1071	1068 1072 1073 12 1074 1071	4
892 1075 1076 1077 1078 21 1079 1080	892 33 1075 1076 1081 1082 21 1080	4
642 654 1079 1083 1084 685	1085 1082 654 1086 1087 26 1084	5
650 1088 832 729 688 1089 729 1090	662 1001 832 688 1089 1091	2
1092 1093 33 1094 1095 1096 226	1097 1098 226 1092 1093 33 1095 21 1094	5
728 33 1099 756 1100 1101 1102 1103	728 33 756 657 88 485 691	2
1104 1105 35 1106 1107 21 1108 1109	1110 1111 868 12 1112 1089 779 1108 1109	3
1113 1114 112 1115 385 63 718 676	1116 676 1113 1114 112 1115 385	5
485 489 882 1117 21 872 1118 704	1119 1120 1117 21 872 1121 1118 704	4
662 653 1122 705 1123 1124 12 1125	662 1126 1127 653 1122 700 1128 1124	4
1129 1130 52 1035 1131 819 226 1132 1133	1129 1130 1134 52 1035 1131 819	4
674 809 84 68 463 22 1135 26 845	674 809 84 1136 1137 1138 68 1139 845	5
690 691 1140 805 1141	690 744 1142 476 738	3
659 1143 1144 12 1145 779 1146 510 706	659 1147 1148 1144 12 1145 1149	3
1150 99 729 1151 112 1152	1153 22 6 510 1154 112 729 1151 112 1152	4
662 724 12 1155 12 1156 6 1157 21 832 33 1158	1159 1005 112 1160 462 1161 68 1156 6 1157 21 1158	3
1162 1163 1164 1165 1166 12 938 26 1167	1162 1168 1169 1170 1166 12 1167 483	2
1171 6 1172 1139 1173 808 1174 987	1171 1175 135 1176 135 1177 68 22 1178 987	4
1179 68 1180 1169 1181 30 164 1182	1179 68 1183 1169 1181 21 1184 1185 1186	3
1130 739 1187 21 1188 211 841 1189 214 701	841 105 1190 706 705 21 1191 1192	2
1193 809 1194 1195 1137	674 809 1194 1136 22 1126 1196	2
961 757 1001 1197 21 1198 1199 68 1200 1201 1202	1203 1204 1205 1206 198 1207 1201 1208	1
1053 1209 8 1210 6 63 1211 1212 1213 37 1214	1053 33 1210 357 1215 30 789 112 1216	1
691 779 1217 1218 1219 21 1220 1221 517	1218 1219 21 1222	3
798 1223 84 276 1224 226 932 852	728 1225 1226 276 68 748 932	4
650 1227 1228 1229 1230 21 832	650 1001 1229 1230 544 832 6 56 24 1231 1173 729 1232	2
832 33 1037 1233 1234 209 6 1235 84	669 374 1236 1237 1234 1238	4
650 1239 109 808 832 909	445 1001 1240 808 832 1241	1
1242 1114 68 224 1129 1243 26 662 1244 1245	1242 1114 68 662 1244 1245 1243 115 1129 1246 1247	3
1248 1249 68 938 21 1250 1251 1252	1253 1248 1239 1079 1251 1252	3
226 612 1254 706 21 1255 1256 694	485 489 1257 706 226 1255 1258	0
841 1259 744 21 1260 1166 12 1261	1262 1263 1264 1265 21 1260	3
1217 1218 414 45 1266 12 1220 1221 848	1217 1218 1267 1268 1269 1270 186 1271 1272	1
1273 1274 360 1275 6 1276 1277	700 1274 779 1278 1279 21 1276 1280	3
1053 1281 853 854 21 1282	1053 21 1282 112 1283 854	5
61 706 21 1284 226 1285 1286 1287 1288	659 105 744 1289 1285 1286 33 1290	2
1129 1156 68 1264 544 1291 1292	1129 1156 1293 21 1264 52 1294 251	2
650 6 935 1295 1296 1297 1298	935 1299 112 22 1144 441	1
755 719 1300 1301 68 317 1229 21 728	676 650 724 723 68 546 109 12 728	1
1302 1053 1282 1303 902 729 1304	1302 1053 1305 1306 779 1282 546	2
789 1020 970 26 1307 1308 68 579 1309	1308 1310 68 1311 1309	1
181 1312 21 39 1126 12 1313	3 1314 12 1313 26 723	1
811 817 1315 1316 1317 779 1318 192 1319 226 1320 52 674 809	811 817 1315 739 1319 30 1317	4
789 1321 772 8 1079 1211 769	1322 868 226 789 1321 1211	3
1323 1324 30 261 968 1325 822 1326 1327 1328	97 284 789 33 1329 721 55 21 1327 540 174	1
1330 1331 1332 52 1333 6 1334 1335 1310 78 1336	937 1337 791 1332 52 1330	3
1338 1339 1340 568 112 923 1341	1338 1342 1343 470 1339 1344 1345 1346	5
962 1347 1348 1028 26 1349 1320 150 102	22 105 723 1350 1351 26 728 1320	0
1352 1353 1341 21 728 30 1354 68 1231 1355 21 988	1356 1357 1358 226 798 1251 806	0
22 68 1359 1360 12 494 834 317 8 832	35 133 72 236 237 293 494 834 21 832 33 1361 1126	2
3 1362 1126 21 743	1079 1184 913 686 1363 743	0
832 894 68 1364 494 834	445 33 1365 105 832 6 723 1366 1367 494 1368 980 37 1369	2
723 33 1301 1353 1370 68 1371 728	1372 105 1301 1373 68 96 26 1374 755 1351 21 728	2
1375 1376 1377 1378 1031 1379 757 33 1380 1381	674 817 757 1382 729 1380 1381 729 68 708	3
1383 1384 1305 26 1385 748 68 874 1264	1386 1037 1387 84 135 1388 135 68 1389 782 26 1390 874 1264	1
1391 1005 112 1230 26 1392 1393 21 1394 1395	1391 1001 1230 26 1392 1393 21 1394 1395	5
1396 1397 1358 1398 983 1022 26 1399	1396 1397 1358 1400 983 344 26 1399	2
511 37 1401 1402 174	511 245 729 1401 1402 174 729	5
850 6 1403 835 1404 1166 12 1405 851 1406	850 6 1403 835 1404 1166 12 1405 851 1406 105 1407	5
1408 21 1184 1409 1410 26 1411 1187	1408 21 1412 1409 1410 26 1411 1413	2
1414 842 1415 510 21 1416 1417	1414 842 1413 510 21 1255	2
22 1418 476 1419 1420	22 1418 476 1421 1419 68 475	4
1008 6 988 1422 1313 26 723	1008 6 988 994 1313 26 723	5
1423 183 68 72 112 1424	1423 183 68 72 112 1399	2
1031 1425 1270 226 609 105 1426 1427 1428	1031 1425 1270 1429 105 194 1427 1428	1
97 3 1430 1431 1432 1433 59 1424	97 3 1430 1431 1432 1433 1434 26 1435	2
1436 68 156 1166 1385 1437 829 6 835 1438	1436 68 156 1166 1385 1437 829	4
22 758 1439 1440 1441 1442 63 1443	22 758 1439 1444 1445 1442 112 1443	3
1031 1425 1270 226 1187 105 1446 1427 1428	1031 1425 1270 735 105 1447 1448 1428	3
1396 1397 1358 1449 983 344 26 1424	1396 1397 1358 1450 983 1022 26 1451	1
708 979 1452 1453 1358 344 1451	708 979 1452 1453 1454 1455 1424	1
22 1418 476 1419 1420	1418 476 1421 1419 68 475	5
1408 21 1184 1409 1410 26 1456 1457	1408 21 1412 1409 1410 26 1411 1413	3
1458 1459 26 191 1460 1461 276 779 334 1177	1458 1462 26 191 1463 1461 276 779 22 334 1177	5
708 26 920 1464 112 768 1465	708 1466 1467 1464 112 768 1465	4
1468 1469 772 1470 1417	1129 1469 21 1471 33 1417 842 1472	3
1079 662 1473 657 1474 112 883 1475 1476	662 1077 808 1473 21 883 1475 1476	2
1477 1089 198 1478 739 1479 21 1480 1481	1477 1089 198 1478 739 1482 1315 21 1483	3
1484 1485 1486 1487 1488	1489 1089 662 63 1484 1485 1486 1487 1488	3
1490 908 913 909 1491	1492 913 909 360 910	1
1493 1397 1358 344 808 1494 1008 1495	1493 1397 1358 344 1496 1008 1497	4
850 33 719 637 851 276	850 1498 1089 851 276	1
1499 1500 112 375 1501 21 1502 1503	1499 1504 63 375 1501 21 1502 1503 1505	5
1255 1414 842 226 612 1506	1255 1507 1508 739 226 612 895	2
1509 1510 21 1511 1512	1509 1510 1331 1513 854 12 1511 1512	3
1493 1397 1358 344 26 1494 1008 1495	1493 1397 1358 344 1023 398 1008 1514	4
1515 1516 21 1425 1517	1515 1518 1519 21 1425 1517	5
1520 1007 1521 1522 1523 21 1524	1520 1007 1521 609 1525 21 1526 759 1527	3
1187 706 6 1412 1117 21 1528 708 721 1529	16 706 6 1530 1117 21 1531 1532 1529	0
485 489 1533 1534 1274 226 1535 21 1536	808 1537 1534 1274 198 1538 1539 21 1536	3
1540 1541 1077 1542 112 755 1543	1540 1541 1342 1544 755 1543	4
662 1244 1245 1545 1471 1381 33 1513 467	662 1244 1245 1001 1471 33 1546 68 748 467	2
1520 1007 759 1547 1525 1526 6 1548 52 1549	1520 1244 1007 759 735 1525 21 1526 1550 888 1551	1
1016 706 21 1552 1553 1089	705 706 21 1554 1417 1256 1089	2
1187 701 6 1555 1117 21 1556 708 1532 1529	609 701 6 735 1117 21 883 831 1557 1529	0
1558 33 140 1559 105 1405 609	1560 729 821 140 1559 105 1456 18 1283 6 1561	2
1562 102 105 1563 112 708 1564	1562 102 105 708 1565	2
1525 6 1520 841 1548 226 1566 33 1567	1522 1096 8 1520 841 21 1556 1566 868	2
1568 1569 1570 1507 1571 21 1572 842 1573	1568 1569 1570 1063 842 406 21 1572	4
3 748 12 3 950 951 691 174	445 729 1574 729 808 950 951 691	2
755 1575 738 1576 832	755 1577 21 832	2
1578 12 1579 21 1580 1581 1089	1413 706 21 1582 1581 1089	1
102 1583 105 728 21 932	102 1583 105 1255 21 1584	0
1520 841 1548 52 1522 744 226 1585 1566 1586 257	831 841 1548 52 1525 21 1566	3
1572 800 21 1086 1251 806	1587 156 68 3 1588 21 1251 1589	2
1590 1591 1592 1593 1594 26 1595 577	1590 1591 12 754 1299 21 1596	2
1391 1597 609 1525	1598 1599 1522 1144	0
1555 706 6 1187 1117 21 1600 1601 1192	1602 706 21 1129 1246 1603	0
1604 1605 676 68 441 708	1605 676 12 1606 68 441 708	2
1607 1144 1466 1608 12 1609 12 22 1610	1607 1144 1611 1115 1612 1608 12 445 1610	3
850 1339 1613 1332 52 743	850 6 1614 1226 1613 1332	2
1615 1328 1616 112 1511	872 1282 1322 1328 1617 112 1511	1
872 1618 808 669 1619	1383 729 1620 729 669 1619	1
1079 22 1313 1621 1622 1623 1624	708 1625 52 1008 1313 31 26 1622 1623 1624	2
192 706 21 1520 1626 909 21 899	1627 37 1489 706 21 1284 6 1626 909 21 1255	0
1628 704 686 1629 1630 21 1556 728	895 701 6 1385 1631 21 1556 728	2
1330 1334 1632 1633 26 1634 1562	1330 1635 1636 26 1637 1562	3
1258 12 1638 1639 68 224 51 21 1260	1258 12 1640 1641 1642 1643 1077 51 21 1644	0
1645 627 1130 1646 785 1647 1648 21 1649 1650	1550 1651 1652 1644 1653 21 1649 1650	1
1654 1655 757 1096 21 1566	1520 757 1001 1656 21 1566	1
1657 1658 1079 1659 676	1563 112 3 141 676	1
1660 1661 1662 63 1663 544 1607 1144 1664	1455 1665 1666 21 1663 544 1607 1144	2
659 105 1667 1001 1303 12 1668 1669 1670 819 21 1671	659 1672 1668 1669 1673 68 1674	1
1675 1522 1676 105 1520 1007 1677 68 1678 1522 1679 21 1680	1675 1522 1676 105 831 724 26 1244 63 899 900 852 465	1
192 22 1469 1621 1607 1144 1004	1681 273 1383 1682 1607 1144 1663	1
1683 105 662 1088 1684 186 1683 656 1685	892 33 1031 653 1088 1684 186 272 1686 6 969	0
1687 1688 1689 1690 1079 1691 63 811 708 1535 807 970	956 1229 1331 109 805 811 708 1535 807	2
1692 841 1693 687 688 226 744	1694 841 1693 1695 68 1696 756	1
1491 913 769 770 1697 773	769 770 21 1491 913 836 1698	3
1699 33 1700 1701 112 1702 1703	1699 1070 33 1700 1704 198 1674 21 642	1
1572 1705 1706 1707 21 1511 517	22 1708 129 1707 68 1511 932	1
1709 1710 1711 1320	1709 12 1712 1713 1714	1
1715 1716 23 1717 68 1718 1719 544 1720 1721	1722 1723 1716 23 1717 68 1718 39 551 112 1724 1725	0
1726 1727 1728 68 192 1503 21 846	1729 12 1730 729 1728 68 1479 1503 21 846	0
1731 1732 1405 68 662 1733	1731 1732 1734 1735 68 847 899 1736	2
1737 844 138 1738 21 1739 517	1740 844 138 1741 1738	1
22 648 800 68 788 850 851 483 683	22 1742 1743 850 851 276	1
178 1744 701 21 755 1208 1745 1327	692 1746 1747 226 62 12 755 1208 1327	2
1748 68 569 852 52 1749 1750	1365 68 569 852 52 1751 26 445 1355	0
1752 1753 68 1754 1755	22 1756 1757 1758 68 1754 1251 1759	0
1760 1693 56 1326 68 788 21 1761 1650	1762 1763 109 68 1764 1761 1650 1765	1
1742 1766 32 37 1767 26 1768	275 1769 1770 1767 26 1768 174	2
1409 676 1771 851 276	850 1772 1412 1773 1774 851 1118	1
1569 1570 1775 1776 1589	1777 1778 52 1572 1779 729 821 476 1589	1
811 809 1780 674 33 1781 12 852	811 809 902 1782 1783 769 6 895 1079 1784	1
1348 1327 257 961 1785 360 112 3 1786	577 1787 933 1788 1789 360 112 350 967	0
1790 198 1064 3 789 1791 1383 68 1792 1793	1793 1794 226 1795 63 1383 1796 839	2
650 1797 1798 808 708 1799 276	1085 1800 1801 1802 68 769	0
708 33 1803 1804 1759 1805 1806 23 277 1807 21 962	708 1808 146 1444 26 1809 1810 1704 8 755 676	0
1006 1811 1812 1813 1814 1320 52 832	1815 1816 1244 1814 3 1320 52 728	0
811 809 902 1802 1079 1783 1784	811 817 867 21 1817 52 1783 1818 868	1
650 1005 112 1819 1820 544 37	650 1821 68 1822 1823 1713 26 1824	0
1008 1229 84 23 1825 1469 544 37 21 832 6 1255	1826 84 755 1626 909 842 1827 21 832	1
511 1828 1555 1829 1830 226 3 1133 174	841 1831 1611 21 1832 6 1833 112 1834	0
674 809 68 463 22 1135 26 845	1835 809 772 52 1079 22 1313	2
950 951 835 465 77 63 691 1836	950 951 1837 1838 1839 1264 1840	2
1511 445 105 1841 1842 729 1843 729 779 1568 1511 1784	445 84 1844 609 1568 1783 1784	0
445 757 1039 1216 112 1469 26 37 21 832	340 1845 637 1365 33 1846 112 445 1626 909 21 832	1
707 6 336 1847 68 1848 994 1849	707 1850 882 779 818 1851	0
831 1852 1525 198 1566 33 611 1853	1854 1855 1856 1525 6 831 1857 21 1858	1
97 98 55 42 72 293 1859 1213 174	803 198 143 1860 1861 1862 226 1859 1213	1
1193 809 894 68 852 52 811	1863 1864 453 1865 1866	0
850 6 39 959 496 1867 112 723 105 1868	850 1869 1216 112 1255 6 832	0
1687 33 676 1870 1348 68 575 1871 68 1872	1873 676 1874 68 1875	0
16 1525 1876 21 1063 26 1877 1166 12 1878 441	1522 1377 714 831 33 1879 683	0
1880 1881 1882 12 1883 1884 211 1885	604 12 1886 1887 1882 12 1888 26 1889 1126 1890	0
1891 1892 729 1893 729 1894 12 891 1895 441 1305 1896	1037 1891 1892 1897 12 1898 30 1899	0
662 657 1009 1262 1251 1589 21 1900	662 657 1901 1089 544 1902 21 1484	1
650 1903 68 1904 1129 1905 63 850 852 465	1906 1903 68 1907 1908 1909 112 1910 1588	0
743 1911 1912 1819 1913	743 691 897 1914 8 892	0
811 809 862 748 68 1783 1915	674 809 1916 1378 52 811 817 835	0
1917 1918 79 68 1919 112 1920 8 1921	1922 105 892 1780 1230 12 1923 1921	0
1924 1925 186 783 21 1926 12 1927 1928	1924 33 135 1929 12 1930 135 68 1931 1932	2
16 1933 706 21 1934 779 1935 1936 186 825	1937 68 16 706 21 1938 1939 1529	0
933 1940 1256 6 1772 1130 21 782 779 1063	1244 1941 226 1079 1080 1942 779 1063	2
755 1348 1316 1028 21 659	1943 706 63 22 1944 1028 21 1945	2
1946 1947 63 1289 1948 711 754	1949 1950 1951 1952 52 1953	0
406 12 1954 1955 1956 8 1957 1958 63 1959 112 1469	1960 1278 1327 769 770 774 63 485 1961 414 21 1962	0
676 1963 68 720	676 1964 105 708 68 1677 410 68 1663 1511	0
708 6 892 1438 68 1848 1965 1966	708 1967 68 1968 1969 1970 1971	0
650 37 256 105 1972 1973 167 1167	650 1563 112 1974 68 1975 1418 476	0
1301 1976 105 1977 1738 1978 1979	3 1980 26 1946 1981 105 1429 701 21 872 779 1982	0
1079 1608 1983 22 841 1013 1984 1985 1130	1079 1986 841 1018 1987 1889 21 1988 1089	0
