2220 4771 3205 8 14263 21 7274	1568 2220 4771 2038 63 2278 2736 7122 2015 1265 21 7274	2.6
11037 799 7643 33 483 6665 21 3072 334 517	11037 799 7643 33 483 13380 26 3072 334 1267	4.4
722 711 1515 7311 21 832 33 1158	722 711 7311 63 7425 1063 4472	2.6
1951 1315 706 21 1554 1089	1951 1315 706 21 7973 1478	3.8
7579 7761 14264 2674 1435	14265 7579 7761 14264 2674	4.2
831 14266 724 544 729 14267 729 850 1126	1520 14266 86 105 181 4227 21 1167 808 850 10793 1608	3
1444 14268 105 916 653 2210 26 7423 6632 685	1008 916 653 1466 3890 4671 26 7423 6632 685	3.8
1951 14269 311 109 12 1478	1951 1838 14270 68 1478 12770	3.2
832 84 1507 1508 739 1423 21 7054	7054 729 1507 694 729 739 1423	4
14271 14272 84 0 370 45 5201 6 0 370 14271	14271 14272 7220 3963 33 375 14273 4757	0.8
7689 1289 3073 112 6121 1814 10727 1688	7689 1289 14274 112 9845 1688	1.4
1036 1037 7766 506 68 1341 1167 11100	1036 1037 10697 2 1035 808 1167	2.4
650 637 707 808 811 708 1535	650 84 2759 2210 2170 68 1656 811 708 1535	2.4
1615 21 708 739 735 6 7495 192 21 4329 1089	1615 739 735 21 4329 1089	3.2
669 839 122 11787 198 1383 68 832	1103 669 709 1661 1733 198 1383 68 832	3.8
14275 1443 105 650 14276 161 112 831	843 4469 6230 808 650 3161 33 3116 2549 149	0.4
10781 506 68 1142 140 938	831 33 10781 506 68 1142 140 938	4.4
1330 1452 3011 3 116 937 14277 21 331	1330 14278 2526 937 276 21 331	2.8
1301 729 1342 755 1251 14279	1588 1358 21 755 1251 806	1
1507 1508 739 895 21 1572 7137	1507 1508 739 1547 21 7074 743	0.75
968 4463 1236 7107 68 3800 112 676	14280 14281 5430 68 3800 112 1036 648	0.2
14282 14283 414 1266 21 639 1062 2802 845	14283 414 1266 21 639 1062 2802 845	3.8
601 14284 14285 21 3466 708 105 6306	843 14284 14285 21 708	2.4
946 758 21 9697 2549 808 650 916 653 10724	2408 521 105 650 33 916 653 10724	3.6
14286 724 852 12 832 13040	1301 6 14286 1404 26 832 932	2
9666 1005 26 1877 6 1525 68 748 14287	11938 68 14288 1426 14289 12 1522 3040 21 14290 14291	1.4
12514 68 9149 1156 68 6261 21 5598	1129 1156 3319 68 6261 226 5598	4.8
1572 604 4170 727 8 1579	1572 105 604 14292 21 674	2.2
22 84 6285 68 410 14293 956 8390	1008 6285 68 410 956 8390 105 1377	3.4
708 33 746 1354 68 994 1165	708 33 10038 1354 272 3052	3.2
14286 6 662 657 1142 26 1244 1245 68 3455 26 832	723 6 708 5382 662 1244 1245 7026 26 832	1.8
3669 14294 68 46 14295 63 5894 8 8198 14296	3669 14294 68 46 14297 63 5894 14298	4
1229 1348 1028 21 811 933 105 2548	1229 1348 1028 21 7666 1383 6 1429 701	1
7689 1289 14299 14300 10706 1353	7689 1289 14301 1081 6 5844 21 1358 9136	1
14302 1693 609 7043 186 831 428 181 4927	609 899 7043 772 831 428 181 4927	4.8
3668 14303 819 21 10941 2802 647	853 1130 819 21 10941 1062 2802 647	3.2
9320 1147 1441 1442 63 4490 13478	9320 2017 1442 63 4490 13478	5
1020 970 140 779 3718 276 6 547 14304	1020 1021 344 779 3718 937 276	3.6
1507 694 686 10653 1471 1229 2981	1507 1571 1089 1471 1229 1611	4
1951 105 609 1819 1351 706 21 1478	601 1951 1351 706 21 61 854 21 1478	2.2
7067 744 99 7046 1301 33 3339	7067 1264 544 7046 1301 2255 30 14305	1.8
1129 688 8486 704 739 226 612 1502	1572 7137 704 739 226 612 895	0.6
7004 806 14306 344 489 1310	7004 1251 806 105 375 3790 150 102 7377	1
3848 68 3143 3 789 33 116 2998 667	3848 5815 789 33 116 2998 12785	4.4
16 1008 2942 1096 6 706 8 1554 1315	16 923 2942 706 8 1554 7798	1.6
718 2942 1876 21 1478	16 445 2942 706 21 1478	1.4
14307 68 3618 1522 3406 1082	14307 2337 63 1037 21 9143 3406 1082	4
659 2015 821 10805 7137 2017 1079 1391	659 33 10805 7137 7344 68 2896 1391	2.8
8385 14308 649 676 33 769	8385 649 676 14309 33 769	3.6
1484 33 14310 839 5644 7995	1484 839 5644 2163 729 14311	3.8
9109 10359 12467 12 577 1787 933 12466	9109 10359 14312 5606 779 1993 12 12466	1.4
659 800 26 1513 854 12 1251 806	1588 1358 21 933 112 1251 806	1
14313 84 6285 68 410 7023 3064 3406 1082	3 5199 12 642 275 2960 5608 52 60 1082	0.4
37 14314 14315 318 6316 174	7210 14314 517 6 841 1791	0.6
1016 701 21 1255 698 1063	3036 706 21 674 1255 1063	1.8
12442 8688 212 13632 7092 8122	14316 105 1905 112 7092 8122	1.4
11131 105 1187 6098 1351 706 21 1089 5866 1554 841	1951 84 1479 1351 706 21 135 10618 135 1089 21 1554 811	3
14317 1690 191 1423 3169 1759 112 8293 14318	14317 14319 191 1423 3169 112 14318	4.6
662 1244 1245 14320 938 26 832	662 1244 1245 68 938 26 129 68 2673 832 11210	3.2
1190 739 705 21 1603 226 14321 14322 13497	1190 739 700 21 1603 226 14322 13497 21 14321	5
14323 68 189 8706 12664 14324	647 186 11443 123 1495	0.6
1501 14299 1661 5712 779 7691	1501 14299 884 22 1688 1774 1079 7171	2.4
708 1270 576 105 318 342 112 832 1920	708 1144 1270 576 105 32 33 318 342 112 832 1920	4.2
1502 701 21 1507 1089 26 1471 841 10123	10411 1007 1662 1089 26 12539 839	0.4
811 809 1088 1160 7376 12 609 851 14325	811 809 68 994 851 764 174	1.2
1572 7154 808 14326 510 706 21 1348 1327	1572 890 647 186 1628 1626 1327	1.6
22 6 7786 68 506 101 112 850 851 852	14327 4526 82 4032 14242 68 851 14328	1.6
14329 84 68 1180 12974 14330 68 2652 112 191 14331 7199	14329 68 1180 12974 14330 68 2652 112 191 1429 3169	4.8
1709 12 1351 68 1405 112 14332	1709 10336 68 14333 112 4678 33 854	1.2
2951 1556 105 831 105 1000 757 6509	2951 1556 105 1255 105 7517 7100 7360 21 14334	0.8
7536 1944 1028 186 8302 965	22 7536 1944 1028 186 8302 3019	4.2
867 868 779 1084 1781	867 868 779 8422 830 21 14335	0.6
1330 800 21 855 806	1330 504 506 112 9173 806	1.8
1008 30 1383 14336 14337 14338 112 832	1008 30 1383 14339 6923 26 832	2.2
769 770 774 68 14340 779 14341 7428	14342 12 13613 105 14340 701 779 1368 14343 7428	3.6
0 147 65 243 14344 68 14345	0 147 65 243 1342 14346	1
832 1673 1718 1759 10614	1673 10006 109 12 1158	0.6
1079 1062 4739 711 1859 1213	1079 2210 112 22 1859 1213	1.8
850 724 7067 851 852 434 11490	10327 2046 13265 2048 68 851 9340 10302	1.2
10481 663 7259 21 63 14347 676	10481 663 7259 21 63 659 33 676	4.6
14348 14349 3179 26 7192	1053 3179 198 1282	0
1429 625 706 21 7447 1284 21 7118	13670 706 21 850 913	0
7845 4470 14350 10889 112 971 1503 808 639 2942	14350 10889 1728 68 971 1503 21 7577 517 150 1608	3.2
1497 21 6204 1020 1846 129 3509 14351	923 6847 224 10193 68 3509 653	0
1383 4515 5477 808 669 1619	1383 3136 68 14352 233 669 1619	1.6
1429 625 706 21 7447 1284 21 7118	3263 706 21 14353 1284 21 7118	1.4
1568 10613 10977 819 21 933	601 1668 1812 7147 819 21 642	1.6
181 9697 6 14354 779 12499 906 711 360 910 33 911	14355 906 711 910 821 911 105 912	1.6
14356 738 899 1553 8206	14356 909 899 1553 6683 428 1429 701	3.2
1520 1626 909 842 3036 21 899	831 1626 909 842 1187 21 899 428 769 770 552 226 1627	2.2
1254 706 6 7800 1889 21 8301 12 1414 21 1255	1415 706 6 7195 1889 21 721 4720 21 1255 33 14334	1.4
1522 3212 6760 7678 738 779 276	831 68 1103 1522 7678 8389	2
1006 649 23 571 737 7473 808 831	1006 84 23 571 737 808 831	3.4
670 1004 729 3206 729 669 2942	1103 669 709 6745 669 1013	3.2
7635 1603 695 245 2 14357 33 512	4529 6253 14358 1603 695 248 4923 14359	2.4
12499 906 686 910 33 14360 105 912	12499 906 686 910 33 14360 105 22 14361 10093	4.8
22 10274 14362 743 112 14363 4529 511 14364 7553	22 14365 743 4529 33 14366	2.8
35 62 37 10717 1338 5834 14367 14368 21 3 1343 14 33 1513 174 178 42 79 68 72 293 3 277 3217	35 62 37 3 14369 3756 14370 174 361 42 79 68 72 293 3 277 14371	0.4
1079 8897 27 10343 14372	22 27 10343 14372	3.6
850 363 1607 1476 12 365 105 850 2064 129 7352 9632 779 11155 842 14373	850 2064 129 7352 9632 779 11155 842 14373	4.6
14354 3248 3633 112 7095 7371	14354 3248 779 336 906	2.4
8078 4979 729 21 1478 12957 517	22 770 21 1478 711 1537	0.8
14374 2696 68 575 14375 6 189 2285 1397	2696 68 575 191 14376 330 3776 14375 6 189 2285 191 14377 1970	3.8
843 2942 706 6 8347 1117 21 9942 1089 21 5353 1383	1555 706 6 971 1117 21 1063 21 1255	0.4
16 1666 701 21 1603 226 6998 1144 965 21 7441	609 701 21 1603 3801 6998 1144 965	4.6
1036 5945 129 68 14378 2682	7004 5945 4092 774 68 1423 2682	1
1397 122 344 26 3534 2590	8683 7340 63 7241 1688 428 3534 2590 6064	0.4
14379 14380 339 774 1017 7231	14379 14381 5972 970 26 398 674 2581 3012	2.6
669 1381 68 1845 10319 68 761	832 13306 485 1351 1385 1920 276	0.8
1187 706 21 14382 694 21 7824 743	895 706 21 1008 737 738 21 7074 743	0.8
708 1020 1454 1455 777	708 1020 1358 1022 777	1.6
892 10343 4774 3829 779 6973	1580 8320 14383 779 6973	0.8
662 11210 1373 68 791 257 12 669 729 12957 729 10793 1608	662 11210 1096 226 26 219 68 669 12957 257	2.4
14384 1315 706 21 1554 698 704	1315 706 21 1478 704	3.6
10406 7076 21 1484 14385 1079 14386	2243 14386 14387 7745 1489 21 1484	3.75
5598 3756 14370 39 772 1064 14388	3756 14370 525 5598 39 14389 113	4.2
14390 1133 6582 7443 779 698 747	14390 1133 7443 4075 68 698 747	4
1130 706 21 7004 1553 7746	1130 868 21 7004 729 10978 14391	4.8
14392 2783 8348 198 14393	14394 14392 2783 14395 198 1079 1986 14393	3.8
14396 7107 63 1945 3636	14396 1420 63 1945 3636	5
61 701 21 9120 27 1603	1429 701 6 1187 1889 21 9120 27 1603	3.2
609 1525 706 21 1520 1469	1479 1525 706 21 14356 738	2.4
743 1901 1008 737 909	743 7519 3073 68 1264 22 737 909	3.2
6303 1501 8683 4877 1519 26 1008 1556 1688	1501 8683 1497 4136 6 884 22 1556 1688	4
2870 68 333 6319 21 14397 9780 4739	2870 68 6230 779 14398 3543 4739 14399 186 3417	3.6
3 2292 33 1366 1559 112 1424 3290 1187 6 5369	3 2292 33 7163 112 1424 6 44 1426 6 5369	2
14327 24 1089 8321 8322 48 831 14400	1375 10407 105 850 24 1089 8321 8322 48 831 909	4.4
14286 1001 748 68 832 1141 6 1236 10319	14286 1001 748 68 669 1141	3.8
14401 14402 764 21 1556 11028 1589	916 653 14403 48 9320 1342 806	0
14404 14405 1342 7274 1251 938 105 7754 1588	1252 105 1301 68 1341 723 1251 938	0.6
832 3272 723 233 1351 65 6132 109 12 1158	832 84 1351 65 3412 14406 10793 1608	3.4
1572 1348 1327 105 181 10434	1187 956 2748 1572 1348 1327 7563	2.6
14407 1034 5369 4598 3106 68 14408	14409 5820 14410 4598 3106 68 7642 983	0.8
722 226 802 14411 739 226 612 1447	802 7154 1515 14411 704 969	2.8
398 913 711 7274	398 913 909 1774 14412	3.6
723 6 708 5382 662 7026 26 832 7303	723 6 708 21 2560 5382 12 662 832 7026	3.8
7635 1603 695 245 21 8354	6130 105 10418 1603 695 37 5078 4938	4.2
1507 1508 739 1187 1774 1951 33 1554 1290	1507 1508 739 1017 226 1554 752	1.6
7103 1348 1028 52 5657 26 3186	7103 1348 1028 52 14413 510 26 3186	2.6
662 1244 1245 1088 1634 1313 544 14414 2834 21 1478	662 1088 1634 1313 544 14414 2834	4.4
1387 30 1301 6946 21 6005 6392	2901 1489 706 21 7593 21 738 26 721	0
1129 1246 1772 1568 1489 52 10613 2125	1129 1246 1772 1568 1489 6 1144 1793 902	4
1501 8683 7489 21 26 22 1556 1688	1501 8683 1077 3125 226 22 1556 1688	4.8
6639 6255 738 105 14415 112 1750 6 112 157 515 4938	6639 3276 738 8587 540 112 6364	2.2
13355 84 1478 2670 68 10203 198 5553 21 7164	13355 105 1478 836 1951 8024 3988	1.6
1479 14 6781 5678 1970 3011 698 5952	1479 14 6781 5678 4720 5952	4
1037 21 7659 6 7450 5971 68 224 2759 3404 26 832	7894 21 7659 6 7450 5971 68 224 39 3404 26 832	3.8
831 8031 1230 544 899 1241 5716	831 1063 21 899 11531 779 6674 1693	1.6
1961 414 226 755 1944 1327 21 910	895 1961 414 226 755 1944 1327 21 910	3.8
10274 54 335 68 14416 52 4742	10624 7220 1187 68 3886 14417 360 52 4742	1.4
832 1001 1619 68 335	832 33 14418 900 1077 569	1
22 1315 739 129 68 3036 8071 21 1478	22 1315 739 129 68 3036 1554 8071 21 1603 14419	4.2
6993 6994 105 0 245 3 1641 12 39 518 129	6993 6994 506 112 1115 854 12 4310	1.2
14420 650 33 14421 571 2285 68 22 779 10295 1928	14422 86 1516 68 4092 13540 1928	0.4
708 33 7339 774 68 1079 920 544 7342 1424	708 33 7339 10928 68 14423 544 7342 1424	3.8
811 1972 1939 1327 739 226 612 1413	811 1972 1939 1327 739 1506	3.6
14424 68 1180 14425 822	14424 68 3505 14425 4135 21 233 14426 822	4
7829 14427 868 779 5438 2478 26 1693 21 1264 544 956 149	7396 7829 14427 868 779 5438 2478 26 1693 21 708	3.8
5725 37 4104 14428 968 1853 68 102 21	7157 1417 14429 14428 968 1853 68 102 21 105 10093	1
1130 6 1413 6 14430 808 7969 848	1130 14430 808 14431 848	3.8
831 739 1000 8240 6 4720 899 1811	831 1469 842 1000 8240 6 192 557	3.4
8071 4941 14432 12 1554 1063	7122 7023 11090 1554 1063	1.8
14401 14402 764 21 1556 11028 1589	14401 7502 26 21 1556 11028	3.6
662 11210 1373 68 791 257 12 669 729 12957 729 10793 1608	662 11210 7725 68 791 257 12 832 7303	4.4
723 6 708 5382 662 7026 26 832 14433	723 6 708 5382 655 1394 8000 7369 542 112 832 363 4017 365	3.8
1951 1901 832 33 14434 12 1386 1229 1944	1951 7468 1901 832 33 14434 12 1386 1944	4.8
1732 105 669 1351 1289 7054 14435	8390 84 669 1135 8200 706 21 1158	1.4
832 839 1089 7357 885 1774 1320 105 709	1386 709 599 103 3816 1774 832 1320	0.8
1602 706 21 708 965 829	226 612 2776 706 21 832 3424	0.2
669 1007 7023 1079 1063	832 1007 7023 7833 1089	3.4
7889 1517 3435 808 7428	831 776 112 7369 691	0.2
14302 1693 609 7043 186 831 428 181 4927	14302 1693 7270 7043 428 746 654 667 14436	1.4
6823 7115 769 2981 1689 14437 701 226 10591	1402 14437 6 6509 7115 769 2981 1689 6 868 3497 10591	4.6
14438 9293 12927 5678 8180	9293 12927 5678 8180	3.8
14439 7207 7237 14440 21 653	14439 2155 14441 2571	1
1115 1615 6117 52 848	9413 12 14442 2572 14443 14444 37 6117 52 395 848	1.4
7004 1833 1079 14445 10565 779 10302	8897 848 845 105 10565 729 1703 14446	0.8
22 105 14447 9413 68 10517 1266 21 7441 21 646	14447 33 9413 68 10517 1266 68 646	4.2
935 14448 2870 21 7004 1223 938	1588 1358 1153 933 21 1251 806	1.8
1957 1082 7354 7119 1133	1957 14386 1077 2549 12 7119 1133	3.2
6120 724 1934 12 578 12 806 1141	6120 724 1934 26 578 12 806 1384	4.6
14449 916 653 909 1519 1109 685	14449 14450 738 1519 769 860	4.6
7973 1972 33 6823 676 1053 14451 198 1282	1053 14451 198 1282	4.2
662 1381 21 1383 112 852 26 832	11116 68 984 7623 68 708	0.2
7745 663 1342 659 33 1251 806	14452 68 3800 21 1251 806 21 659	1
14453 3301 6 3 4678 12 14454	14453 3301 6 4678 12 14454 6 868 226 8100	1.6
7136 5378 14455 14456 14457 6 841 229	5378 14455 14456 14458	3.6
1008 737 739 1602 1489 21 743	700 841 1013 706 21 1063 21 14459	0.4
1484 1355 9143 676 10908 68 224 886	1391 14460 186 14461 12440 26 14462	0
1415 706 6 14463 1117 21 1980 1287 1284	1423 706 6 895 1117 21 13006 1554 1133 1507 704	1.2
7659 105 988 1313 4526 82 4674 850 186 851 852	3278 6266 112 850 851 852	1.8
8043 14464 105 445 2065 30 14465 1474	923 2065 30 14465 2679 21 8043	2.2
9320 1342 14466 6515 14467	9320 6 21 10629 6 275 4897 14466 12829 1341	3.8
653 21 720 7790 14468 729 2296 1154 2588	720 7790 1732 729 2588	3.8
1501 8683 7502 5959 5353 14469	1501 8683 1661 2666 22	3.6
6120 1005 112 4920 12 832 68 11163	4302 14237 1005 112 8108 1216 112 1079 14470	0
7599 14471 1690 395 375 4258 2414	832 1690 2874 7295 21 7833	0
7791 1082 5345 14472 1589	7791 3064 14306 12 10167 938 1331 14473 7231	2.4
1244 1377 706 21 1471	1244 14474 706 21 743 7746	0.6
22 1020 3473 63 3718 852 12250 428 2696 1516	22 1020 14475 26 3534 2590 63 3718 852 1636 26	3.2
9320 196 1442 63 1605 1251 4490 13478 105 4639	9320 68 14476 1442 63 1605 1251 4490 13478	5
1951 8709 68 12770 14477 21 1478 105 14478	1951 1027 288 534 7672 21 13006 1478	1
731 844 1267 21 848 845	731 33 14479 1139 1079 1738 12 10618 8201	1.4
181 3025 68 2457	892 1300 743 2457	2
704 739 742 21 14480 743	698 739 1413 21 7824 743	2.6
192 1241 2876 1704 21 2832 21 1478	1507 1508 739 6521 226 1256 21 1478	0.8
16 1951 2942 706 21 1478	1951 1315 706 21 1554 704	3.6
10503 10322 186 7004 1358 1513	10503 2423 68 10707 7004 1358 1513	4
755 7097 902 8341 1238 26 1301	723 6 728 8341 5952 68 842 1301 6 6306 84	3.2
1301 1353 4742 21 723 33 1251 806	1301 1342 7883 755 1251 806	4.4
1520 757 7950 360 14481 7205 198 1524 758	1520 709 1088 7205 109 12 1524 758	1.6
1082 1354 1230 26 5679 14482	4463 1236 1354 181 1079 6754	0.4
2826 12 14483 1961 414 21 9711 14484	2826 12 14483 510 414 21 7274 14484	5
14485 930 12957 2065 1807 68 445	930 1089 105 2065 1807 68 445	4
650 457 4515 943 10424	650 1077 8323 544 9320 21 943	2.8
16 6894 989 2748 705 706 21 1348 1327	1873 7724 676 706 21 2556 1348 1327	0.8
850 6 7502 506 112 14486 851 852	1008 6 850 1734 112 1390 851 852	3.2
1709 6981 112 1079 755 10866 1154	1709 6981 21 7067 112 8293 1150	2.8
669 1007 842 7969 21 7833 691	669 1007 842 1555 744 21 14487	1.2
2097 2017 1079 14488 4543 6731	2097 7983 14489 14490 68 3800 14488 4543	3.8
6303 1501 8683 4877 1519 26 1008 1556 1688	1501 8683 1077 3125 226 22 1556 1688	4.4
1960 676 1661 186 731 33 611 886	659 33 14491 663 6664 68 520 1082	2.33333333333333
243 6674 711 14492 428 181 4927	609 7043 772 14492 428 3079 1117	3.4
1595 1516 6569 68 312 14493 12490	1595 357 1687 112 906 1241	0.4
1709 485 669 1619 3517 68 1383 1526	1698 669 1619 3517 68 1383 1526	3.8
14281 652 1702 68 445 33 1031 653	14281 68 2588 1702 68 445 33 1031 653	4
398 906 8070 390 2715 12 743	398 906 711 5353 910	2
7357 1579 1548 808 832 932	7889 569 1855 68 832 932	1
669 1351 842 7862 21 7054 14435	1732 105 669 1351 842 406 1774 7054	3.6
12964 739 1130 112 3891 14494	7103 12964 739 1130 729 112 3891 14495	4
22 737 738 739 1479 21 674 741	1008 737 738 739 1423 21 7824 743 105 835	1.8
14394 14392 2783 14395 198 1079 1986 14393	14394 14392 2783 14395 21 7704	4.6
1301 1353 4742 21 723 33 1251 806	24 1301 33 806 4742 21 723 46 14496 52 691 174	1.8
2870 1147 12653 1759	933 33 2873 2870 288 271 14276 1759 1377	4.2
22 6 445 21 7374 68 1303 1145 1515 1020	22 6 445 506 68 628 1145 1515 1020 1303	4.6
7089 960 414 21 8321 8322 45 11589 7955	841 3763 7089 960 226 8321 8322 1935 3247	3.4
936 5945 5844 226 949 742 2682	936 5945 226 949 920 21 736	3
7004 14497 1076 1342 719 4742	7004 6177 1341 5385 719 5386	3.8
14498 7076 6 841 1548 21 1582 150 9138	1115 7745 7678 8389 868 21 39 10233 846	0.6
14499 6059 21 7004 10295 5497	14500 14499 844 144 808 7004 10295 5497	3.8
9320 1342 1886 6515 7598	9320 6341 22 6515 7598 10801	1.8
22 737 738 739 1479 21 674 741	1568 737 738 739 1187 21 743	2.6
226 612 967 706 21 1572 7137 1089	226 612 895 706 21 1572 7137 694	2.6
609 1557 14501 2473 7094 701 21 708	1555 1557 14501 2473 8347 701 21 708	2.4
396 12 7553 1420 808 6913	3023 12 13583 14502 112 14503	0
933 33 14499 6117 52 9724 21 10295 1605 5497	14499 6117 21 10295 1605 5497	4
1179 902 949 6213 1993	1179 14504 949 6213 1993 12 191 14505	3.6
895 706 21 899 21 1520 1469	14506 6 14507 21 122 26 5663 738	0.4
1415 706 21 1063 779 1628 1255 854	1413 706 21 1255 1063 1166 12 7865 748	1.4
14422 772 8 3642 1008 14508	14422 772 8 3642 22 647	4.4
22 7489 7429 21 832 363 14509 365	5809 6224 21 14510	0.4
14511 68 263 14512 1182 21 445	7776 14513 68 263 10366 1182	1.25
988 14514 1079 1313 26 832	988 1143 1079 1313 26 669 1235	4.4
22 737 738 739 735 1489	22 737 738 739 1479 21 14515 105 835	2.2
1712 1154 544 1301 33 149	11142 12 1709 1154 544 1301 33 149 363 14509 365	3.4
720 10878 14516 14517 805 691	720 2502 1305 1166 805 1384	4
708 1020 1358 495 1435	956 1020 1358 1455 1424	1.4
14518 14519 84 275 14520 2632 14521	14518 14519 275 39 14520 2632 14521	4.6
650 975 8026 977	650 33 9879 8672 26 8026 977	2.6
1255 4022 832 3236 850 1348 105 835	1255 4022 14522 1409 1348	4.2
1554 719 654 14523 1244 7374	1554 719 654 1008 8306	3.8
16 1092 3507 6 16 11115 706 21 1934 1626 1327	1756 6057 3467 21 14524 14525 721 1327 105 12415	0.6
1520 6 1522 7514 14526 1404	1520 6 1522 7514 1404 21 1242	3.6
22 14527 9193 10359 701 226 14528	22 14527 9193 10359 868	3.6
9821 105 832 839 34 3498 1685	9821 14529 105 832 839 34 3498 1685	4.2
9378 9320 1342 6515 7598 21 14530	9320 1342 1886 6515 7598	1.6
1556 1092 656 8390 14531 1114 676	14532 14531 1114 63 1092 676	4
811 1972 6664 1844 1630 1141	811 1972 7287 729 1920 852 729 21 1630 7793	2.4
832 3135 14533 63 723 1001 3466 14534	832 3135 14533 21 1417 6 723 4991	2.6
1555 701 6 1457 1117 21 1528 708 1529	7862 701 30 14535 1200 21 892 1278 1529	0.4
1387 33 1076 14536 542 112 1386 1223	1387 33 1076 9875 112 1386 1223	3.6
9440 14537 68 14538 4742	9440 1342 14539 14467	1
1242 890 375 3591 2981 112 669 1619	1242 890 375 7064 2981 112 7889	4.8
1990 10589 9193 10359 868	375 1130 26 797 9193 10359 868 226 14528	4
1008 30 1383 14336 14337 14338 112 832	1383 6 22 14336 14337 14338 112 832	4.8
1130 819 808 2560 848	14540 1130 819 21 841 2220 7746	0.8
1886 4473 2236 140 6544	14541 18 3452 74 8203 140 6544 17	2.8
14542 1789 11262 112 14543	923 14542 1789 11262 112 14543	3.8
1644 1653 7336 105 3933 6306 6 8184 3174 1608 2844	1719 5653 1550 1651 105 3933 6306 6 8184 3174 1608 2844	1
1522 7100 68 748 7678 738	1665 1666 21 1522 3212 7678 738 852	2.8
841 105 1479 706 21 1092 1610 3810 14544	1525 105 895 706 21 14545 738 21 6834 11531	1
659 9203 731 1037 2285 21 1251 2502	659 649 731 33 1037 2285 21 1223 2502	4.25
669 1673 706 21 1417	22 14263 706 21 69 1089	0.6
6070 7219 9320 68 1142 68 8440 669 839	22 6702 108 1368 68 832 839	2.4
655 14119 14546 1299 226 832 12957 257	662 14547 791 832 12957 4672	4.4
3971 1219 21 14548 517	14549 14550 1079 14551 26 14552	0.4
1137 1347 30 11115 628 26 39 1079 382	9320 1950 68 729 3404 52 831 729 26 850 747	0
3718 1037 68 1754 1079 806	3718 1037 1005 112 44 705 476 806	2.8
1082 12 336 2392 14553 1156 8745 1393	1082 12 336 2392 1156 33 7034 21 14554	1.6
181 251 48 14555 1081 853 1820 105 1173	181 251 48 14555 1081 853 1820 105 14556	3.2
7568 14557 226 14558 63 14559 8344	720 653 10935 1672 544 7907 1838	0
10342 14560 7807 21 2939	1738 808 3627 1089 26 841	0
1348 1327 21 7560 739 226 612 1423	1348 1327 21 7560 105 97 3 1819 1793 1666 23	2.2
14561 14562 848 845 1339 21 708	14561 14562 33 848 845 1339 21 708	5
936 637 3718 1334	936 894 1330 14563	4.8
700 22 1351 706 21 1554 698 1089	705 1951 1351 706 21 1478	1.8
832 1007 7023 7833 1089	669 1007 842 13013 1166 12 14286 1920 7379	1.6
9320 6 650 1663 112 1021 26 14564	650 6 9320 6261 112 14565 6 1721 69	1
16 7428 772 832 1417	16 7428 7120 669 1417	4.8
7108 9655 476 1420 808 729 14566 14567	7108 9655 476 1420 805 14568 1928	3.6
7606 9440 1342 14539 14467	7606 9440 14569 39 4742 21 14539 14467	4.8
21 14570 659 6 10805 7137 2017 1079 1391	1960 6847 2896 1079 1391	3.2
22 1847 68 8092 9483 45 2035 2343	22 1847 68 8092 9483 45 2035 2343	5
956 1020 1454 344 1399	956 1020 1358 1455 1424	1
1330 68 938 26 7164 987 428 744 6981	1330 68 938 26 7164 987	3.6
45 729 3004 3 2180 729 26 723 105 650	650 84 87 33 45 729 3004 3 2180 729 26 723	4.4
1008 6 988 7082 4456 850 33 980 68 7720 851 852	1008 6 988 4456 850 33 3505 68 7720 851 852	4
14420 650 33 387 5559 26 8026 977	650 637 8026 977	2.6
6120 724 1934 12 578 12 806 1141	6120 724 1934 26 9173 12 9819 938 9406	2.8
1945 815 12395 14571 7282 198 3635 3963	1945 815 14571 7282 198 3963	4.8
14572 691 808 41 11765 68 2435 2776 1240	14572 14573 1551 2951 1556 808 41	3.8
1673 1295 5678 5598 3756	1520 1916 14574 21 5369 5598 14268	1
14575 1020 1358 1022	1493 1020 1358 1022	1.5
7571 1249 14576 16 2455 832 3626	7571 14577 14578 12 832 321	3.4
1525 105 609 899 1489 706 21 1520 7323 26 5713 11531	835 105 899 1130 706 21 1520 7323 363 14509 365	3
1484 33 676 763 21 3339	1484 33 676 4430 1420	4.6
708 637 4824 4825 26 662 7026	1126 1127 105 708 637 4825 26 662 7026	3.6
601 706 21 1572 1507 1571 1089	1257 706 21 1572 11319 1495 1089	1.4
14579 14580 21 1255 6 4103 1429	14579 14580 21 743 6 1405 1016	1.6
14581 105 1242 14582 544 1525 198 832	1242 14582 808 1525 198 832	4.2
831 2748 1031 1368 14583 21 789 105 6306	831 2748 1031 1368 14583 30 14584	3.8
1954 68 938 112 1079 676	12539 7971 68 1440 1079 676	0.8
14368 1342 14585 1343 470	14368 6745 14585 1343 470	5
14586 757 1005 112 10507 12 14587 21 659	7222 757 1001 3245 12 14587	3.6
708 1020 1454 1455 777	956 1020 1454 344 14588 777	2.6
10799 129 105 14272 1331 14273 1819 14589	14271 14272 33 1331 882 6518 150 21 8184	3.8
841 1696 1264 21 1556 2944 150 9138	841 1696 1556 708 494 1118 744	1.6
8003 706 21 1935 1327	967 706 21 1327 21 892	1.6
1301 7259 21 63 755 676	1301 7259 21 63 723 33 676 112 705 1503	4
708 1517 1807 68 14590 21 1405	8190 1656 1807 68 811 8321 8322	0
2844 12 3 1605 1251 943	1602 183 68 7073 21 3 1251 943	2.2
609 1731 1732 819 226 14591 1133	406 12 729 14592 729 1732 1264 226 7890 1133	2.2
587 3057 105 14593 705 330 1472 105 12968 10792 6 4403 10494 68 10486	3494 6 904 226 1795 21 14594 10486	1.4
669 1235 865 2670 21 14595 12957	832 8292 839 112 14595 12957 12 808 882	3
811 2944 7055 2944 12 1414 1166 12 852	7973 2944 7055 2944 12 694 21 6807 68 852	4.4
6193 544 505 150 9109	854 1249 805 6601	0.2
1085 10706 4092 12500 1057 194 3037 7575	22 10706 4092 1805 13359 6 5714 650 181 7352	1
3263 706 21 6313 1089 21 743	1602 2455 439 108 11539 3906 21 728	0
832 101 14596 6 839 229 1920 542 9283	832 101 2159 5347 112 6733 14597	3.2
14598 5805 14599 779 813	14600 18 5805 14599 779 3964 185 813	3.8
5605 105 14601 1077 3618 21 14602 4914 2240	14601 21 1820 39 14602 4914 2240	4
2944 3025 13234 808 14603 41	743 33 1037 1088 13234 8333 808 14603 41	2.8
1588 1358 21 755 1251 806	1588 1454 21 14604 33 1251 806	1.4
8299 1716 2344 112 7209 112 14605	8299 506 112 485 14605 21 7209	4.4
14606 676 6331 4742	956 676 14607 1144 441 68 14608	0.6
1712 1154 1216 112 14609 7137 808 10367 7029 14610	755 14609 7137 1150 14611 779 8296	3.6
6120 792 21 892 68 9394 2848 186 1966	6120 724 544 14612 14613 888	1.4
1484 9143 757 1077 886	1484 33 9143 676 7259 186 886	4.2
1301 862 4742 21 755 1251 938	1301 729 1342 729 723 33 1251 806	3.8
1668 8139 10861 26 832 33 1141	1008 7489 7429 21 7054 4075 68 832 1141	1.6
988 7787 1313 26 7425 1210	988 1313 7425 33 5024 428 14614 772 1158	3.4
1626 4674 14615 844 6895 112 6560	1156 11141 226 1626 4674 14615 33 6895	1.8
485 489 1426 2583 7175 706	485 489 1426 2583 7175 706 21 811 1972	3.8
1520 1037 288 517 26 850 68 22 2664	831 8292 850 112 1063 26 453 7062	1.2
2887 3861 4905 7151 68 14616 10883	2887 3861 7154 14616 10883	3.4
7299 11458 14617 7517 7043	7299 11458 14617 16 7043 1098 226 14618	2.6
1484 7076 14619 729 485 10597 14620	1484 7076 9877 485 1586 10597 2308	4.5
708 1020 748 344 26 14621 226 14588	956 1020 1358 344 1399	1.8
1742 14622 8579 198 14623 431	14624 14625 783 6553 6 14626 3106 112 2559	0
1130 6509 21 7590 10464 517	14627 68 46 171 21 135 14628 135 517	2.6
9320 6 1441 14629 112 14466 12829 1341	9320 275 4897 14466 12829 1341	2.8
7447 1284 7120 7357 1853 12 7119	7447 1284 7120 7357 1853 6 1555 706	3.8
14630 7428 7768 808 14631 12 14632	14630 7428 7768 808 1515 14631	3.4
1412 701 6 14633 1117 21 7768 1939 1327	7490 771 701 21 14634 14635 1939 1327	1.4
14636 10376 11042 11043 68 4006 923 7971	7160 33 14636 10376 11042 11043 68 4006 719 26 736 441	4
9207 105 1130 14637 8348 721 6540 1503 2352	22 1130 14637 721 6540 1503 779 2860	4
2097 6731 84 13509 496 6 45 2983	9305 316 84 13509 496 6 45 2983	4
660 1077 6122 12 886 6 1069 1960 676	663 68 224 6122 63 375 659 8053 676	3.8
850 44 164 1515 7623 68 485 988 4469	850 7971 229 6285 68 1292 1515 7623 68 233 988 4469	3.6
7240 7389 842 226 612 7279 21 743	226 612 700 701 21 743 14638	0.8
1036 2748 1479 26 1348 1200 21 910	1409 14639 14640 14641 868	0
9320 1821 68 14642 729 14643 12 14644	9320 1354 68 729 14642 14644	3.8
9440 33 14645 3243 8048	14646 5369 729 9655 8048	0.6
669 756 7327 112 6249 653 1230	669 756 757 7141 499 18	2.2
1053 3179 198 1282	1520 676 3179 198 1282	1.2
14647 10380 14648 105 14649 2560 2155 14650 39 551 56 49 546 21 3430 601	14647 10380 14648 105 14649 21 226 3 2560	4
14651 14652 178 506 68 3449 14653	14651 14652 2384 68 3449 14653 6 14654 14655 68 96 112 395	3.8
1602 701 21 743 1507 704	808 8272 701 21 743 7240 8289	0.6
1006 33 14656 724 22 808 14603 41	1006 1005 112 485 14603 41 691	2.8
669 1007 12567 4670 6 1548 52 839	669 1007 30 839 1548 21 5713 8263	2.6
10503 836 12441 112 14585 7004 1358 470	5602 105 10503 14448 12441 112 14657 14658 470	3.2
14659 1884 970 8 2435 705 983	14659 729 7935 3168 14660 39 14661	3
650 1001 14662 1230 26 2434 937 932	650 1001 2434 68 3455 4347 26 932	3.4
9029 14663 4539 14664 808 14665 1635	14666 14667 14664 808 14665 1635	1
650 6 9320 1734 112 375 943	650 6 9320 1734 68 943	4.2
375 7943 688 414 14668 1934	14669 842 1627 21 1980 3040 1284 21 1934	0.8
783 1710 1322 706 21 743	3508 445 1241 1322 706 21 743	2.2
226 14670 6 9378 9320 1918 9507 14671	14670 5369 105 9378 9320 1903 68 3564 52 9507 69	3.2
735 7043 1098 198 899 186 7095 831 428 3079 4586	1273 7043 198 899 3040 21 7095 831 428 3079 4586	3.4
14672 14673 1786 112 754	754 14674 3138 1786 26 2310	3.2
14675 744 30 841 1548 779 1258	3718 744 6 841 1548 63 1334 276 21 14676	0.6
1008 1315 706 21 1603 14544 21 7973 1478	1602 1951 2942 706 21 1478	1.6
1588 1454 21 1960 1251 806	1777 2289 105 1470 1251 806	0.8
841 729 59 45 415 729 10941 1353	7108 844 144 112 3864 10941 517	1.2
936 5945 5844 226 949 742 2682	936 5945 711 949 920	3.4
2924 6994 7107 14677	2924 6994 7107 2670 226 14677	4.2
14678 2223 5735 3649 12463 14679 868 226 10591	2223 5735 10589 12463 14679 701 226 10591	4.8
659 1251 806 44 14680	22 1251 806 5369	0.6
1479 7004 2942 706 21 1554 1507 704	1479 2901 2942 706 21 1554 1556	3.4
662 14547 212 14269 12 669 12957	662 457 8752 669 12957	4
14509 1252 105 5386 21 22 65 14681 544 6811	14509 1252 105 5386 11436 14681 544 6811	3.6
14509 4639 105 14682 68 1517 112 8373 609 584	14682 1517 112 8373 609 584	4.2
708 84 1174 987 68 970 14683 983 21 5369	708 33 1178 3092 68 970 14683 983	4
36 12 1255 7428 739 226 612 8363	398 718 906 739 226 612 700	0
14684 676 14685 84 181 3369 38 26 14281 7092	14684 1373 68 96 26 14281 33 7092	3.8
2696 5312 1244 3403 14686 112 191 14687 2455	1270 9646 105 2696 5312 14686 112 191 14688	4.4
22 3378 22 191 1423 14689 112 743 1477	22 3378 191 1423 2455 112 7103 1477 657	3.8
705 1951 1351 706 21 1478 14690 1089	705 1951 1351 706 21 1478	3.8
13361 7508 7509 14691 68 46 1099	13361 7508 7509 366 68 46 14692 21 892	0.8
1954 938 21 7577 1251 806	1954 156 68 1588 21 645 806	4
14693 1943 511 3477 1042 6331 6575 6 45 1266	14693 1943 511 4684 6206 26 1042 45 1266	3.8
14354 3248 105 181 79 112 14694 68 6601	14354 3248 779 14695 906	2.2
22 763 808 14696 846 68 1554 2548	1008 10160 14696 846 68 1554 2549	4.8
14697 7544 4096 2478 198 12675 511 729 14698 3 14699	14697 7544 11214 26 63 14700 7107 808 1270 14701 3626	2
650 1771 14702 2581 1517 1966	650 1859 1213 9715 571 1306	0.4
14703 7764 8 14704	14703 7968 8 11116	2
650 30 9320 5175 26 14705	457 14706 1373 68 96 26 14707 1144 1588	0.4
1517 710 210 129 112 3284	5936 1517 14708 210 463 129 112 3284	4
14709 1089 729 739 61 30 7161 226 612 742	1062 1089 26 867 6059	0.2
14710 7795 105 841 1259 495 12 729 1607 14711 729 1568 12 2035 14445 10565	14710 1603 105 933 245 26 3 3215 388 12 1244 12 1244 1464	1.8
14712 12 1961 729 414 21 832	740 485 1961 414 26 5716	1.4
7498 6117 52 848 12 22 1040 7969	2911 26 2502 1849 2 39 1040 676	0.8
14713 14714 30 14715 10845 11829 112 1945 21 5725	14714 711 10799 21 892 577 3933	1.8
1933 3517 7465 805 1895	1036 1443 2064 4481	0.8
97 5425 10587 14716 729 317 2820 8442 68 117 14717 225 2255 489 49 28 14718	5425 10587 14716 1374 729 8442 729 68 117 14717 225 2255	4.4
22 737 739 700 1489 21 743 105 835	22 7388 842 967 21 743 105 835	2.4
14719 14720 14721 105 3933 6306 6 8184 3174 1608 2844	7817 8359 13656 105 3933 6306 6 8184 3174 1608 2844	1.2
445 1281 3168 10901 26 2901 9882	22 1281 191 14722 26 14723 7670	1.6
1572 105 1776 1351 14724 779 6758 706 21 1837 12957	1572 841 117 1772 779 6356 12957	2.6
14725 14726 6975 112 552 105 1562 4519 26 7352 808 1085 888 1334	5175 14727 68 1330 779 642 14278 888 1334	2.2
4584 3135 1666 21 832 33 7833	4584 3135 1666 21 7054	1.4
933 84 1330 1366 1367 10687 112 936	933 33 935 637 1330 56 1001 14728 6841	1.8
14729 1789 1041 886 949	3 7678 3257 948 22 1041 886 949	1.2
1187 7004 2942 1666 706 21 1478	923 1315 706 21 1478	1
1085 1334 13722 2155 485 12163	1085 13722 2155 485 12163	3.4
1951 1315 868 21 1478	16 14575 2942 1889 21 1478	0.6
956 1020 1358 1022 1424	708 1020 1358 1022 777	2.4
1522 1167 14730 1520 7286 1142 68 14731 14307	1522 1167 637 14732 8248 276	1
9378 9320 1342 10984 6070 7598	9320 1342 10984 6515 7598	4.8
1130 1051 721 26 193 6540 1503 779 23 245 8348	872 1130 1051 271 721 6540 1503 779 23 245 8348	3.6
14733 14734 33 765 414 701 21 5936	14733 14735 14736 14737 821 765 6 14738 14734 6 414 701 21 14739	3.4
1951 105 1187 1241 2876 1274 198 1554 8350	192 1241 2876 1704 21 2832 21 1478	2.8
723 4470 10367 7029 1264 14740 112 16 1503	755 653 68 149 21 10367 7029 845	1.8
1938 14741 6160 52 4598 21 375 3185	936 14742 6160 21 14381 6 357 68 1938	2
831 1852 1092 3649 4561 198 1809 808 14743	831 1852 1092 876 4561 808 14743	4.4
3 2292 33 7163 112 5691 1429 6 5369	3 2292 33 1366 1559 112 1424 3290 1187 6 5369	1.8
1951 22 6733 1136 808 1603 12 1554 8071	1008 84 14744 8 1603 26 1554 8071	2.4
935 1342 7004 1251 806	1556 11028 800 21 1251 806	1.6
9109 10359 7207 1663 544 1977 1738	9109 10359 1005 23 7107 21 1663 544 1977 1738	4.8
1229 105 832 494 1020 6795 831	723 3272 832 494 1368 747 37 6399	1.8
10959 10960 9227 68 2457 6369	10959 14745 9227 3583 68 2457 6369	3.6
832 1920 542 307 2046 6399 6 2048 756 84	832 1920 14746 63 1406 3358	2
1425 1020 970 779 3718 938 14747 1905	1515 774 779 3718 806 353	1.4
1284 63 14748 1264 544 485 14749	1284 10631 63 3718 938 7241	2.4
1415 701 6 742 4586 6 1187 1200 21 14750 14751 10774	705 701 6 1412 1200 21 14750 14751 10774	2.4
7122 8576 63 729 11679 1156 6 26 7525 112 7653	7122 2942 8400 63 166 1156 26 7525 68 108 1351 729 10638	4.6
708 8390 14752 792 21 22	956 8390 8139 1142 68 1663 14753	1.2
1853 114 105 6998 1144 965 1603	609 701 21 1603 3801 6998 1144 965	3.2
10481 663 7259 21 63 14347 676	660 7259 21 63 1960 676	4.4
923 1315 706 21 7095 1478	16 923 2942 706 21 1478	3
1089 26 1951 69 21 1478 739 967	1241 2876 1704 21 1478 7746	1
1471 1507 704 6 737 1089 842 226 612 1426	10457 12 1255 1063 842 226 612 700	1
14754 3883 26 779 3065 1759 10614	14754 14755 5017 6 10340 109 26 6357 5598	3
650 6569 26 708 14461	650 68 441 817 14756	0.6
743 1249 10601 12 7508 7509 4613	743 14757 13361 7508 7509 14758	2.8
2944 8292 831 112 14759 1368 1693	2944 7055 831 12 7323 26 1368 7240	3.6
14760 276 1224 26 14761 334 3824	7514 791 276 26 1173 14761 334 164 683	3.8
1590 5542 10387 21 5678	754 33 1590 5542 10387 6 68 10504 14332	3.6
7689 1289 14299 14762 9483 6 14763 7209	7689 1289 14299 8031 14764	1.4
14765 14766 729 2572 14767 14768 868	14769 729 2572 14767 14768 868 226 10957	3.8
899 7043 792 21 14770 1688 283 428 3079 4586	6674 1098 198 899 14771 1306 21 14772 428 3079 4586	3
2901 1731 1732 1231 68 549 1550 888	882 14773 1231 68 549 831 226 14774	2.2
1507 1508 739 705 21 1554 1417	1507 1508 739 6521 226 1256 21 1478	2
789 1020 970 26 1307 112 988 6 22 1309	1020 970 26 1307 112 39 1308 1309	3
1801 14775 701 226 8004 105 14776 876 6 14777 6 30 6581 868	1801 14775 6 7760 876 6 14777 6 868 226 8004	4
659 33 10805 1391 14778 14779 868	659 7344 68 14780 10805 1391 14778 14779	3.6
789 1020 3473 211 3718 937 276 1406	1637 1020 3473 1166 12 3718 937 276 1406	2.4
811 1972 841 1096 701 1426 7175	811 1972 841 229 49 706 1426 3679 7175	4.2
14299 14762 9483 6 3073 5959 7209 6 1886	14299 7241 9483 52 8919 906 4690	2.4
754 1331 109 68 832 756	511 9230 293 3 669 510 174	1.2
14781 1603 105 841 68 14782 5821 21 695 33 1306	841 68 14782 5821 21 7635 1603 695 33 1306	4.6
650 11257 10943 2210 112 3333 14783	1008 11257 10943 2210 112 3333 510 105 1113	4
2652 33 4193 39 277 603 26 1355 105 14784	2652 33 4193 14785 3192 6 56 144 5880	3.8
11156 729 11157 33 9046 2155 735 1503	14786 135 11159 135 11157 33 9046 2155 735 1503	3.6
8148 676 1096 8 709 1181	8148 676 1096 226	3.8
832 763 808 1961 12 1673	832 7097 84 7643 1351 1103 14787 1673	1.4
1130 1789 2478 26 1693 226 14439 845	1130 1789 5189 14788 3801 14439 845	4.6
1008 737 738 739 1423 21 7824 743	22 737 21 743 739 1423 1568 1489	3.8
14789 1008 14263 68 2473 14790	14789 1008 14263 68 122 109 12 14790 105 3778	5
5021 13033 22 14791 11986 112 14792 31	13332 14626 11986 112 10948 14792 31	1.8
988 506 112 1079 1313 26 850	988 5430 1184 1079 1313 544 850	4.4
850 7430 851 14793 2625 105 1403 6306	850 2064 129 1585 851 77 150 1403	3
14453 3301 6 4678 12 14454 6 868 226 8100	14453 3301 6 3 4678 12 14454	3
7425 1378 52 783 1710 835 21 832	7425 288 783 1710 1847	2
1416 1063 842 476 6 1479 841	1063 21 1255 842 476 30 1187 557	4
226 612 2182 701 21 7824 850 11155	13670 701 6 14794 1117 21 7824 850 7271	2.6
7345 33 729 14795 6989 729 2155 14796 1079 350	7345 33 729 14795 6989 729 2155 14796 1079 350	5
6027 105 485 489 882 176 6117 21 14564 646 8188	6027 105 653 10935 6544 656 3455 21 11065 517	0.6
1301 1353 4742 21 723 33 1251 806	1301 1353 4742 21 1251 938	4.2
6120 6285 68 1663 112 650	6120 39 5222 3455 112 650 68 2212	1
9320 1147 1441 1442 63 4490 13478	9320 13749 1442 63 6070 4490 13478	4.4
3509 1562 970 26 3718 1334 1307	3509 989 176 7066 68 10459 3718 1718	2.2
14797 1219 26 1429 5631 6 14798 26 557	14797 414 45 1266 26 61 5631 428 14798 26 557	4.6
798 14799 2155 14800 1977 1292	728 33 14801 2155 14800 1977 1292	4.2
1190 44 65 14692 27 12957	10565 44 65 14692 933 27 1603	3
950 951 1020 1454 1519 1398 983	950 951 1020 1358 14802 7231 344	1.6
14803 105 14616 10883 4781 21 3546	14803 649 14616 10883 414 21 3546	4.5
1507 1508 1063 7791 1244 69	1507 1508 1811 1776 7137	0.8
864 105 10327 1214 68 1089 1877	962 68 14804 1409 112 1089 26 1877	1
1520 1229 653 7790 2588 12 1522 7678 8389	831 1331 276 52 1522 7678 14805	1.2
1595 14806 1946 10655 150 21 8184	1104 8171 9877 7465 150 21 8184	0.8
14729 1789 1041 886 949	14807 3257 729 1789 1041 886 2184	1.6
1301 729 1342 755 1251 14279	1301 729 1342 729 723 33 1251 806	4.2
1595 68 10403 956 1265 808 915 7672	1092 653 1633 8089 68 931 3428 4671	0
1301 8497 14808 63 1712 938	1301 68 1341 723 33 1251 806	1.4
662 657 1051 271 6392 6 2826 9873 26 708	13541 105 655 657 1051 271 6392 6 56 2826 9873 26 708	4.8
233 832 1141 14809 68 1361 14810 1710	233 832 1141 14811 63 1361 1126 14812 1710	4.4
14813 2138 14814 21 834	14813 8123 834 68 709	3.2
923 14815 12 14816 1177 6192 68 14817	14815 12 14816 68 2665 1519 805 14818	2.4
12550 14513 10891 1774 14819 6 1413 1117	12550 14513 10891 1774 14819 21 14820 6 1413 1117	4.2
1217 1218 729 68 46 6117 729 52 1318 1220 1221	1217 1218 68 46 6117 21 1220 1221 517 6 1377 84	4
968 14821 839 3505 852 68 1103 1116 1955	892 105 14821 839 21 852 26 12303 3051	3.8
16 1666 701 21 1603 226 6998 1144 965 21 7441	1853 114 105 6998 1144 965 1603	2.8
1602 701 21 743 1507 704	226 612 8100 701 21 743 7240 8289	1
13600 1144 3061 3195 11786 68 1313	13600 1144 3061 14822 52 14823 1313	2.4
831 1366 1303 515 209 1522 26 14824 7678 738	1520 1236 88 1522 757 33 8110	0.5
662 6306 84 143 1860 21 832 2802 656	1951 757 2669 1519 417 12 14825 1548	1
2065 1882 12 3891 10192 1305 186 3004	2065 1882 12 3891 10192 14826	3.2
1067 1646 14827 2598 112 22 14828	1067 1646 3005 3776 2598 7778	2.4
9320 1342 10470 12829	9320 14727 5175 68 9440 1166 14467	1
14829 14830 105 14831 2155 11822	3301 14830 7760 226 14831 1385 7726	3.2
933 724 832 808 494 834 317	655 4962 226 138 832 494 834	2.2
14832 11012 11016 771	14833 729 11016 771 112 11012	4.4
6639 3276 738 7241 748 52 729 11651 729 1332 21 51	476 738 1339 105 14834 6 979 791 1332	0.8
7603 676 68 441 445	7603 676 68 441 3848	1.4
7845 7878 1136 21 1683 26 1244 1635	7845 7878 1265 21 1683 844 14835 661	3.4
1289 7225 113 12 6515 1170	1289 7456 1886 6 12082 6515 1170	4.4
8074 1939 10891 6 5624 1693 21 14836 6 9120	8074 1939 7613 6 722 12518 813	2.8
226 612 16 1951 706 21 1478 1027 1327 105 1229	226 612 1254 706 21 1554 698 1063 105 835	0.8
676 14837 1366 6646 150 14838	676 1402 7551 14839 1366 475 552 14840 1938	2.6
12981 692 1342 6476 8044	12981 692 14841 6476 14842	5
1595 7489 2296 851 7721	1595 3694 360 2296 851 764 1118 60 2685	4.2
5664 21 1079 1759 112 14843 14844	5664 657 7290 6306 1198	1.2
755 1626 4674 7761 14273 7597	755 1626 4674 33 14273 7597	4.4
705 1951 1351 706 21 1478	1951 1315 706 21 1478	2.2
708 7339 7821 68 14845 544 7342 1435	708 33 7339 7821 544 7342 112 853 854	3.2
2696 7272 14846 288 7218	2696 7272 14846 288 7218 21 1637	3.4
45 236 5577 1451 112 9378 9320	9320 10443 9440 21 6070 5577 1451 14847	1.6
1301 7259 21 63 755 4598 14848	1301 7259 21 63 723 33 676 112 705 1503	2.4
14849 6 14850 2950 14851 6723 845 6 1397 103	14849 1970 11083 63 14851 6723 5397 14852	3.4
1615 30 6322 706 21 1327	601 706 21 14853 1327 176 1474	1.6
14854 906 909 910	14854 906 711 14360 6 910 6975 912	4.2
609 4706 706 63 1554 1384 10791 1865 854	16 1137 1013 9350 63 1554 1384 7794	4.2
14439 14855 12 729 14856	14439 105 1674 385 729 14857	1.8
835 105 9320 68 108 1859 1213 4876	650 1168 1859 1213 1928	0.6
1595 1037 1005 112 2194 14354 11423 14858	1595 4845 61 2559 436 906 30 14354 6724	1
669 7121 1943 10319 68 1242	669 1037 10319 68 1242	1.4
669 7369 1476 363 3 365 105 669 7369 1476 105 669 1619 363 63 12 3053 736 5369 365	669 7369 1476 363 3 365 105 485 489 7375 706 21 832 1166 12 14286 335	1.2
1507 1508 739 3036 21 1478	1507 1508 739 895 21 1572 7137	1.2
1000 10779 601 899 7100	1906 1147 1303 12 7100	0.6
1347 14859 729 14592 729 1732 729 4707 68 13207	445 5663 7767 729 14592 729 4707 26 831 6003	3.2
642 7450 112 888 1718	14860 26 845 112 14861 14461 2015 821 769	0.2
1556 11028 800 21 1251 806	7891 8140 68 938 21 1251 806	1
3 8921 7884 12 3 811 708 1535	1920 2521 808 3 811 708 1535	1.4
4824 4825 1231 14862 14863 544 743	1375 1670 706 21 743	0.6
14864 14865 52 1819 1990 3247 105 129 141 6 3003 2788 174	14864 14866 14865 52 1819 1990 3247	3.8
9320 14867 8 1859 1608	9320 14868 226 1859 12617 618	2.8
13045 14869 1405 729 68 9951 650 8000 12 14549	2455 14869 1405 1214 68 9951 1008 8000 112 14549	4
669 756 21 6329 852	669 756 1245 68 3143 1381 21 933	1.4
14870 1519 14326 2527 26 987 14871	9320 4526 82 5997 987 3745	1
7525 14300 4123 12 14828 8 14872 68 986 191 14873	7525 14300 4123 12 14828 8 194 2682	3.6
850 33 719 144 39 14874 11074	850 33 719 144 676 11074	4
1471 1507 1089 739 843 2942 105 835	1554 1507 721 698 739 226 612 1802 105 835	1.6
1910 407 1670 14875 14876 706 21 832	1910 407 1670 6 7004 14877 729 706 21 7650	2.8
7952 1397 344 226 7953	7952 1397 1022 226 14878	1.6
6639 6255 738 21 6543 382 8013	6639 6255 3042 9965 434 748 738	2.4
1251 938 14879 1954	6070 1251 14880 1548 21 7095 11719	0.8
601 485 22 2942 706 21 1478	1951 1315 706 21 1478	1.8
841 986 769 770 21 1935 1529 68 735	14881 1070 769 10220 10080	0.4
1479 2901 2942 706 21 1554 1556	609 923 2942 706 21 1554 10618 1089	0.8
936 894 68 12849 642 129 68 191 14882 3169	936 68 12849 642 129 68 882 14883 14884	3.4
783 1710 1322 706 21 743	923 783 1710 4529 3508 21 743 414 14885	3.6
1554 6 22 14886 1226 276 26 7313 1786 7746	10335 6 22 1226 276 26 1786 1527	3.8
708 1630 1529 739 1423	708 8486 1529 739 2776	1.6
3848 54 5399 1945 21 14887	1036 1037 10697 2 1035 808 1167	0.4
691 226 10367 7029 1267	10367 7029 1267 14496 52 14888	3.4
1859 1213 981 453 729 2526 1928 729 808 14889	1859 1213 1062 1928 729 14890	2.2
14891 105 1732 1289 669 7429 428 16 1117	1732 1289 832 7429 21 14891	3.4
7778 12 14636 10376 11042 11043 33 441 68 5393	14892 4456 112 14636 10376 11042 11043 33 645 404	3.4
127 84 14893 441 39 1207 526	127 88 14894 14893 441 68 546	2.2
12386 4845 7597 12 12957	12386 4845 7597 12 14439 33 12957	3.8
811 817 996 4598 1516 68 14895 3278	7973 817 996 4598 1516 68 1774 14895 3278	4.6
867 706 8 8649 7134	151 146 7753 7155	0
14575 1397 129 1429 983 779 3254 4092 164	14896 10962 243 4092 164	1
1938 724 1330 105 181 485 514 519 2663	931 4247 68 1330 105 181 1718 519 2663	2.6
831 68 1103 1522 7678 8389	831 7450 22 112 1368 115 434 1241 850 738	0.8
650 68 1404 3384 12 1603 7563	650 68 1404 14897 6313 7563	3.2
650 1664 3618 808 9320 1385 1182 1564 105 4017 330 14898 1252	9320 1077 3618 808 650 52 1170 135 5585 135 105 4017 330 14898 1252	1
723 6 708 5382 662 7026 26 832	723 6 708 5382 662 7026 26 832 7303	3.8
16 706 6 1413 1117 21 14899 1603	16 701 6 843 1117 21 14900 1603	1.4
35 3 1391 33 14627 2949 10793 10611 819 808 7590 10464	1391 2015 821 14627 819 21 1928 808 7590 10464	3.4
10866 744 520 3166 3562 21 7067	10866 744 520 3166 3562	3.8
9555 105 14283 5597 68 4032 271 14366	14282 14283 6509 12 639 7297 2802	1.6
6027 33 2118 12 1173 7187 112 191 14901	1217 6027 33 4695 12 22 5328 7187 112 191 14901	2.6
14902 1693 3500 14903 6095 779 14904 113	14902 1693 14903 6095 779 14904 113	4.4
3599 5378 543 14905 544 729 6803 14906	22 6 3599 14907 543 14905 544 3413 7303	3.4
655 68 224 129 832 7026	662 6900 68 938 26 832 7026	3.6
1315 729 54 82 6955 729 12957	22 1315 2278 313 2015 2297 6955 12957 2015	4.4
45 39 157 3315 105 935 33 1348 772 8 14908 4083 4084 68 1671	7004 676 934 935 33 1348 772 8 14908 4083 4084 68 1671	4.4
1683 1037 2017 1079 746 779 691 808 2196	1957 6900 7790 1079 746 6 799 1037	1.2
1187 2901 2942 706 21 1554 1556	1187 7004 2942 1666 706 21 1478	3.8
669 1007 1289 883 7304	669 1007 14909 1158 6 723 724 12 1361 1126	2.5
972 105 2776 701 21 14603 41 691	194 1117 21 14603 41 1264 21 9892 6 743	2.2
3029 12 14616 10883 33 769 434 224 2460	3232 1231 235 68 14616 10883 33 769	1.8
1835 809 724 12 13298 112 811 809 14910	674 724 12 13298 112 14911 33 7535 14910 542	3.6
39 14912 12 16 3358 105 97 3 1079 1986 14913 4526 3 5577 4311	9345 12 16 9346 14557 21 5577 4311	1.4
61 701 21 1079 1520 738 26 899	16 706 21 1079 1520 738 26 899 105 14468	3.6
1938 2384 68 1777 723 26 669 932	35 37 723 583 26 832 174 39 8265 10818	1
1479 5861 1117 21 14914 2585 1327	1479 1117 21 2585 1327	3.6
662 1241 657 14915 10791 14916 14917 52 783 14918	832 33 12304 14916 14917 37 14919 6 783 1710 84	2
406 706 21 1776 6973	406 706 21 6894 1284	1
10530 12 659 33 2062 1251 10531	1115 854 12 1960 1251 806	1.2
2851 14920 701 226 3431	2851 9325 14920 868 226 3431	4.4
923 8755 6418 14921 14922 808 578	609 923 2942 706 21 1554 10618 1089	0.6
10774 7316 226 612 882 7103 2942	10774 7316 808 882 7103 2942	4.6
9030 1516 68 14923 3278 105 35 3 14784 229	9030 1516 68 14923 3278	4.6
14924 4526 82 164 1214 14925 9780	14926 6477 14924 21 14927 808 1214 14925 9780 164	3
10823 3174 8256 428 8755 194 5691 5369	10823 3174 8755 1413 3290 5369	2.2
1554 719 800 68 14731 127 989	1554 719 800 68 430 127 989	4.8
850 84 662 851 852 24 1677	850 84 851 852 52 662 729 14928	2.8
14929 105 6896 8495 11706 414 21 1191	6101 649 517 12 6896 8495 11706 21 1191	4.2
6922 7187 233 7690 12 7274 7733 112 191 14930 14931	6922 7187 7690 12 7274 7733 68 14932 112 191 14930 7199	3.6
2673 3658 14933 10941 7563 105 841	445 105 2673 3658 10941 2802 7563 7499	3.6
9320 10443 1225 6 45 650 6 21 14934	9320 105 0 2767 178 5240 12 12706 21 9734	0.8
10359 2064 1519 198 12659	10359 5420 1519 198 12659	4.6
22 737 738 739 192 1489 21 743	1008 737 909 842 3036 1568 1489 21 1471	1.8
1415 330 742 10008 6042 3832 226 14935 1703	1456 18 742 10008 14936 3384 226 1703	1
669 7643 10896 2950 1063	669 756 902 729 14937	1
956 1020 1454 344 14588 777	956 1020 344 226 14588 777	4.6
1906 105 756 1353 11042 11043 1341	2664 21 1906 14938 63 11042 11043 33 1076 1353 1341	3.2
650 33 1252 2124 7207 21 994 112 6515 1225	650 33 277 14939 1341 13008 1439	1
16 14575 2942 1889 21 1478	1187 2901 2942 706 21 1554 1556	1.2
14940 21 1554 8566 739 609 1951 1351	1130 21 1554 709 8566 739 1951 1315	3.4
1079 832 756 657 88 14941 1241	832 756 7948 63 831 7389 3248 1097	1
3411 14942 181 14943 112 892 2015 821 10242	3411 6723 9127 181 3674 112 892 33 10242	3.8
1954 938 68 584 676 112 375 62	1954 568 112 127 1251 938 1992	2.6
811 1972 1630 1548 739 226 612 1426	811 1972 1939 1327 739 1506	0.8
669 1007 14909 1158 6 723 724 12 1361 1126	669 1007 14909 1158 6 9803 1299 112 852	2.6
659 1251 806 1992 2469	1960 806 353 2469	4.2
1406 3358 52 181 1079 850 1313	988 1661 4318 68 1079 850 1313	1.6
819 755 10565 865 1966 68 10367 7029	406 819 21 755 7097 14944 1264	0.8
12386 1212 14945 13118 12957 7563	12386 4845 7597 12 12957	2.8
22 1478 476 2106 68 14946 1928	1375 22 476 2106 68 14946 1928	3.8
14947 14948 729 112 1248 11048	1248 653 1466 759 14948 112 6823 676	4.5
956 1020 3473 779 14949 164 150 44 971	956 1020 2088 226 14588 1435	2
14581 105 1242 4650 4097 1522 1619 198 832	6306 105 1242 14582 808 1525 198 832	2.2
7738 288 135 7943 135 851 7721 1665 150 1403	1193 809 1821 68 11765 851 14950	2.8
1248 676 7107 779 841 14951 6 691	1248 676 7107 779 2460 12 1264	3.4
1951 738 729 739 8071 729 21 1478	16 1951 2942 706 21 1478	0.8
7222 84 23 6745 7375 1470 2942 21 14952 33 672	1668 1812 1284 6 7428 842 7862 2942 21 1471	1.4
7536 1944 1028 186 22 14953 6 11115 12200	1008 7536 1944 1028 186 697 8302 7135	3.4
708 1020 1358 344 1424	22 1020 1358 344 1385 6492 10504	0.8
14545 68 10276 7299 11458 21 883 831	1184 14954 14955 1519 26 883 14932	0
1187 706 21 22 737 738 21 743	1008 737 738 739 1555 21 743	3
22 7969 1265 21 6639 729 14956 729 721 698 5952	6639 7969 819 21 6639 721 698 5952	3.4
1169 5442 14957 105 5041 9413 33 1905 112 271 729 14958 14959	5442 11076 105 9 9413 30 39 335 68 611 6522	0.2
669 1007 122 68 8111 7833	669 1235 14319 68 8111 1853 12 7833	4.4
14960 10167 6 1517 457 1716 112 892	13875 3425 68 224 2473 12 2576	0
14961 14734 33 14962 14738 414 701 21 10607	14733 14734 33 765 414 701 226 1306	4.2
3534 2590 890 1022	3534 2590 1339 1455	2
6120 105 22 6 2434 1366 55 485 544 14963	6120 105 22 6 2434 1366 77 68 14964 14963	4.4
2434 1397 5585 63 485 708 1309 1805	1515 1518 970 26 1307 112 1309	0.8
669 1007 14965 670 7618	832 709 1077 6834 670 7618	4
1970 7309 1453 551 68 1022 113	1970 7309 1453 12173 140 3475	4.4
1130 6117 779 1523 4586 21 1089	1130 6117 52 848 21 495	1.4
956 1020 1454 344 14588 777	956 1020 1358 1022 777	1
7807 8328 112 729 10474 729 9123	22 14791 14966 112 972 1241	0
22 737 738 739 192 1489 21 743	737 738 739 1479 1568 1489 21 743	3
832 839 2473 12304 1158	669 839 1840 198 12304 1158 6934	4.4
1008 1088 14967 1842 68 2473 2944 6 1580	22 1088 14967 1842 68 2473 1580 6 2944	4
659 33 731 2983	659 33 731 21 2983 1054	4.6
8683 714 186 7317 428 226 612 1254 701 6 14968 519 764	5353 1008 11016 2473 609 701 21 6650 18 6 609 2455 519 764	2.6
9320 6 650 1548 26 334 6 1165 21 375 943	650 30 9320 224 350 112 375 943	2.2
7425 84 14969 176 3201 832 1384	7425 7055 22 12 14970 669 7907	3.33333333333333
1301 862 4742 21 723 1251 938	10193 21 755 806 3741	1
1595 1037 5309 1022 758 112 806	850 30 789 7502 506 112 851 852	0
16 706 21 1079 1520 738 26 899 105 14468	192 1876 21 909 26 899 6 1489 14971 831	2
7536 1944 1028 186 697 7135 6 14972 700	7536 1944 1028 186 697 14953 6 1415 4586	3.2
61 1951 1315 706 21 7973 1478	923 1315 706 21 7095 1478	3.2
642 10706 4092 711 1079 920	642 33 10706 1353 772 1079 920	4.2
7283 698 739 1423 1554 8071 105 841	7283 698 739 192 1554 7908	2.6
1383 1967 3214 1774 1320	1383 1967 3214 68 669 1320	3.6
916 653 68 3048 6544 656 3455 517	916 653 68 3048 14973 3166 656 517	1.4
16 1876 21 832 1141 779 662 11210 3040	16 2559 1977 1292 112 14974	0
10724 8 3 676 226 3 946 758 2223 3017	3 1251 14975 150 3 946 758 2223 3017	2.8
8053 6 14976 706 21 832 6 84 14977	832 1579 842 601 669 1013 105 14977	1
8385 649 676 33 769	8385 649 676 14309 33 769	4
1687 14978 8 398 913	708 14867 8 5041 7271	1.2
888 12 1945 33 1441 14979 14980 8 14981 11605	888 12 1945 7549 865 11700 14982	2.8
1683 7896 6900 806 68 3290 843	1683 7896 7577 806 68 3290 843	4
783 1710 84 7656 8333 68 3135 21 832 68 224 1241	783 1710 7656 832 897 68 2592 1241	4.4
669 1007 1189 8071 26 1935	669 1007 6 839 1548 1774 1383	0.8
1092 719 6570 637 3718 1718 276	1092 719 975 3718 1334	4.4
1414 6 1284 1677 21 832	1414 6 1284 63 832 756 3136 1368	3.4
5678 5369 5598 3756 14370 729 68 2377 39 3669 30 11795 14983	5678 5369 5598 105 3756 14370 68 46 39 729 3669 30 11795 3040 729 6 84 14984 14985	4.2
7160 33 2663 2592 14986 12 1008 1313	7160 1732 229 156 1706 26 14986 1313	2.4
14987 4626 1342 14988 10793 14989 12934 5032	7525 2531 1497 1293 6768 4598 105 5032	0.2
406 701 21 7122 14990 1089	14991 841 1975 1555 10327 21 7429 10619	0.4
4584 3135 686 5353 832 1166 12 1252	4584 3135 686 5353 832 150 9514	3.8
708 7339 7821 68 14845 544 7342 1435	708 7339 14992 68 14993 544 7342 1399	2.8
843 701 21 6478 27 1603	192 1889 21 9120 27 1603	1.4
910 10978 13599 739 16 1568 1489	910 841 1189 701 1568 1489 21 13742	3.2
22 806 105 9378 9320 14994 14964 63 14420 650 1342 1115 385	9320 14994 806 68 650 21 2760 1142	4
14995 938 21 10167 1589	14510 33 10167 938 39 540 112 676	3.2
743 3025 901 808 14996 2411	743 3025 901 808 729 14997	3.8
14286 68 441 669 1619 21 1383 1451	14286 68 441 669 1619 21 1383 211 850	3.8
802 33 8299 21 7209 112 1283 14998 10386	7681 757 5586 68 7209 112 10386	3.2
14271 14272 37 7259 21 63 968 1756	1523 14271 14272 84 181 68 7643 14999	1.6
9514 1774 899 6784 68 546 1774 15000	304 2015 821 466 854 10574 1550 15001 15002	0
7536 1944 1028 186 8302 965	1008 7536 1944 1028 186 697 8302 7135	3.6
9320 1342 277 21 7989 15003 7598	9320 1342 15004 7598	1.5
7830 154 68 1975 2097 33 15005 63 6731 105 6306	7830 2017 2097 13170 15005 63 6731	4.2
22 1315 1882 12 1554 12957 13447 8165 6249 7878	22 1315 1882 12 1318 1554 8071 8234	2
10676 906 711 6834 718 105 912	15006 906 711 15007 15008 6 910 105 912	1.6
22 5395 82 14308 15009 14414 2834 63 1958	22 15009 14414 2834 63 1958	4.4
11443 8464 105 9557 5271 21 2559 33 375 15010 319	9557 15011 304 62 779 375 319	3
12559 5152 186 12041 601	12559 5152 186 853 12041	4.8
832 21 897 14547 1142	669 897 10574 11600 1656	1.8
15012 8180 1850 6161 198 1693	15012 8180 15013 6161 198 3891 758	4.2
15014 108 1959 26 14902 6 3618 1550	10325 1877 68 1103 7100 6 899 1838 229	0
15010 691 21 720	39 854 12 11614 21 720	2.25
1079 1986 1970 3011 68 7210 1424	12818 105 1970 5702 1734 68 1358	3
708 33 15015 4598 15016 68 5277 7231 21 3290	708 33 1432 15017 4598 15016 68 15018 7231 21 3290	2.6
1158 7591 1693 739 9945	1158 8323 739 5070	2.6
1119 6803 1837 706 21 9120 1603	1258 506 112 9120 1603 1641	2
4720 21 7095 864 842 192 6 4782 2677	4720 21 864 842 971 6 4782 15019	3
22 803 224 141 2665 26 1079 850 1313	7593 803 68 938 112 1079 676	0.2
14420 650 1705 22 275 729 485 851 834 489 133 15020	7004 1190 88 68 729 1876 52 834 21 15021	0.4
609 7043 772 21 3 14492 3207 428 181 4927	1423 7043 21 2776 2763 21 14492 9617 1245	1.8
15022 729 12610 2876 1264 544 15023 15024	44 854 2920 8 691 544 7965 5820	0.6
2930 13613 839 842 874 12559	839 842 16 874 12559 21 5353 13613	4
3263 7103 1351 706 21 1477 840	1517 105 743 6 892 628 68 224 23 39 2665 1166	0.8
7266 701 21 659 2602 1141	226 612 7835 1876 21 1960 2602 5503 7670	3.2
1384 21 8190 1572 1716 226 612 1146 701	1363 708 11155 842 226 612 2677	0.2
1501 8683 288 7691 21 7666 15025 105 15026	1501 8683 1331 15025	3
899 1489 1693 6758 7043 186 831 6 1555 4586 105 841	14302 1693 1479 7043 186 831 428 181 4927	2.75
10724 52 374 1236 15027 779 623 126	10724 52 2901 1236 15028 15029	1.5
1255 2289 1568 1006 12121 2840 8 499 18	1255 2323 68 1303 1006 12121	3.2
7103 1037 6007 226 10774 15030 709 14474	743 10774 105 7132 961 112 696 2942	2.4
15031 21 852 52 708 3403 808 1475 7733	650 10611 1239 852 21 708 779 832 5382	1.2
