39 4803 12 4977 5027 52 39 4917 2180 18	16 4977 2940 52 4917 3061 18	4.40
39 8394 792 21 3 1767 18	39 1278 8395 21 3 1767 18	0.60
601 1157 3404 26 515 1774 39 3629 18	3 601 1157 176 5420 26 30 8 39 3629 18	4.60
39 1040 3627 1658 198 3 1767 52 39 946 2180 21 453 4975 18	39 1040 3627 8396 109 12 3 1767 52 39 946 2180 21 271 4975 18	4.80
39 2065 21 39 4917 8397 30 8398 8399 8400	39 3333 2065 8401 39 8402 30 8403 8404 37 26 39 5628 18	0.40
39 6095 3627 8405 39 3936 21 1820 12 39 1118	39 3158 12 510 8396 26 3 2482 12 39 8406 2310 18	0.00
3 6095 30 946 3627 8407 21 39 8408 8409 18	39 6095 30 946 3627 8407 21 39 8410 8408 8409 18	4.60
16 8411 4977 3800 3461 808 3 3669 4561 18	16 8412 4977 4490 21 3669 4561 18	4.60
39 1061 21 39 783 8413 37 869 1519 3 6414 18	39 8414 3627 21 39 783 2875 8415 26 3 4561 18	0.00
16 4977 2940 21 3 4561 18	16 4977 5027 21 3 7319 18	2.80
39 1040 30 6095 3627 5595 2423 3 8416 18	39 3627 4490 2423 3 8416 18	4.00
3 16 4977 176 4490 26 3 4561 18	16 4977 176 5027 21 3 4561 18	4.40
16 4977 176 4490 21 39 8417 2574	16 4977 4490 2423 39 8417 2574 18	5.00
3 432 37 5421 1774 3 1767 21 4560 8418 18	3 1061 8419 198 61 8420 2732 68 3 261 21 3 874 18	0.00
601 510 4491 226 39 8420 2732 3801 12 39 965 8421 95 39 3042 6827 18	601 510 4491 226 146 3770 2732 21 1820 12 39 965 8421 95 3 3042 6827 18	4.80
39 3333 2065 1239 129 39 1920 1226 18	39 1294 2065 1239 2893 39 1542 26 39 1853 2590 18	0.60
39 1130 37 7918 8 39 4271 360 39 8422 380 1767 18	1130 5421 8 2478 26 39 8423 52 39 6857 12 1767 18	0.60
39 1130 8415 30 7576 39 2820 18	3 8415 1130 37 7576 39 959 2820 18	4.60
1130 869 39 8424 1519 39 4897 311 18	39 1130 869 39 8425 1519 39 8426 1532	2.60
39 1130 8401 146 2695 8427 1897 68 243 63 49 2787 21 3 7319 18	39 1130 30 867 8428 611 2655 4890 4491 3801 226 39 2732 18	0.60
39 3627 8407 2423 3 1767 18	39 3627 8401 39 8429 37 4490 2423 3 7319 18	1.40
1092 8430 3812 2423 1040 8431 323 510 7073	39 3627 5890 2423 39 8431 18	3.20
39 3627 37 3812 129 21 3 1626 68 6358 39 6897 18	39 1040 3627 5890 21 3 1626 68 6358 39 6897 18	4.00
39 3333 8432 2065 30 39 1061 176 5027 26 39 277 5802 18	39 4981 2065 30 1294 1061 176 5420 141 68 39 3867 30 39 5802 18	2.40
39 6095 3627 8433 26 39 8403 518 18	39 625 37 8434 186 2759 8403 1767 18	0.00
3 16 5042 2940 21 3 2574 18	3 16 510 65 623 3073 5096 52 8435 18	0.00
3 6095 3627 5595 26 3 7319 52 39 946 2180 21 271 4975 18	1479 4977 2940 21 3 7319 52 3 1853 8436 3201 139 18	1.80
39 3158 12 510 5420 21 3 2590	39 867 4758 39 6637 3158 12 510 5420 21 3 2590 18	2.60
39 3627 5595 26 6095 4561 18	39 8437 3627 5595 2423 3 1467 4561 7576 39 5602 2180 18	2.20
3 16 4977 176 4490 2423 3 4561 18	601 4977 3800 21 3 7319 18	2.20
3 1130 30 16 3333 5042 4519 26 39 8438 18	39 1130 30 16 5042 4519 26 39 8438 18	4.60
39 1130 5033 146 2696 6 5421 21 3003 18	39 1130 8439 21 39 3003 51 5033 146 2696 18	5.00
39 1061 52 39 3619 8440 37 8441 21 39 7631 18	39 1061 52 39 3619 8440 37 2907 18	4.00
1061 2794 8442 26 39 8443	39 1061 284 39 3439 26 39 8443 18	4.80
16 3333 7306 8444 673 261 21 3 4561 18	16 3333 7306 7576 673 261 26 3 8417 2874	4.60
16 946 4977 176 8396 2423 8445 946 7319 18	16 946 4977 2787 2423 39 5147 888 12 1824 7319 18	4.60
1479 7306 21 8446 176 5027 8447 226 3 8448 18	1479 1156 21 8449 176 5027 8447 26 3 8448 18	4.80
39 8394 8450 1153 3 1767 18	39 8394 8450 380 3 1767 18	4.80
39 3627 37 4490 2423 39 8451	39 8452 3627 37 4490 1814 39 4627 311 18	1.40
601 4977 5027 21 3 7319 18	601 4977 176 5027 21 3 1767 18	2.60
39 1294 2065 52 39 8453 21 395 3715 37 4595 395 7372 18	39 1294 2065 21 39 4917 8397 30 8454 37 869 26 39 8455 18	1.20
39 1130 30 39 867 7073 16 4977 18	39 1130 21 39 8456 8457 927 8458 26 39 4520 26 39 8459 18	0.40
39 1130 8439 8 39 8460 343 226 3 1767 18	39 1130 5890 360 39 7120 186 3 1767	1.33
39 3333 2065 270 1519 39 8461 6786 18	39 3333 2065 8462 360 39 8463 5628	1.80
405 510 176 21 3 8424 8464 6 2499 61 1130 21 39 8465 4487 18	39 1130 869 26 39 8465 8466 18	2.60
39 3158 12 510 176 8401 8467 4308 18	39 3158 12 510 5463 21 39 2502	0.80
39 3627 21 39 135 8468 135 8397 8469 26 39 8470 18	39 6095 3627 21 39 8468 8397 37 8433 26 39 8403 8470 18	4.00
39 6095 30 946 3627 37 4490 2423 3 7319 18	39 6095 30 946 3627 37 4490 26 3 4561 18	2.40
3 946 30 6095 3627 5595 1153 3 4561 18	39 6095 30 946 3627 5595 1153 3 4561 18	4.80
39 1130 30 39 867 176 5420 21 1820 12 39 965	16 7306 176 5421 26 146 8471 26 3 8472 21 1820 12 39 828 18	0.40
39 6095 3627 37 8441 453 5125 26 39 8473 5402 18	39 3627 8439 52 453 5125 26 39 8473 2160 18	3.80
39 3333 2065 52 8474 8439 30 1239 16 1137 8475 18	39 2065 21 8474 37 343 808 16 1137 8475 1774 39 8476 283 18	2.60
39 1325 946 30 6095 3627 37 3812 808 39 8477 1542 18	39 6095 30 946 3627 3812 808 39 783 30 1467 1542	3.00
16 4977 176 4490 2423 39 8417 283 18	16 4977 4490 2423 39 8417 2574 18	4.80
4974 5027 2180 21 3 874 18	16 4977 5027 8 3 8478 18	0.60
39 1130 37 8462 26 39 4520 380 3 1767 18	39 1130 21 3124 2702 8462 26 4619 1852 226 1786 18	1.60
39 1130 21 39 7912 927 37 869 39 4487 1519 3 8426 1532 18	39 1130 37 1374 39 959 1542 68 430 2617 198 39 1226 18	0.20
16 1425 14 30 1425 867 4491 21 1040 8479 8418 18	16 1425 14 30 39 867 176 8480 21 8479 8418 18	4.60
39 1040 30 946 3627 37 4490 21 39 8417 4634 8481 8 39 946 3629 18	39 1040 30 946 3627 37 3812 808 39 8482 18	2.20
3 3158 12 4945 37 8441 21 1820 12 39 1824 18	1412 4945 2433 52 623 1594 21 1820 12 39 1824 18	4.80
39 2065 5027 37 39 4556 12 8483 3961 18	39 1294 2065 2669 21 39 8484 12 8483 3961 18	5.00
146 8485 1130 37 5420 3801 21 1820 12 39 8486 18	39 867 7910 21 3669 37 870 5652 3801 226 146 2069 18	0.00
8487 1130 52 8488 2002 18	39 8489 8487 30 4976 271 8488 2800 18	4.60
1602 510 5420 26 39 8490	1602 510 26 39 8490 18	4.80
16 7306 21 8403 30 8491 8492 30 959 8493 176 5420 141 68 39 959 5 8494 18	39 867 6 39 1294 1061 6 30 39 2891 4981 176 5420 21 1820 12 39 8495 7150 18	1.20
3 946 3627 5595 1153 3 7319 18	39 946 4941 1102 1814 8496 2874 30 8497 39 5334 26 3 7319 18	1.40
39 3333 1061 21 39 6095 8498 5027 52 7319 18	16 4977 176 5027 21 3 7319 18	1.20
601 8499 176 3812 109 12 39 8409 21 1820 12 39 8500 12 510 18	39 1130 37 4431 39 8501 21 1820 12 39 94 12 510 18	0.60
39 1130 4595 129 39 277 7120 18	39 867 4595 129 39 959 7120 18	2.40
39 946 30 6095 3627 37 4490 808 4561 18	39 6095 30 946 3627 37 4490 1153 3 4561 18	4.60
3 3627 37 4490 2423 39 2574 18	39 3627 5595 2423 39 2574 18	4.80
39 1040 30 946 3627 37 3812 186 3 1767 18	39 946 3627 5595 1153 3 1767 18	2.80
1130 37 7262 39 5436 1041 1519 3 8490 18	39 867 37 869 39 8403 8424 21 39 874 18	0.00
39 1130 8401 39 8502 115 84 135 8503 135 8504 226 3 8505 452 68 5623 18	39 1130 8401 39 8397 115 84 135 8503 135 37 5420 226 39 1820 3532 283 52 271 2285 68 3 2820 18	3.40
39 3591 30 39 8506 21 39 8507 7683 18	39 946 3627 26 39 8448 37 7262 39 4327 21 453 4975 18	0.00
16 959 4977 4490 21 233 4561 18	16 8508 4977 4490 21 3 4561 18	4.20
39 3627 8408 52 39 4327 21 23 33 4975 18	39 3627 4490 52 39 4327 21 23 33 4975 18	2.60
39 867 37 5421 129 8509 52 395 396 8441 26 395 4642 18	39 1130 511 37 8441 271 396 26 271 4642 18	2.20
39 3333 1061 3812 186 39 8459 18	3 1061 37 3812 186 39 8459 18	4.60
39 1130 5027 8510 52 16 6095 4977 18	39 867 2669 52 39 6095 3627 18	2.33
39 8511 30 946 3627 8512 39 2180 26 39 8513 311 18	39 959 3627 1102 1814 39 8513 311 21 3 8416 18	2.00
39 3627 37 4490 1153 3 8472 52 39 4327 21 23 33 4975 18	39 3627 37 4490 2423 39 8514 52 39 4327 21 453 4975 18	3.60
39 1130 37 5420 21 1767 1774 39 8515 18	39 1130 8516 21 3 1767 30 8517 39 1767 3473 18	3.40
39 1040 3627 37 8518 16 6324 26 3 8478 12 3 963 18	39 3627 37 4490 1814 3 8448 8519 3 963 18	2.60
39 1130 30 39 867 26 39 8520 18	39 1130 30 867 4491 26 39 874 8520 18	3.60
39 8511 3627 5890 129 68 6358 39 5602 2180 18	39 783 3627 5890 146 5624 39 5602 2180 21 453 4975 18	3.00
3 1130 37 3812 186 3 1767 18	3 1130 37 129 21 3 1626 18	2.40
39 867 21 39 1040 8397 8504 21 1820 12 8521 226 39 4352 3404 18	39 867 8401 1040 8504 21 1820 12 39 8522 8486 18	2.40
39 639 37 3812 186 39 8408 8409 18	39 3627 3812 186 39 8408 8409 18	1.20
39 1294 1061 3812 198 61 668 68 243 18	39 3333 1061 3812 198 61 668 68 243 21 271 758	4.80
39 2065 8458 395 447 6 8437 3715 21 39 8459 18	39 625 869 39 4627 4487 18	0.00
16 4977 5027 8 3 8478 18	16 4977 5027 21 3 7319 18	2.80
39 1294 2065 1102 26 39 8523 52 8403 8524 21 3 8525 18	39 1130 270 808 39 4519 26 271 4487 52 39 825 21 3 8525	0.00
39 6095 30 946 3627 37 8396 129 8526 2064 18	39 1040 30 946 3627 8527 21 3 7319 18	2.60
3 6095 3627 37 8433 1519 26 39 8403 4322 18	39 6095 3627 30 16 1040 4977 21 146 8528 8417 2574 18	0.80
16 1156 5421 26 39 8520 6 623 844 8529 6 52 61 867 7262 146 8530 1810 30 3 261 867 21 39 8531 7319 946 8532 18	39 2065 8439 26 39 8520 7576 146 8530 1810 141 68 243 2065 21 39 8483 8533 18	2.20
39 5541 30 16 7306 176 8487 226 3 2820 18	601 4977 6 61 946 30 16 6095 6 176 4490 3461 26 39 2574 12 4561 18	0.00
39 3627 8408 52 39 4327 21 23 33 4975 18	3627 8408 21 3 1767 52 39 4327 21 453 4975 18	5.00
39 1040 8534 2669 21 3 7319 18	39 1040 8534 8527 21 3 7319 18	5.00
16 7306 7576 129 39 8535 366 8536	16 7306 7576 7285 176 5420 21 39 2574 18	1.40
601 5042 176 4490 26 3 8448 5027 39 3217 18	16 3333 5042 30 61 3333 1130 3800 26 39 8448 52 1767 3201 139 18	3.20
39 2065 37 8401 39 4917 8537 30 8538 8539 18	39 3158 12 7306 8504 8401 8540 8541 30 8468 2520 18	1.60
16 4977 3135 21 3 7319 18	16 4977 5420 21 3 7319 18	2.40
3 1130 30 16 3333 5042 4519 26 39 8438 18	39 1130 30 16 5042 176 8542 26 39 8438 18	4.80
39 1130 8401 39 8412 8498 5420 26 3 2482 12 39 2590 18	39 1061 8401 39 8403 2848 8498 37 7576 2893 3 2482 12 39 3669 1278 18	0.60
39 6095 30 1040 3627 37 3812 68 6358 39 783 2180 18	39 6095 30 1040 3627 5890 112 39 783 2180 18	5.00
3 8511 3627 5595 2423 3 1716 18	3 946 3627 5595 2423 3 963 18	1.80
39 946 30 1040 3627 37 3812 186 39 8409 18	39 867 21 39 1040 8543 37 5420 21 1820 12 39 8544 18	0.00
39 1040 30 946 3627 37 7262 39 4327 21 453 4975 18	3 1040 30 946 3627 275 39 4327 21 271 5125 18	3.00
39 8545 5890 39 3629 18	39 8545 3812 808 39 3629 18	5.00
39 1294 2065 1239 39 1538 4327 18	39 1294 2065 8408 21 39 8409 18	2.20
39 1040 3627 5890 2423 3 1767 18	39 3627 1102 2423 3 7319 18	2.40
39 3158 12 510 21 1820 12 39 783 1693 8486 18	39 3158 12 510 176 5420 1064 39 783 1693 8486 18	4.20
39 1061 5890 186 3 8403 8409 1767 18	3 3333 1061 37 3812 186 3 8409 26 271 6015 18	3.40
39 8546 3627 37 8547 39 2180 21 453 4975 21 3 7319 18	39 1294 8546 2065 37 5421 26 39 3669 668 18	0.00
601 1157 30 5027 30 8432 26 3 3548 18	601 1157 5027 26 3 3548 18	3.80
39 1130 8439 52 8548 8549 1774 39 974 12 1767 18	39 1130 8439 26 39 7120 141 68 39 8550 3724 668 30 39 8548 1542 18	3.40
39 867 30 39 3627 5420 21 3 4561 18	39 1130 8551 39 1226 323 5420 21 3 7726 18	0.00
39 1130 21 39 8403 8397 37 4490 21 39 1211 2574 18	39 1130 8401 39 8403 8402 30 8397 37 869 39 946 4779 18	1.00
39 867 21 39 1040 30 2695 8498 8552 39 4327 112 39 6095 30 1040 3627 68 8510 18	3 1130 21 39 8403 8498 37 5420 21 39 8500 18	0.00
39 1040 3627 4490 2423 1767 18	39 1040 3627 37 4490 2423 233 1767 18	4.80
1157 3812 26 39 8438 18	39 1130 37 8553 26 146 2695 6786 18	0.00
39 959 6095 3627 37 8415 21 39 8417 2574 18	39 6095 3627 37 4490 21 39 2574 18	3.00
39 1130 8554 8555	39 1130 6576 8555	5.00
39 3627 5595 2423 3 4561 18	39 3627 5595 2423 3 7319 18	2.20
3 2065 52 3 8403 8556 8557 8558 3 8423 18	3 2065 21 3 8559 8498 37 8396 1774 3 7135 18	0.40
39 8560 8561 2423 3 7319 18	39 6095 3627 7262 39 8562 5595 2423 3 7319 18	0.20
16 510 176 5027 5605 26 39 5605 2486 18	16 510 176 26 39 5605 2486 5027 5605 18	5.00
39 1061 30 39 2065 5027 26 3 8448 18	39 3627 5027 21 3 3117 52 39 2180 18	0.80
39 3627 4490 1153 3 7319 52 39 8563 21 23 33 4975 18	39 8511 3627 37 4490 2423 3 4561 52 39 1467 6897 21 453 4975 18	2.40
3 639 21 3 783 8427 8564 21 3 783 8565 18	3 3746 37 6285 68 6268 3 783 3868 12 2821 18	0.80
16 4977 2940 21 3 4561 18	16 4977 176 5027 21 3 4561 18	5.00
39 3158 12 510 3404 21 3 8472 343 109 226 3 1767 18	39 3158 12 510 176 5420 26 3 8448 21 1820 12 233 1539 18	3.20
39 639 21 39 8403 30 946 457 8566 8518 39 2602 2180 18	39 3333 1061 21 39 8403 2602 8566 8518 39 2180 18	4.00
39 8567 5574 8462 226 39 5503 18	39 6153 5574 5615 3 2180	2.80
39 1040 3627 37 4490 779 39 946 3627 21 3 7319 18	1040 3627 8518 6095 3627 2423 7319	1.80
39 1130 37 8568 8569 4097 198 3 2820 18	39 1130 37 1858 8569 26 3 1767 18	2.80
39 1325 1061 37 965 52 233 1538 3025 18	39 1325 1061 8401 39 8403 8397 8570 1538 3025 18	4.00
39 1040 3627 37 4490 21 3 4561 18	39 1061 4490 2423 3669 4561 18	1.00
39 1294 1061 30 39 1294 2065 5027 3461 3801 18	39 3333 1061 30 39 3333 2065 8396 2666 673 261	2.00
16 510 4491 26 3 748 12 39 8460 18	16 510 5421 26 39 8460 18	4.20
16 4977 21 39 8571 18	16 4977 21 39 4925 18	2.00
39 1130 8572 39 3627 2661 68 6121 3 8573 68 549 39 2940 283 18	39 1130 6785 271 1040 30 946 3627 63 23 1077 26 146 8574 2486 18	2.20
3 959 6095 30 946 3627 37 4490 2423 3 7319 18	4443 8575 3627 4490 21 3 8526 2574 18	4.00
39 1325 946 3627 4490 1153 39 4560 18	39 1325 946 3627 4490	3.20
3 946 30 6095 3627 37 4490 4347 2423 3 4561 18	3 277 946 3627 37 4490 21 3 4561 18	3.40
39 781 1130 30 867 8576 112 39 345 18	39 1130 21 867 7910 8577 8576 112 39 345 18	2.00
39 1130 30 39 867 2787 52 39 946 3627 26 39 8578 18	39 1130 6 867 30 3627 2787 1519 39 8426 1532 18	4.00
39 1467 3627 37 5027 21 39 8417 283 1774 8579 18	39 2065 37 5027 26 39 5628 18	0.40
39 1061 2669 52 39 8580 8 3 8409 18	39 1061 2669 52 39 8581 8580 6897 8 39 8409 18	4.60
16 277 6095 4977 4490 2423 3 7319 18	39 6095 3627 4490 2423 3 4561 18	2.00
39 3333 1061 5890 186 39 8409 52 8582 1368 18	39 3627 5890 186 39 8410 8409 18	1.20
39 2065 1239 129 39 1467 7946 5094 18	39 639 1239 39 1467 7946 18	4.00
16 4977 3776 39 6897 21 39 2574 12 8583 18	16 8584 176 21 3 1626 808 3 7319 18	0.17
39 1040 3627 37 4490 21 3 4561 18	3 1040 3627 37 4490 2423 3 4561 18	4.80
39 8585 8586 6338 21 946 8587 112 3 2820 18	39 1040 30 946 3627 5595 52 453 4975 1358 18	0.00
39 3627 5595 2423 39 2574 8518 39 2180 18	39 639 5595 2423 3 4561 18	0.20
16 7306 176 5421 21 1820 12 39 7150 18	16 8546 7306 176 5421 141 68 39 7150	3.80
39 3333 1061 8401 39 783 6223 8427 37 5033 30 7576 129 39 8115 1032 18	39 3333 1061 8401 39 783 8427 8588 39 3966 1032 18	4.00
39 2065 21 2695 3949 39 8589 18	39 2065 21 146 2695 8397 3949 8590 18	4.00
39 946 3627 5595 2423 39 2574 12 1467 8579 18	39 3627 52 39 783 2875 5595 21 39 7683 21 3 2951 12 6223 18	1.60
146 4986 5421 26 39 8591 8592 808 68 6574 3 1139 12 146 8485 1061 18	39 1061 511 188 4938 37 2035 5126 21 3 1139 8 39 3746 18	2.20
39 3627 8593 360 1767 18	39 3627 8593 1767 360 18	5.00
3333 5042 4490 1814 3 8594 18	39 1040 3627 4490 1814 3 1021 12 3 963 18	0.50
39 3333 639 8595 1519 146 2695 6786 18	39 1294 1061 21 8596 8597 8595 1519 146 2695 6786 18	3.67
39 1040 30 946 3627 4490 2423 233 783 30 946 8549	1040 30 946 3627 21 5007 114 5420 26 8598 8599 18	1.60
601 4205 176 8400 26 4901 3201 39 135 181 4902 135 1226 18	601 510 26 4901 176 5420 3201 39 181 4902 1226 18	4.40
39 1130 21 39 946 927 1102 1519 3 2590 7576 39 710 18	39 1130 21 39 946 927 1102 3801 7262 39 710 18	4.60
39 1040 30 946 3627 8408 21 2759 1767 18	39 1325 1040 30 946 3627 37 8408 21 1767 18	4.20
16 8464 4977 3800 21 3 8600 18	3 1130 37 270 186 3 1767 18	0.00
39 3333 1061 3812 186 39 8409 115 84 135 181 8434 135 18	39 1061 5890 186 39 8409 323 8601 7073 18	3.20
39 1040 3627 52 39 8403 2875 37 4490 21 3 7319 18	39 1040 3627 8401 39 8403 2875 37 4490 2423 3 7319 18	5.00
1040 30 946 3627 4490 2423 1767 18	39 1040 30 946 3627 37 4490 2423 4561 18	2.60
39 3627 37 4490 5959 3 2820 18	39 6095 30 946 3627 4490 26 4561 18	0.80
601 4977 4490 21 3 4627 18	3 1467 3627 37 4490 26 3 4627 1532 18	1.40
39 1061 8462 26 39 5628 18	3 2065 37 26 39 5628 18	2.40
39 3158 12 8602 8603 21 8459 1767	405 1157 176 5027 30 8408 21 3 1767 18	4.40
39 8403 30 946 2602 457 5027 544 673 261 18	39 6962 867 52 395 1139 8421 37 5096 21 8600 18	0.00
16 4977 4490 21 3 7319	39 3627 8433 21 3 7319 18	2.20
39 3138 3627 37 4490 2423 3 7319 18	39 1788 12 8413 4977 3864 39 8413 2423 39 7304 18	1.40
39 6095 3627 293 68 6358 39 3669 8562 18	39 6095 3627 8604 112 3 8562 68 1206 1519 211 8547 23 18	3.80
39 8605 26 39 1853 2590 18	39 8605 21 3 1626 226 39 277 6 3770 8606 18	2.60
1479 1157 26 8607 21 39 8608 18	1479 1157 4491 26 8609 1032 8607 226 39 1467 30 8412 1032 18	3.60
1061 30 946 3627 4490 21 8417 2574	39 1061 30 39 3627 4490 26 4561	4.40
39 1040 30 946 3627 37 8408 21 39 959 3669 8459 18	39 1040 3627 5595 4883 186 8610 1767 18	2.20
16 959 1040 4977 176 5027 21 39 8417 2574 18	16 946 4977 176 4490 3461 18	2.20
16 5042 5027 39 3217 12 2512 3061 18	16 5042 176 5027 2512 3061 18	5.00
3 6095 30 1040 3627 8611 1153 3 7319 18	39 1040 3627 37 4490 4347 1814 3 2874 18	2.80
3 1130 21 3 4943 504 68 271 2767 18	146 4258 3391 8401 39 4943 1102 30 504 68 3 2767 18	3.80
146 1195 1130 21 39 8403 8397 37 7576 129 39 3868 12 8612 3932 18	39 1040 1130 37 8396 141 68 39 965 21 39 277 1853 18	0.00
16 8613 3333 5042 5027 52 8472 21 3 1767 18	16 4977 176 8593 1767 360 18	0.40
3 1040 30 946 3627 275 453 4975 5250 1358 18	39 1040 30 946 3627 5890 21 3 7319 18	1.80
39 1325 3627 5595 2423 146 8574 2486 18	39 1325 3627 3812 808 146 8574 18	3.80
39 2065 8614 21 39 5585 758 18	39 2065 8615 95 39 1130 21 8532	1.20
39 6095 3627 4490 2423 3 8416 18	39 6095 3627 5595 2423 3 4561 18	3.20
39 3158 12 510 176 5420 8 39 3727 2778 392 18	39 3158 12 510 3404 30 568 68 273 392 18	3.40
39 3627 37 3812 808 39 8573 226 39 8616 2407 18	39 3627 3812 808 146 8574 2486 3629 18	4.40
601 510 8464 26 5003 8617 18	601 5003 8618 3790 39 6902 18	3.20
61 946 1061 30 61 1040 1061 3404 52 1368 1064 673 261 18	16 3333 5042 6 61 946 30 61 1040 6 176 5420 52 623 1368 1064 673 261 18	4.80
16 1156 8619 176 8396 623 4977 21 39 3627 1367 18	16 1156 2787 32 4977 226 39 3627 1367 18	4.80
16 14 26 3 2482 12 39 8620	39 1130 37 6065 3 4561 52 447 3715 30 8621 18	0.00
39 6095 30 946 3627 37 8547 39 5602 2180 323 5420 26 453 8598 8599 18	3 6095 30 946 3627 37 7262 39 4327 21 271 4975 18	1.80
39 6095 3627 21 4490 26 4561 18	39 6095 3627 5595 2423 3 4561 18	4.80
39 8437 1040 3627 52 39 783 2875 37 21 3 825	39 1040 3627 52 39 783 2875 8622 2423 3 1767 18	4.00
39 625 37 869 623 4487 26 39 7852 141 68 3 8416 18	39 1325 639 21 39 1467 8397 37 7576 623 1368 109 68 3 1860 18	0.40
39 867 21 39 1040 7912 8623 21 1820 12 39 8624 8486 18	39 2065 8401 39 1040 1031 37 8487 52 39 8624 8486 21 3 8525 18	3.60
2065 5027 21 39 8625 52 395 8626 8627 18	39 639 37 5027 52 16 946 30 1040 8628 18	0.60
16 510 176 8396 8 3 963 18	16 14 21 8629 30 8493 343 226 3 2820 18	0.40
16 1294 7306 21 8398 176 8630 18	16 7421 8631 26 39 311 1774 3 8632 18	0.00
16 1157 5020 21 3 1767 18	16 8499 3812 186 3 1767 18	1.40
39 3627 37 26 3 8448 1774 39 2180 18	39 5541 37 270 129 112 39 8633 26 39 8634 653 18	0.60
39 3627 8635 1153 3 6095 4561 18	16 4977 3236 1153 3 4561 18	2.60
39 867 5027 52 16 3333 5042 226 39 874	39 867 30 601 4974 2940 226 39 874 18	3.20
39 3627 1658 520 3 1767 52 39 4327 21 453 4975 18	39 3627 5595 5959 3 2820 52 39 4327 21 453 4975 18	2.40
601 4977 5027 21 3 7319 18	3 1061 37 5027 21 3 8472 18	0.80
39 867 21 8404 2669 39 1608 3217 21 1820 12 39 959 2637 18	39 1130 30 39 867 176 8400 112 39 2764 21 1820 12 39 1467 8636 18	0.40
16 510 8396 1814 3 8478 226 8637 18	16 510 8396 1814 3 8448 226 8637 8638 39 3158 12 510 18	3.00
39 1130 21 39 927 8615 52 39 3333 2065 21 1820 12 146 8639 18	39 1156 8640 198 39 8403 8641 5808 68 39 5 18	0.20
601 1157 5027 26 39 3548 52 5021 18	601 1157 5421 21 3548 5027 52 1412 5021 18	4.20
39 3627 8551 39 8578 21 453 4975 18	39 8642 3627 8551 39 1040 8578 21 453 4975 18	4.20
39 1130 21 8404 37 5027 52 39 2180 323 39 867 21 8404 8504 8643 343 4097 18	39 1130 37 8644 39 783 8440 8645 1064 243 8646 8440 21 3 2590 18	0.00
39 1040 3627 37 4490 2423 3 7319 18	3 1040 30 6095 3627 37 4490 2423 3 7319 18	4.00
39 867 21 39 8398 8647 37 8433 26 39 3724 8648 668 115 37 5096 52 39 8398 3840 18	39 867 21 39 946 8397 30 1040 8539 26 39 5602 653 18	1.40
39 8560 37 8649 186 3 7319 18	39 8560 37 8649 1139 375 186 3 7319 18	4.00
39 3627 52 39 783 6897 21 23 33 4975 18	39 6095 3627 37 7262 39 4327 21 453 4975 18	2.20
16 5650 3195 3135 26 3 5003 18	16 5650 3195 21 39 5122 26 3 5003 18	4.80
601 510 3404 21 146 3770 3597 2061 18	39 2065 8504 920 26 146 8574 2486 6893 18	0.40
16 8650 2940 26 3 208 3548 12 623 1306 18	16 8651 2940 52 39 783 3775 6897 21 39 2574 18	1.60
39 3158 12 510 176 226 39 1170 8652 1137 8475 18	39 8500 12 510 226 146 3770 2069	2.40
16 4977 4490 2423 39 2574 18	16 4977 2940 21 39 2574 18	4.20
39 1130 21 39 8411 927 4069 129 39 8424	39 1130 30 39 867 5420 26 39 1853 2590 18	0.40
3 16 4977 176 5027 21 3 8571 18	16 4977 176 5027 26 3 4561 18	4.60
39 1061 8653 1519 3 8654 12 233 8655 8656	39 8605 37 3812 808 146 8574 21 1820 12 39 946 758 18	2.80
39 946 3627 37 4490 2423 3 1767 226 39 8448	39 946 3627 37 4490 2423 3 1767 2893 3 8478 18	4.60
39 1130 21 39 1040 6853 8498 37 2907 21 39 8657 721 18	39 1130 21 39 1040 6853 8498 1516 8509 26 3003 7961 18	4.60
39 3627 8658 808 39 8482 18	39 3627 8659 808 3 8482 18	4.80
16 14 176 5438 129 233 2500 8660	16 4977 176 8661 26 3 2874 21 3 7319 18	0.00
39 1040 3627 37 8396 26 3 4561 52 39 4327 21 23 33 4975 18	39 1061 1239 39 8662 52 39 4928 21 23 1454 68 3 2874 18	0.00
39 1130 30 867 6807 8663 18	39 1130 30 39 867 21 8474 6807 8663 18	4.20
39 2065 5595 52 4977 21 39 3811 2574 18	39 8412 3627 30 39 8511 3627 5027 26 39 8417 2574 18	2.20
16 4977 5027 21 3 7319 18	16 1040 4977 21 3 7319 18	4.00
39 8443 8664 39 3439 360 39 3185 3807 18	39 8605 5739 68 55 39 3439 808 39 8665 8606 18	3.20
39 3627 8659 360 39 8460 30 186 3 1767 18	3 1040 3627 8659 360 3 8460 30 186 3 1767 18	4.00
39 3158 12 611 14 8396 1519 3 2590	39 432 8396 1519 3 2590 18	2.00
601 4977 5420 21 7319 141 68 39 8403 3629 18	601 4977 2940 21 3 8666 141 68 39 2913 8478 18	2.20
39 1040 30 946 3627 37 4490 2423 3 2574 18	39 1040 30 946 3627 37 4490 21 3 4561 18	4.80
39 1061 21 1040 3117 271 1368 323 261 510 176 3201 214 26 39 2574 18	39 1130 21 39 1040 8397 37 870 8667 1057 39 8520 21 3 1853 18	0.40
146 1195 867 8668 39 8424 1814 39 1853 2590 18	146 1195 867 8396 4505 7706 3 2590 18	2.00
39 3333 1061 37 8669 39 1467 2180 18	39 1325 3627 5890 808 39 1467 8670 18	0.40
39 3158 12 3333 8671 176 21 39 8672 8673 18	39 3158 12 3333 7421 21 8449 18	1.40
39 3333 1061 21 39 946 7912 8397 37 5027 26 39 8417 8674 18	39 867 37 301 395 3715 266 226 39 8675 18	0.00
39 867 30 39 1130 176 8676 8 8677 18	39 1130 30 39 867 8441 779 4497 18	1.20
16 7306 8396 21 3 963 18	16 7306 8396 21 3 2590	1.80
3 4754 609 8678 3627 37 4490 1064 39 2310 18	39 8679 8678 3627 37 4490 1064 39 2310	4.00
39 1130 30 39 3627 176 5027 8680 12 1126 18	39 1130 8615 26 39 8483 3534 18	0.40
39 8437 639 8681 2 39 3840 226 39 8409 18	39 8437 639 37 8682 21 39 3840 21 1820 12 39 8409 18	4.60
39 946 3627 5595 26 39 8448 18	3 946 3627 37 4490 1814 3 8448 18	5.00
700 4977 4490 26 3 8683 8448 18	700 4977 8396 8519 3 8448 18	3.40
39 1130 1239 26 68 39 6133 21 3 1767 18	39 1130 37 7576 2893 8684 21 3 1626 18	3.20
1479 1157 176 5027 26 39 8438 18	1479 4974 176 3812 26 39 8438 18	4.60
39 946 3627 8396 21 3 7319 18	39 1040 30 8511 3627 8396 2423 3 7319 18	3.00
3 946 30 6095 3627 5595 1153 3 4561 18	601 4977 176 4490 26 3 4561 18	3.20
39 1061 1305 1519 146 8530 6786 18	39 1061 21 783 8595 1519 146 8530 5463 18	3.80
16 4977 5027 52 39 2180 21 39 8625 18	16 4977 3404 21 39 8625 6 30 61 275 39 1467 5602 2180 18	3.80
601 4977 176 5027 21 3 1767 18	601 4977 3800 21 3 7319 18	1.40
16 4977 5027 21 3 7319 18	16 4974 5027 52 39 3627 18	1.20
39 2065 284 39 2285 207 26 3 8448 18	39 2065 2794 39 2285 207 226 3 8448 18	4.80
1278 8685 21 3755 1767 18	39 1130 37 8686 21 3755 7884 18	2.60
3 16 4977 176 5027 8510 21 3 7319 18	16 4977 176 5027 3461 21 3 4561 18	2.20
39 1040 30 8511 3627 5420 21 39 2574 1774 8687	39 946 3627 37 5420 8 39 825 8593 2478 3811 18	1.80
16 8688 26 869 39 1325 8301 18	16 8688 6951 8442 21 3 3117 18	3.60
16 510 8396 26 3 8448 226 8637 18	16 510 8396 1814 3 8478 226 8637 18	5.00
601 4977 176 5027 21 3 946 7319 18	16 4977 176 5027 21 3 4561 18	1.60
16 8651 5027 1064 21 3 4561	16 4977 176 8661 21 3 4561 18	4.00
39 3333 2065 37 5421 26 8689 33 8690 18	39 1294 2065 37 5421 26 8689 33 8690	4.80
39 1040 30 946 3627 5595 52 453 4975 1358 18	39 1040 30 946 3627 8407 21 8403 1767 18	2.20
39 1040 3627 4490 186 3 1767 18	39 1040 3627 4490 2423 1767 18	4.60
39 3333 1061 3812 21 3 1626 226 3 8448 18	39 1061 3812 21 3 1626 26 3 8448 18	4.80
1602 14 21 8691 176 8396 1519 2064 18	1602 14 21 8691 2787 1519 39 506 12 2064	5.00
1130 21 783 8692 30 946 8397 8693 39 2602 2180 18	39 1040 3627 8504 21 3 8694 7576 39 783 8695 2180 18	0.00
39 1130 30 3627 26 39 2913 8696 18	1130 30 3627 5420 26 686 141 68 1767	4.80
6095 3627 5020 186 3 1767 18	1479 4977 5020 21 3 1767	2.40
3 8487 867 226 3 8448 37 696 21 8697 18	39 2065 21 39 8698 8402 52 39 8699 26 39 8578 18	1.00
39 3627 52 277 4308 37 7576 39 1325 4327 21 23 33 4975 18	39 8700 52 277 4308 8701 26 39 4327 18	3.80
3 959 6095 3627 37 3812 2423 3 8609 4561 18	3 2065 8401 39 8403 8397 37 4490 2423 39 2223 5135 18	0.00
16 4977 3135 21 3 7319 18	16 4977 5027 21 3 7319 18	2.60
39 6095 3627 37 21 3 2951 12 39 4271 12 4977 8518 39 3898 5602 2180 808 4627 18	32 176 16 946 4977 30 61 6095 3627 8518 39 2180 18	2.80
39 8412 8702 37 8703 21 39 8417 2574 18	39 6166 12 8704 8464 26 39 2310 18	0.00
16 510 176 8464 39 8705 8706 21 3 8600 18	3 3627 7262 39 447 4327 21 453 4975 18	0.00
39 1130 21 783 8603 8707 5027 8447 18	39 1130 30 867 5421 26 39 8706 18	0.00
39 1130 30 867 8396 1057 39 949 2504	39 1130 30 867 8708 21 1820 12 39 8500 12 510 18	0.20
3 1130 37 5421 226 3 1031 12 39 2913 1824 18	39 625 8709 623 396 109 12 39 3591 226 3 1031 12 39 1824 18	2.40
16 510 21 8710 8433 21 3 7319 177 7319 8711	16 1157 6065 21 3 7319 177 7319 8711	3.80
39 1294 8546 2065 37 5420 21 1820 12 39 1767 8712 18	39 3333 2065 5420 21 1820 12 39 8712	4.00
39 1130 5420 26 39 1278 37 3864 243 1278 1454 8 52 39 6014 4327 18	39 1130 21 39 1040 8402 5420 21 1820 12 39 3739 3534 30 39 1226	0.00
39 1130 2669 271 946 3867 18	39 1130 5027 39 946 3867 30 8713 63 64	3.20
39 625 37 8714 52 39 3627 21 3 4900 18	39 6095 3627 37 5027 52 39 2180 21 3 1767 18	0.00
16 8715 3333 510 5027 21 3 1767 18	4518 12 510 2940 21 3 1767 226 3 8448 18	2.40
8716 12 39 8717 18	39 8718 12 39 8717 2440 18	3.60
16 4977 2940 21 3 4561 18	16 8511 4977 2940 21 3 7319 18	2.60
867 21 39 1040 7912 8396 26 3 2590 18	39 867 8517 39 3627 4519 1519 3 8656 18	0.80
601 1157 8719 26 39 8720 5082 18	601 1157 5027 26 3 3548 18	3.80
39 1061 21 783 3812 186 39 8721 18	39 3627 8408 21 39 8451	0.00
39 1130 30 39 867 343 226 3 2820 18	39 1130 30 39 867 8432 18	2.33
39 3627 5890 186 3 1767 18	39 3627 37 3812 186 3 1767 18	5.00
39 6095 3627 4490 2423 3 3898 8722 4561	3 959 6095 3627 37 4490 3801 21 3 4627 18	3.60
601 4977 3864 39 1130 26 39 8424 2423 3 7319 18	3 4977 176 3864 39 1130 26 39 3569 12 4487 6 2423 3 7319 18	5.00
39 1061 869 26 39 5628 18	39 3333 1061 869 21 39 5628 18	4.80
39 1040 3627 4490 2423 3 7319 18	39 1040 3627 5595 2423 3 1767 18	2.40
39 4981 21 39 783 8402 5421 21 39 638 37 7576 39 8723 18	39 1130 21 39 8411 8397 5421 21 39 2574 12 8579 18	0.00
601 1157 5027 52 8724 8725 6 8726 233 226 2820 5230 18	601 3333 1157 2940 21 3 8724 6 8726 233 226 3 2820 18	4.80
39 1040 3627 8396 8519 39 8409 18	39 1040 3627 37 8396 1814 3 2482 12 39 8409 18	5.00
39 8727 37 5420 26 3 7120 1139 141 68 3 8398 4520 18	3 1157 176 4490 21 3 7319 52 8728 21 3 8525 18	0.00
3 1130 37 8401 39 1040 8397 30 8402 30 8487 18	39 1130 37 3731 39 1294 2065 380 271 396 18	0.00
39 1040 3627 8401 146 2695 2875 37 8729 52 8548 3695 18	3 1040 3627 8401 39 783 2875 7578 1767 360 18	1.80
39 8437 6 8585 3627 8551 39 4327 26 3 8478 18	3 8437 6 6095 3627 275 39 4327 21 271 4975 30 37 4490 21 3 8472 141 68 3 1767 18	3.60
39 1130 30 39 867 176 869 8704 26 39 2590 18	39 1130 30 867 176 869 8730 1153 39 3919 21 3 1853 18	3.60
39 1130 30 39 3627 26 686 26 39 8448 18	39 1130 30 3627 26 39 2913 8696 18	4.60
16 4977 176 5027 1064 21 3 4627 18	39 2854 8400 112 3 2820 21 39 783 30 946 7912 18	0.00
959 3158 12 510 5420 3801 12 39 965 18	39 3158 12 510 176 5003 5652 21 39 277 1853 18	2.00
39 3138 3627 37 4490 26 3 4561 18	3 959 8731 3627 37 4490 2423 3 4561 18	3.40
39 3627 5595 2423 3 4561 18	39 3627 5595 1153 3 4561 18	4.80
39 1130 21 783 8692 37 8396 1814 686 8 39 825 7262 39 4327 18	39 1130 37 8396 26 686 52 1767 8732 1064 139 18	3.40
1130 8733 39 1278 18	39 1130 2794 39 3439 26 8443	0.00
601 4977 4490 26 39 8734 18	601 4977 3790 39 207 226 39 8734 18	4.80
39 1040 30 6095 3627 1102 2423 3 7319 1774 39 965 18	146 8485 1130 8504 3801 39 611 8735 129 965 18	0.80
39 3627 37 3812 186 39 8408 8409 779 39 8736 18	39 3627 3812 186 39 8408 8409 18	3.40
39 3627 4490 2423 39 7683 21 3 6223 62	39 3627 4490 2423 39 94 12 8737 18	3.20
3 2065 37 5027 1814 52 3 904 26 3 277 2637 18	601 7306 7576 8738 52 623 637 68 3 2820 18	0.40
405 510 3800 21 39 2502 26 39 2590 18	39 8700 4490 1814 39 2590 18	1.00
16 4977 21 3 7319	16 4977 2940 21 3 4561 18	2.40
39 1130 21 8408 8707 37 5420 544 233 686 18	39 1130 21 39 8411 8397 7834 39 959 7120 3534 18	1.00
16 946 4977 8396 21 3 7319 18	39 8511 3627 52 39 1040 2875 3628 21 3 7319 18	2.00
39 867 8401 39 8398 8397 5890 21 3 1626 52 395 1368 30 8599 8739 68 395 1860 18	39 1130 8401 8740 30 2800 8659 129 21 3 1626 52 271 1368 30 8599 8739 109 68 3 2482 18	2.40
39 3627 5595 2423 3 4561 18	16 4977 3800 2423 3 3900 18	2.80
601 4977 5027 21 3 7319 18	601 4977 3800 21 3 7319 18	4.20
39 3627 4490 1153 3 8472	39 3627 4490 2423 3 1767 18	2.80
3 1061 21 3 2695 8397 37 8726 3 2180 18	3 1040 30 946 8679 3627 37 8658 380 3 4561 18	0.20
39 867 37 5748 68 5463 39 1325 8301 18	39 1130 30 867 5421 2285 68 2285 3801 21 3 8741 18	0.00
3 1040 30 946 3627 37 8408 21 3 825 18	39 1040 1130 30 271 3627 26 3 8448 18	0.60
1130 5420 26 1031 12 8742 686 1774 3 963 18	39 1130 37 5420 26 1031 12 686 8743 3 963 18	4.60
39 2065 21 39 1040 30 8403 8437 927 37 8569 18	39 867 8401 39 1040 30 8403 8744 927 37 8569 26 39 8301 18	4.40
3 867 37 8745 39 3627 2423 146 8574 2486 18	867 8745 395 1325 3627 2423 146 8574 2486 18	4.60
1412 510 176 5421 1064 39 1693 226 1786 18	39 3158 12 510 4491 1064 39 8746 1693 226 1786 18	4.20
16 4977 176 4490 21 3 2574 18	16 4977 4490 21 39 2574 18	5.00
16 510 176 21 7631 18	16 8747 176 21 3 5497 18	0.00
16 4977 26 3 8448 18	39 3627 1102 26 3 8448 18	2.40
39 3333 1061 37 5420 26 39 8411 8748 283 18	39 3333 1061 37 8554 271 8749 21 39 4906 18	1.00
16 4977 3135 21 3 7319 18	16 4977 2940 21 3 7319 18	3.20
39 3158 12 510 176 21 3 1767 18	39 3158 12 510 5463 21 39 2502	0.60
3 3627 37 4490 52 2563 21 271 4975 18	3 3627 37 4490 52 39 1467 2180 21 271 4975 18	2.20
16 4977 4490 1519 39 8448 18	16 4977 4490 26 3 8448	4.80
39 1040 30 946 3627 8408 21 3 8409	39 1040 30 946 3627 4490 52 392 21 271 4975 18	2.00
16 4977 176 8750 392 21 3 686 18	16 4977 4490 1519 39 311 21 3 8416 18	1.60
39 3627 275 23 33 396 1576 39 783 30 3669 573 3964 18	39 6890 8751 8752 3 2317 12 39 573 3964 18	3.80
39 1467 8753 1130 8401 39 3138 8741 6854 18	39 1130 21 39 1467 8397 8754 39 8755 6 8756 6854 18	5.00
39 1130 37 8757 39 8758 7120 1139 52 39 4520 1216 18	39 3333 1130 37 2794 39 8559 4519 52 39 4917 3186 18	0.40
39 639 52 271 763 26 271 396 18	39 1294 1061 8504 52 271 763 26 1031 12 271 396	4.20
39 1130 8401 39 2695 8759 37 8760 21 3 8403 1767 18	39 1130 21 146 2695 8498 6278 271 763 68 3 1858 21 3 8472 18	1.80
39 1040 3627 8761 21 3 8472 18	4974 2940 21 3 1767	0.00
39 3561 6095 3627 5595 1519 39 311 6393 18	39 8452 3627 5595 1519 39 311 18	3.40
146 611 1130 21 39 1040 8762 8427 5420 21 39 8763 18	3 4981 37 8401 39 783 8397 30 8396 21 39 8764 18	1.20
39 1130 7910 21 1040 8401 39 8402 30 8474 21 1820 12 39 783 3534 18	39 867 21 39 946 8397 5420 21 1820 12 39 3739 3534 18	1.40
39 1130 627 39 1061 5463 39 4487 18	3 1130 627 3 1061 5463 39 4487 18	4.80
39 783 8586 1156 21 1040 37 8400 112 39 1130 323 8441 26 39 5 18	39 1130 21 39 1040 8397 37 7576 39 639 8401 2800 18	0.00
39 1130 8765 39 8422 1139 18	39 1130 7834 39 8758 8422 1139 18	4.80
3 16 4977 176 5027 8510 21 3 7319 18	3 4977 2940 21 3 7319 18	4.00
16 7306 176 21 8766 3729 30 1978 68 46 8630 18	16 7306 52 6153 3020 176 5033 39 8767 3801 18	0.60
39 946 30 6095 3627 5027 52 39 1040 6897 18	39 946 30 6095 3627 37 5027 8768 18	3.40
16 1040 4977 176 3812 30 5027 52 39 1467 5602 2180 21 3 7319 18	39 6095 3627 30 39 1040 3627 5027 52 39 1467 2602 2180 18	2.00
16 4977 176 5027 26 3 8448 3461 18	16 1040 4977 176 5027 21 39 4561 18	3.00
39 1061 2669 6153 18	39 1130 37 5027 6153 18	3.00
39 1040 30 946 3627 37 3812 808 39 8482 18	39 946 3627 4490 808 39 828 18	2.00
39 1061 8401 39 783 8397 5595 1153 3 4561 52 39 5101 3627 18	39 8769 3560 37 8401 1139 564 21 3 8504 18	0.00
39 1040 3627 8770 21 3 7319 18	39 8605 3812 21 3 2590 18	0.00
39 8487 1130 30 39 4981 2065 8400 112 2646 18	39 8487 1130 1239 39 1325 639 8401 8398 30 783 18	3.20
16 8511 30 946 4977 30 61 8511 3627 8464 1519 3 8448 1774 3 1767 18	6338 21 39 8398 8771 8498 8504 141 68 3 8654 30 504 109 226 3 1767 18	0.20
39 3627 3812 112 39 8562 21 3 7319 18	39 3627 37 3812 21 3 7319 18	3.20
39 1130 37 869 39 8424 26 39 4627 311 18	16 4977 4490 1814 4627 311 18	1.60
39 6095 30 946 3627 52 39 8398 2875 37 3628 226 39 6095 3627 52 39 8403 2875 21 3 7319 18	3 3627 52 3 783 2875 37 8772 23 33 8773 226 3 3627 52 3 8403 2875 18	3.40
16 6095 4977 5595 2423 3 1767 18	16 6095 4977 4490 2423 1767 18	4.60
39 8774 3333 867 21 39 8402 37 3990 226 39 195 2504 18	39 867 8775 395 3990 226 39 195 2504	4.40
39 1040 30 946 3627 37 4490 2423 3 4561 18	3 1040 30 946 3627 37 4490 26 3 4561 18	4.80
16 6095 4977 176 8776 673 261 18	16 6095 4977 8776 673 261 26 8472 18	4.20
39 8605 5739 39 3439 26 3 2482 12 39 3278 3534 18	39 1061 284 8443 8442 26 39 8654 18	4.00
39 3333 2065 2794 39 2285 8777 21 3 1767 18	39 3333 2065 8401 4917 4490 2423 1767	2.80
39 8778 8668 39 8779 1519 39 8654 8519 39 1042 12 2064 18	39 1061 37 8780 39 8443 1519 39 3673 3534 18	0.80
39 1040 3627 37 3812 109 12 1767 18	39 1040 3627 37 8593 360 1767 18	3.00
39 867 52 16 14 21 8493 8781 3801 18	39 3333 867 52 39 8782 3373 8504 544 3 3534 12 39 8783 33 8784 18	1.40
39 1325 1061 21 39 8785 37 5421 21 39 8786 668 18	39 1061 21 39 8787 8439 21 39 668 18	4.20
39 1040 3627 37 4490 2423 3 7319 18	39 1040 8484 6549 3627 37 4490 2423 3 4627 18	2.20
39 3158 12 1066 176 8630 26 39 1538 3548 18	39 3158 12 510 21 8788 8789 4890 176 4271 8630 26 39 1538 3548 18	3.40
39 867 8504 52 395 1368 109 226 395 1860 323 243 1077 39 345 18	39 1130 8504 21 39 8500 7576 39 946 960 18	0.40
39 3333 1061 37 869 39 4487 18	39 3333 2065 8433 26 39 8403 8530 6897	0.40
39 1040 3627 4490 21 3 7319 18	39 1040 3627 4490 26 39 8448 18	1.80
601 4977 21 3 7319 8 39 3629 18	16 4977 8790 1767 21 39 8459 18	1.00
39 2065 5595 1814 39 825 888 52 16 1040 4977 18	39 1294 1061 37 8791 39 1810 115 37 8433 1519 18	0.20
39 1130 8765 39 8792 18	39 1130 37 8765 39 7120 3534 18	4.60
39 7396 2065 4490 26 39 8448 4964 6 52 146 8485 1130 8396 3201 395 18	39 3333 639 4490 1814 3 8478 226 39 8448	1.80
867 5027 5602 30 5615 3 2180 18	39 867 37 5027 8793 2180 18	2.00
39 3333 1061 52 271 3715 5420 129 6 37 3822 1519 39 8403 6786	3 5985 21 3 2695 8397 37 3822 1519 39 8491 6786 18	2.60
405 510 176 26 3 8448 6 1774 39 965 52 8475 2440 18	39 6077 8448 275 510 8794 26 23 2778 3 1858 18	2.40
39 3627 5420 21 3 1767 18	39 2065 5027 26 39 8795 18	0.40
39 6095 30 946 3627 37 8396 141 68 39 1130 26 39 8443 18	39 8585 639 37 8433 26 39 8796 12 39 5 21 39 3669 2574 18	0.00
1130 869 39 8797 26 39 8301 18	39 1130 21 1040 26 39 8797 869 39 8301 18	4.00
39 8798 37 869 26 39 4326 8301 18	39 3158 12 8688 8547 39 8301	2.60
3 1130 21 3 783 8397 37 8765 3 2482 12 39 1824 18	39 1130 37 8765 3 2482 12 39 1824 18	4.20
1040 30 946 3627 4490 2423 1767 18	39 8511 30 946 3627 5595 2423 1767 18	3.00
39 1130 869 39 8706 323 8401 39 1040 8566 18	39 946 8706 37 2035 8799 1064 39 2502 2310 18	1.40
601 8800 21 3283 6 8801 8802 18	601 1156 21 8803 8789 8492 18	2.00
39 1040 3627 8408 2423 39 825 18	39 1040 3627 8405 2423 3 7319 18	1.20
16 8731 4977 2940 21 3 4561 18	16 8511 4977 2940 21 3 4561	4.60
16 4977 176 4490 2423 3 4561 1774 39 758 30 8687 18	16 4977 176 4490 2423 39 3669 8571	4.20
39 1130 30 39 867 176 8487 18	39 1130 30 39 867 8432 18	3.20
39 1130 37 5420 26 1031 12 39 7120 515 1824 2778 3 8741 506 18	39 1130 5420 21 3 4900 2778 39 8637 18	4.80
16 1294 7306 176 5027 26 39 8438 18	16 1294 5042 176 5027 26 39 8804 18	1.40
16 7306 176 3812 920 21 3 1626 18	16 4977 8805 61 243 21 3 4561 1774 39 8459 18	0.20
3 867 7576 39 1040 8806 37 6564 39 8807 18	39 867 52 39 1040 3964 37 6564 39 8807	4.80
39 3627 37 4490 1814 3 4561 18	39 6095 3627 37 4490 21 3 4561 18	4.20
39 1130 52 447 3715 37 343 2423 39 2820 18	39 867 8504 544 39 3534 1774 39 1608 2820 18	1.00
39 3627 30 39 783 2180 21 3 1626 18	39 3627 8808 39 3936 21 39 8571 18	1.00
39 6095 30 946 3627 37 4490 1153 39 6095 2574 18	39 625 7918 198 39 2913 8422 18	0.00
6095 3627 4490 26 4561 18	3 3627 37 4490 26 4561 18	4.00
39 3627 8809 2423 3 4561 18	39 3627 8810 2423 3 4561 18	5.00
16 510 8401 8493 4491 30 225 226 3 2820 18	39 1130 8401 39 8403 8397 288 39 8811 1139 18	0.00
39 1040 3627 5420 21 3 4561 1774 39 8447 18	39 6095 30 1040 1519 52 39 8403 2875 1774 39 2602 2180 26 39 8417 2574 18	2.20
16 7306 5027 52 510 30 8579 3201 139 18	16 3333 7306 8401 8541 176 5027 21 39 4634 18	3.20
39 2065 21 39 8398 8397 37 8812 395 8813 109 21 8814 18	39 1130 7910 21 39 8689 927 37 8765 129 39 959 3673 965 18	0.00
39 1294 2065 21 39 783 8397 8815 39 8568 18	39 2065 21 39 783 8397 1077 39 345 26 39 2760 18	1.40
639 3822 21 3 7319 18	1130 2907 26 3 2590 18	0.00
601 4977 176 5027 21 3 1767 18	601 4977 8603 21 3 1767 18	4.20
39 946 3627 4490 26 8472 18	39 946 3627 5595 26 3 8472 18	5.00
39 1294 2065 52 395 763 21 3 1626 37 5421 26 39 1130 33 2285 323 87 37 8433 26 39 8470 18	39 5985 5595 21 3 2618 3071 12 557 511 2721 5027 39 3217 18	0.20
39 783 30 946 2502 721 8464 26 39 4627 8734 18	39 625 37 869 39 4627 4487 21 39 2502 26 39 4627 2310 18	1.40
39 1040 30 946 3627 37 4490 2423 39 8495 2574 18	39 959 1040 30 946 3627 5595 21 3 963 1767	2.20
39 946 3627 52 3561 6095 8816 275 39 4327 21 271 4975 30 271 5125 21 3 7319 18	39 946 3627 1239 39 4327 21 453 4975 323 23 5595 2423 7319 18	4.00
39 1130 21 39 6828 8402 8817 271 2760 323 557 2787 26 39 6077 8490 18	39 1130 2521 26 39 2590 52 271 8818 8819 2 39 8820 721 115 37 8821 129 18	0.60
39 1130 52 39 8822 3964 21 1820 12 39 8411 3938 3534 18	1130 21 783 8498 5420 21 1820 12 8823 18	0.80
39 3627 8407 21 3 1767 18	601 4977 8603 21 3 1767 18	3.20
3158 12 1294 7306 30 39 3627 5420 26 3 1532 18	39 3158 12 510 946 1767 8824 21 39 8403 8825 18	1.40
39 1294 946 8826 8586 3627 5595 1153 3 8594 52 39 4327 21 453 4975 18	39 946 8826 8586 3627 5595 52 39 4327 21 23 33 4975 18	4.60
39 1130 21 39 8437 927 37 8726 39 4981 8401 39 8437 927 129 186 3 1626 18	39 1130 21 39 946 3120 8397 30 39 867 21 39 1040 7912 8630 18	0.00
39 1130 21 39 8412 927 8827 21 1820 12 39 867 21 39 946 7912 18	39 867 21 783 52 39 2687 6384 8 39 1130 21 946 18	0.00
3 8546 867 37 8401 39 1040 6 1137 2512 6 8828 3373 18	39 8829 867 37 8401 39 1040 8830 8831 52 3 1137 2512 18	2.80
39 625 7576 39 8662 37 5420 21 3 1767 18	39 1040 867 30 16 1040 1157 176 5421 21 39 8832 3591 18	0.60
39 867 21 146 783 8833 8834 8835 21 39 1777 18	39 3333 867 21 39 8398 8836 1077 39 345 18	0.40
39 1040 30 946 3627 37 4490 2423 3 4561 18	39 8511 3627 37 8396 2423 7319 18	2.00
39 1130 1102 16 4977 26 8837 1519 3 2590	39 1130 1102 16 4977 21 3 1853 18	4.20
39 6095 30 946 3627 52 39 8398 8562 21 23 33 4975 37 8838 808 39 1130 33 2285 18	39 3627 52 39 8562 21 453 4975 6 5890 808 39 1130 18	3.00
39 3627 37 4490 21 3 7319 18	16 4977 4490 21 3 4627	2.20
39 1325 1061 5027 21 3 7319 18	3 6095 30 946 3627 37 5027 21 3 7319 18	1.60
39 8839 3627 8659 808 39 8840 63 243 3627 6785 3201 18	39 6095 30 946 3627 37 8658 808 39 8840 21 39 2574 323 243 3627 6785 3201 23 18	3.00
39 3627 30 3656 8433 1519 3461 18	16 8412 4977 176 7262 39 4327 21 3 1767 18	0.60
39 867 21 39 8403 8397 30 8511 8692 8439 226 39 2732 18	39 8487 3333 867 21 39 8841 8397 30 8842 8587 226 2732 8725 18	3.20
39 1210 37 5027 26 3 8448 52 623 3627 18	39 8843 1294 2065 2035 8844 186 3 1626 18	0.00
39 946 3627 4490 21 3 7319	3 4977 176 4490 21 3 7319 18	3.20
39 3627 5595 2423 3 447 4561 18	39 3627 8761 1519 21 3 447 3669 4561 18	2.60
3 1040 3627 37 4490 2423 3 7319 18	39 2502 721 636 37 1291 271 721 2423 3 8600 18	0.00
39 3627 8401 39 3669 8845 30 39 4943 8396 26 7319 18	39 1325 3627 8401 39 3669 8845 30 39 4943 1102 2423 7319 18	4.40
39 3158 12 510 5421 1064 39 3532 18	39 3158 12 7306 26 39 8448 18	0.60
601 4977 176 4490 21 39 2574 18	16 4977 176 4490 21 39 8417 2574	2.80
39 1130 30 867 52 623 763 26 623 8846 176 5420 141 68 39 5673 5 18	3 1130 52 39 946 8621 30 8403 3373 37 5420 21 3 5081 12 39 6411 18	0.40
3 1040 30 946 3627 275 39 4327 21 271 5125 18	39 1040 3627 30 39 946 3627 176 5420 26 7319 18	1.20
39 946 3627 4490 2423 3 7319	3 1040 30 946 3627 5595 2423 3 4561 18	1.40
39 1130 26 4901 26 39 8496 6414 52 4900 21 3 8525	39 3627 8847 39 8848 21 3 1767 52 4900 30 8472 21 3 8525 18	0.60
39 3158 12 510 176 6437 109 26 233 686 18	39 3158 12 510 176 5420 8519 39 1693 8486 18	1.20
39 1130 26 39 4487 8849 68 39 825 18	39 1130 26 39 4487 284 39 160 920 4519 18	1.20
39 3627 4490 26 3 4561	16 4977 176 4490 26 3 4561 18	2.60
32 37 39 1040 3627 3812 186 39 8408 8409 18	39 1040 3627 37 8658 186 39 8408 8409 18	5.00
39 8560 270 1519 3 8526 6414 18	39 6095 3627 37 8433 21 3 7319 18	0.40
16 4977 176 4490 26 3 4561 18	16 4977 4490 21 3 4627	3.60
39 1130 37 8850 39 5306 198 39 447 8851 226 3 8448 18	39 5541 37 5421 26 271 4487 52 61 8852 21 3 1626 18	0.60
601 4977 5027 21 3 7319 323 61 3627 8754 39 8498 18	601 4977 5027 21 3 7319 6 52 39 1853 21 3 8525 18	3.40
405 3061 3195 5421 26 3 2874 18	39 3627 8853 26 3 2874 18	0.00
39 3158 12 510 21 1539 8464 2666 3 8478 18	39 3158 12 510 3404 3461 30 8576 21 1820 12 39 758 18	0.80
39 1294 1061 30 39 1294 2065 5027 3461 3801 18	39 867 8401 39 946 8397 8504 26 3 2590 18	0.00
39 625 21 39 783 8759 37 8854 3 8403 5003 8617 26 243 625 18	39 6338 8855 5623 33 5003 8617 21 3 7319 18	2.20
39 2065 8614 8856 1519 26 395 396 26 39 8438 18	39 2065 37 8542 26 395 396 26 39 8438 18	4.80
3 8798 284 39 8777 360 12 39 8301 18	39 8798 284 39 8777 26 39 8301 18	4.80
39 3392 7816 1239 129 39 5947 6710 8857 18	39 2065 7576 39 345 12 5947 6710 8487	3.00
39 867 5420 21 1820 12 8687 30 8487 18	39 1130 37 8396 8 8687 21 1820 12 3 1853 8436 18	2.00
39 1061 2794 39 2285 8777 186 39 8408 8409 18	39 1061 8401 783 30 8403 8603 8707 3812 396 375 186 39 8408 8409 18	2.40
601 1294 5042 518 260 52 8663 18	601 1157 5420 8 39 8409 176 5096 21 8581 8663 18	4.20
3 1061 37 343 129 226 3 2065 63 243 2065 8858 139 18	3 1061 37 8434 186 3 8409 63 3 432 7073 18	0.20
16 946 3825 8859 2940 52 39 6897 21 3 7319	16 4977 3135 21 3 7319 18	2.20
39 8500 12 510 3404 26 39 8860 1532 6 39 2574 3201 139 6 39 7683 21 1820 18	39 6166 12 510 5420 141 68 39 721 52 23 33 8494 1358 18	0.80
1061 2521 26 2568 21 4561 18	1325 1061 6065 26 271 2568 26 3 4561 18	4.40
39 1040 3627 52 39 8403 2875 37 4490 21 3 7319 18	39 1040 3627 52 39 783 2875 2669 21 3 7319 18	3.20
39 8178 8861 5890 186 3 1626 18	39 867 37 301 395 3627 68 4519 21 3 1626 18	1.00
39 8394 8439 21 39 5 18	39 8394 8439 21 39 8862 5 18	3.80
39 6095 3627 8863 26 146 2695 2180 18	39 3627 275 146 2695 2180 21 453 4975 18	4.00
39 946 3627 5595 1814 39 2913 8864 18	39 3627 5890 808 39 8482 18	0.80
39 6095 3627 3812 186 3 1626 68 6358 39 2180 18	601 3333 867 3812 186 3 1626 68 6358 39 2180 18	0.60
39 639 37 8396 198 61 8420 2732 68 243 18	3 1061 8419 198 61 8420 2732 68 3 261 21 3 874 18	3.20
39 1130 8401 22 2512 8865 8692 37 5420 26 39 8866 18	39 867 8401 39 946 8397 8504 26 3 2590 18	0.00
39 3158 12 1802 510 176 8824 21 3 8867 21 39 3669 1278 18	39 3158 12 510 176 5420 30 5421 1064 26 3 2874 226 1786 18	0.00
39 3627 21 3 7319 18	16 4977 21 7319 18	3.00
39 1130 52 447 3715 37 343 2423 39 2820 18	39 1130 52 2800 343 8868 1166 18	2.00
8869 4490 1814 3 8448 18	39 8869 5595 1814 39 8448 18	4.80
39 1040 30 946 3627 3812 21 3 1626 68 6358 39 8562	39 1040 30 946 3627 3812 21 39 8571 18	3.40
3 867 37 7576 3 8870 115 3 6095 30 946 3627 37 8401 18	39 1130 30 867 176 343 226 3887 115 37 26 8871 30 8872 68 39 8873 3534 18	0.00
39 3627 4490 2423 7319 18	39 3627 5595 21 3 7319 18	5.00
1479 1040 4977 3800 1153 3 4561 18	39 3627 5595 1153 3 8417 2574 18	2.00
39 1130 21 783 30 1040 37 5615 39 2602 2180 52 271 396 18	39 1130 21 39 783 8744 2602 8397 3073 39 2180 18	3.60
39 6095 3627 37 8396 26 3 4561 18	39 3627 8572 243 8 39 5 18	1.20
39 2065 37 3812 18	39 1061 37 7120 8765 18	0.60
39 867 8874 39 4981 26 39 8443 26 3 8448 18	39 867 1239 39 1325 4981 26 39 8443 226 3 8448	4.60
39 1040 3627 37 8776 39 3561 6095 4977 8875 21 39 3836 4049 18	39 1040 3627 8751 8876 243 3627 21 39 5007 114 5438	4.00
3 8877 37 8396 26 3 8448 226 3 8878 18	39 8877 1102 1814 3 1656 8478 18	4.40
39 3333 8879 37 8726 3 6153 18	39 6095 3627 37 8396 26 3 4561 8519 39 3629 18	0.00
3 1040 30 946 3627 5595 2423 3 4561 18	39 1040 30 946 3627 37 4490 2423 4561 18	5.00
16 4977 3800 2423 3 7319 6 61 52 39 5602 2180 18	3 1061 37 2794 39 8880 6 2423 3 1626 6 26 271 8424 18	0.00
39 1040 3627 37 8396 26 3 4561 52 39 4327 21 23 33 4975 18	3 1040 3627 37 4490 26 3 4561 52 39 6897 21 23 33 4975 18	3.20
601 1157 5027 21 7319 18	601 1157 5027 21 8724	2.40
39 1130 1102 5959 39 7798 5420 21 39 8881 26 39 1853 2590 18	39 7798 8504 21 39 8881 21 39 1853 18	3.00
16 510 5463 623 8704 1519 39 4627 1532 18	16 510 869 623 8704 26 39 6414 18	3.40
3 1040 30 6095 3627 37 5027 21 3 8571 18	3 1040 30 8511 3627 37 8518 392 87 275 8882 18	2.40
39 1040 3627 30 39 946 3627 5027 21 3 2590 18	39 1040 3627 30 39 946 3627 2940 21 3 2590 3461 18	4.60
39 959 1040 30 946 3627 37 8408 21 3 1767 18	39 1040 30 946 3627 52 39 4327 37 21 8722 1767 18	3.60
39 1294 1061 8800 52 39 8883 26 271 396 18	39 1061 52 39 8786 8883 26 271 396 18	4.20
39 6095 3627 37 4490 2423 3 2574 18	39 6095 3627 52 271 8884 8885 63 87 5595 2423 39 2574	4.00
39 1061 37 3812 186 3 1767 52 39 2180 21 271 4642 18	39 1294 1061 8408 5215 52 39 6897 21 271 4642 18	2.20
39 625 8401 8886 1594 37 8408 5215 1767 18	39 625 37 8886 8434 21 160 2759 8403 1767 18	3.80
60 3627 37 3812 2423 3 1767 18	16 4977 4490 2423 3 1767 26 39 8448 18	2.20
16 4408 2876 4491 26 39 8670 3810 39 847 18	3 1130 37 1883 26 271 8397 1774 146 3862 18	0.00
39 1130 30 39 867 8432 18	39 1130 30 39 867 8887 18	1.20
39 1040 6 6095 30 946 3627 4490 2423 39 2574 18	39 946 30 6095 3627 5595 21 39 2574 18	2.83
1157 176 5027 21 39 8408 8409 323 16 4258 14 7073 139 18	1157 2940 21 39 8409 323 6171 225 26 18	4.60
39 3627 37 5420 21 3 8472 18	39 8511 3627 37 5420 21 1820 12 233 2610 18	2.00
1479 7306 21 8446 176 5027 8447 226 3 8448 18	1479 7421 21 8446 2940 8472 8447 26 3 8448 18	4.00
16 4974 5020 21 3 1767 18	16 4977 2940 3461 26 3 7631 18	0.00
39 8546 8586 3746 8462 26 39 8463 5628 18	39 8546 8586 639 37 8462 26 39 8463 5628 18	4.80
3 6095 30 946 3627 37 8396 21 8610 7884 18	39 946 30 6095 3627 2022 68 46 8396 26 3 1767 18	4.60
39 867 1559 323 26 3003 7961 18	39 1130 511 275 8023 8509 26 3003 7961 18	1.60
39 8888 37 4490 2423 39 8417 874 323 510 3404 21 3 8525 18	39 3627 37 4490 21 39 959 974 12 1767 3663 23 68 8889 18	1.80
39 3333 1061 869 39 4487 26 39 3739 1532	39 625 284 8442 26 39 4487 26 39 8606 8481 8 8687 18	2.20
3 3333 1130 37 8890 226 39 8891 874 18	39 1061 21 39 8403 2297 8397 37 8892 26 39 8443 21 39 8891 874 18	3.80
39 2065 3812 4520 26 39 8490 1774 39 8893 2796 18	39 2065 3812 4520 26 39 8490 52 39 8893 2796 68 3 2767 18	4.40
39 625 37 109 21 3 1767 226 3 8448 323 3 8741 1789 18	39 625 380 623 8797 26 3 1767 18	3.00
39 3627 5890 21 8814 68 6358 39 8562 18	3 6095 3627 5890 112 39 8398 8562 18	4.00
39 639 8401 8403 30 946 8692 37 3812 21 3 8694 18	39 2065 8401 3669 8894 392 21 395 763 18	0.60
3 3627 1807 3 2940 6897 68 453 3872 18	601 4977 2502 21 3 7319 3461 18	1.00
16 8895 4519 360 12 8458 18	16 7306 4519 109 12 8458 18	4.60
39 867 52 39 3333 2065 8576 52 4941 8896 21 1820 12 39 3549 18	39 1130 21 39 8897 8504 21 1820 12 39 959 8500 18	0.60
16 4977 4490 26 3 8478 18	39 946 3627 4490 26 3 8448 18	2.40
39 8715 1130 5027 3061 26 39 4560 18	39 8715 1130 5624 39 3061	4.40
39 2065 8401 3669 8894 392 21 395 763 18	39 3333 1061 8401 523 3669 8692 8587 8898 52 39 3739 8525 18	0.80
39 3333 2065 8487 52 395 396 8856 1519	39 2065 8587 52 395 396 8856 1519 18	4.60
16 1156 7576 8899 8475 1774 146 2695 721 18	16 7421 21 8900 2702 8576 141 68 146 611 8901 721 18	2.80
39 1130 21 39 783 8498 1239 271 4487 112 3 345 18	39 867 21 39 783 8498 37 1608 8902 39 4592 8903 18	0.40
39 1061 5890 186 39 8904 3003 8409 18	39 1130 5890 323 26 39 8779 18	0.80
3 8800 176 2583 39 8576 112 3 2820 18	39 639 21 2695 37 26 39 8905 3186 21 3 3117 18	0.60
1479 4974 7576 763 4519 186 39 8408 8409 18	1479 4977 5027 21 3 7319 18	0.00
39 1467 721 8561 1814 39 8526 2574 18	39 1467 721 640 4347 21 3 7319 18	4.40
39 1061 7877 39 8906 52 16 8907 18	39 639 4516 3201 39 8906 52 16 8907 21 23 18	2.80
16 2602 3195 672 112 3 2180 2780 146 8908 3933 18	16 1294 2695 30 946 4977 176 21 3 7319 18	0.00
3 1040 3627 37 8396 2423 3 8609 4561 18	3 1040 3627 37 4490 2423 3 4561 18	3.80
16 4977 5027 21 7319 18	16 4977 5027 21 4561 18	2.40
61 1061 37 8909 243 1061 26 39 5628 18	39 1061 37 8909 243 1061 26 3 8458 18	4.80
39 8879 26 39 8910 8552 39 6153 18	39 1061 21 3 2951 12 39 5503 226 39 6153 3217 18	3.40
16 1040 4977 5027 21 3 7319 18	39 1040 3627 8808 21 3 7319 18	3.40
39 3627 5890 808 39 3562 18	39 3627 8658 808 39 3562 18	5.00
39 2065 52 39 1040 8806 5421 26 39 1538 8520 18	39 3333 867 52 39 1040 8806 8439 26 39 1538 8520 18	4.60
39 1040 30 39 1467 3627	39 1040 3627 30 39 8911 3627 2940 21 39 2574 18	2.20
601 1157 21 39 2180 8484 18	1412 1157 5027 21 39 2180 8484 18	3.40
39 959 946 30 8412 3627 5595 2423 39 1467 8912 21 146 8574 2486 18	39 946 30 1040 3627 37 4490 109 12 39 1467 30 2695 8461 18	3.60
39 5637 37 2794 3 8913 21 3 8408 8409 18	39 625 2794 3 2285 7792 21 39 8408 8409	4.80
39 1130 8504 8914 39 4487 26 39 2913 7852 8 39 8459 18	39 867 37 8401 39 946 8399 6 4917 103 1031 30 1040 8915 18	0.00
39 6095 3627 37 4490 2423 3669 4561 18	39 6095 3627 37 4490 4448 39 825 18	2.40
39 1325 946 3627 30 959 6095 3627 2940 26 3 4561 18	39 1325 3561 8511 3627 37 4490 1057 39 959 6095 3627 5420 21 3 4561 18	3.40
39 867 1239 39 3627 323 243 3627 8504 8643 21 39 2574 18	39 6338 7576 61 3627 323 243 3627 37 5027 21 3 8571 18	3.40
39 1294 2065 37 869 39 6897 8916 26 8917 18	39 1294 2065 37 5027 26 39 6897 8725 18	2.80
39 1040 3627 8396 2423 1767 18	16 1040 4977 8396 2423 3 7319 18	2.40
39 1040 3627 37 4490 21 7319 18	39 1040 3627 37 8408 52 39 2180 21 23 33 4975 18	1.80
39 867 7910 21 3669 37 5027 52 395 8511 3627 18	39 8511 3627 8918 39 7306 4642 323 8433 1519 18	1.60
16 8919 14 3404 3801 52 39 8920 1226 18	16 8919 3333 14 7576 39 8920 1226 18	4.60
39 867 37 5421 21 3 1767 18	3 867 37 5652 21 3 874 18	0.80
39 6095 3627 8516 21 3 1767 18	39 3627 8557 21 3 8921 1767 18	3.60
39 8511 2065 21 39 8720 8647 37 8408 21 8788 8403 7884 18	39 1294 2065 21 39 8922 8923 5595 2423 3 8472 226 3 8448	2.20
61 1130 21 146 2695 8397 8401 39 946 8454 37 869 39 4487 18	3 1130 8401 39 8403 8454 37 869 39 8924 18	2.80
39 5650 5574 504 8925 8926 18	39 5650 5574 2780 39 3217 18	2.00
39 1294 1061 37 5420 21 1820 12 39 752 1076 8432 18	39 625 5420 26 39 350 21 1820 12 39 8774 8500	1.80
16 6095 4977 3519 673 261 21 3 7319 18	16 6095 4977 176 5027 52 673 261 21 3 7319 18	4.20
39 625 26 39 8927 18	39 625 26 39 8927 21 8928 4519 18	3.60
1157 176 5027 26 39 8438 21 3 7319 18	1412 1157 30 3812 26 39 8438 21 3 7319 18	4.50
3 1130 37 5420 26 3 8478 5615 39 2180 52 39 8929 18	16 7396 7306 176 5420 26 8519 3 8448 6647 68 3527 18	0.80
60 808 3 1031 2646 1983 16 14 3810 39 847 18	39 625 52 8603 3373 30 8930 3810 39 8931 18	0.40
16 6095 4977 4490 3461 26 8472	16 6095 4977 176 4490 26 3 8472 18	4.60
39 1040 3627 37 8518 779 39 783 8562 18	39 1040 8534 37 4490 21 3 7319 18	1.40
16 7306 52 8932 5463 146 873 874 5463 18	39 3333 2065 37 26 39 5463 226 146 873 874 18	3.00
39 3627 8405 21 3 8472 18	39 6095 3627 8808 21 3 8472 18	4.20
39 8412 3627 8408 2423 39 825 52 39 4327 21 271 4975	3627 8408 2423 1767 7262 4327 21 453 4975	3.80
39 867 21 39 8403 8457 927 37 3812 360 39 8460 186 39 8459 18	39 1061 21 39 8403 8397 30 8403 8404 5595 1153 39 8804	0.40
16 14 4491 26 3 8490 21 1820 12 8933 18	39 867 21 39 8457 927 1102 39 3627 26 3 8448 18	0.00
39 1040 30 946 8882 3627 5890 808 39 4925 18	39 1040 30 946 8882 3627 37 3812 808 3 1325 4925 12 1767 18	4.60
39 625 26 39 8934 4487 18	39 1130 26 39 4487 21 8935	3.00
16 4977 4490 2423 8609 4561 18	16 4977 176 4490 2423 39 8417 283 18	4.60
1294 946 3627 8401 39 8578 3812 779 39 783 2180 18	39 1040 30 946 3627 1807 39 4327 21 3 7319 18	1.00
39 3158 12 510 5420 3801 12 39 965 18	39 959 3158 12 510 65 2299 39 4271 3801 18	3.20
39 3627 52 39 4327 6785 243 3627 2423 3 1767 18	39 1479 8852 1293 721 37 1291 2423 3 8600 18	0.00
39 3158 12 1479 1157 8630 21 39 8410 18	39 3158 12 1157 55 8936 26 8789 8937 18	1.60
16 1040 4977 176 5027 26 3 4561 18	16 1040 4977 176 5027 21 39 8417 8674 18	4.60
39 3158 12 1066 176 3812 21 3 1626 26 3 8448 18	39 3158 12 3333 510 4519 129 21 3 1626 323 26 3 8448 18	4.80
39 1040 30 6095 3627 37 8701 26 39 959 4327 18	39 1040 30 946 3627 5027 21 3 8472 18	1.80
39 1061 3117 1064 39 8938 18	39 3333 1061 37 8939 39 8938 1064 21 3 1626 18	4.40
16 1040 4977 5027 21 3 4561 18	16 4977 2940 21 3 4561 18	4.20
1412 510 176 5421 1064 39 1693 226 1786 18	39 3158 12 510 176 5420 30 5421 1064 26 3 2874 226 1786 18	2.60
16 5042 176 3812 186 39 8409 18	16 5042 176 21 8814 3812 186 146 8940 8409 18	4.20
16 2110 8941 12 6095 30 946 4977 2940 26 3 8448 18	16 4977 5027 21 3 8472 226 3 8448 18	4.00
61 1130 30 16 1156 7910 21 8942 8802	39 1130 30 16 1156 7910 21 8802 18	3.40
16 5042 6 61 8401 39 8402 6 21 39 8804 18	1061 21 8511 8402 8943 323 5421 1774 8804 2821 18	2.40
16 4977 5027 21 7319 18	16 4977 2940 21 3 7319 18	5.00
39 867 1239 39 4981 323 39 1130 504 226 23 63 243 1130 7576 39 639 8517 18	39 867 8504 52 395 1368 109 21 39 3549 323 243 867 1239 39 2820 18	0.40
39 946 8642 3627 37 4490 21 8944 946 7319 18	39 8642 6 946 3627 4490 21 3 7319 18	4.60
39 867 7576 39 710 18	39 1130 8945 26 39 8786 1032 18	0.00
39 3158 12 14 5027 8946 8947 18	39 3158 12 175 2940 8947 3801 18	3.40
16 7306 26 3 8478 7073 510 21 39 1278 4371 18	16 8948 6 61 21 783 30 61 21 946 5027 39 8634 3217 18	0.00
39 8778 5890 186 3 1626 18	39 8778 8450 2423 3 1626 18	4.00
39 946 3627 52 783 4308 37 4490 21 3 7319 18	39 8437 1040 3627 52 39 783 2875 37 21 3 825	0.60
39 1294 2065 30 39 1294 1061 569 763 26 39 8949 6786 18	39 1294 2065 21 39 1639 7912 5595 1153 39 8683 8804 18	0.40
4974 2940 2602 26 39 2574 18	601 5042 5027 2602 21 39 2574	4.20
39 3158 12 14 2787 30 8950 2893 8951 18	39 3158 12 14 2940 39 6356 3061 3217 18	1.40
39 1130 5890 360 12 61 8952 2893 243 18	39 3333 1130 5890 198 61 8953 68 243 18	2.80
39 1040 625 21 1040 30 783 37 2907 26 39 8520 52 146 1358 1040 8954 18	39 1130 5421 129 3810 39 8955 26 39 874 8520 52 146 1358 8954 8956 214 198 3 8741 18	3.60
61 639 8815 243 6 5421 21 39 783 8906 6 1814 3 8472 18	39 3333 1061 8815 243 1061 8401 39 6104 8402 21 39 2404 8536 8906 18	3.40
16 8651 5027 52 39 4302 3964 18	16 4977 5027 21 39 8571 18	3.00
146 8957 275 453 8958 129 30 8959 2780 3 854 18	3 8394 275 453 8958 8739 63 23 8450 18	2.40
39 1130 21 39 8403 3373 37 5421 26 39 8960 2 39 5 18	39 3627 5420 26 39 8448 52 39 2180 8643 18	0.00
39 867 8961 186 39 8962 8 39 5541 5027 39 3867 18	39 867 8961 186 39 8962 52 39 3867 5574 21 3 8525 18	4.40
601 8699 8963 26 3 8417 2574 52 39 3627 8396 3201 139 18	39 1325 3158 12 8964 21 3 4561 52 39 1040 30 946 3627 21 3 8965 18	2.80
39 8966 37 177 271 4487 4519 1856 16 686 18	39 1130 5890 271 8424 21 3 1626 1856 16 686 18	4.40
39 1130 52 39 8412 8621 8668 271 4487 26 3 8448 12 3 963 18	39 8882 3627 8504 26 271 8598 8599 68 6358 39 2180 26 3 8448 18	0.60
39 1130 21 39 1040 927 37 8569 1814 39 8967 8301 18	39 8798 8401 39 1040 8437 927 37 869 39 39 946 8301 21 3 963 18	4.60
39 3333 2065 52 39 8398 8402 26 52 39 1467 965 21 3 8525 18	39 3333 2065 21 39 8398 7912 52 392 21 395 4642 18	1.80
39 2065 21 39 8398 7912 8668 395 4487 1814 39 946 8968 3629 18	39 2065 21 39 783 7912 8668 395 4487 21 1820 12 39 946 3629 18	4.00
39 6095 5101 5094 8504 3201 233 2610 18	39 3627 3729 323 5420 21 3 8416 18	1.40
39 639 21 39 783 8397 37 1374 39 1040 1926 3186 68 8889 808 39 8448 8301 18	39 1130 21 39 8969 37 8733 1153 8403 1767 18	1.00
3 8511 30 946 3627 37 4490 21 3 2574 18	3 6095 30 946 4977 3800 2423 3 2574 18	3.40
601 1294 7306 176 5421 26 3 4561 18	16 8859 176 4490 2423 3 7319 18	0.80
39 6095 3627 5595 2666 3 2820 26 39 4627 7852 52 4900 21 3 8525 18	39 6095 3627 5595 5959 3 2820 1519 39 2913 7852 2423 3 3900 52 4900 21 3 8525 18	4.00
39 3138 8970 3812 360 39 208 8971 18	39 3138 8970 37 3812 360 39 1538 8971	5.00
3627 37 3812 1519 39 8606 18	39 7306 37 3812 21 3 8472 18	1.20
3 3627 2669 21 3 874 18	3 3627 8659 808 3 3629 21 3 874 18	3.20
16 7396 7306 6 61 37 8487 18	39 1294 2065 26 39 5985 5628 18	0.80
16 6324 8972 21 3 4561	16 4977 2940 52 673 261 8725 18	0.20
1479 4977 3404 21 3 7319 18	1479 4977 5027 21 3 7319 18	3.60
6095 30 1040 4977 26 7319 6 4976 8773 30 3628 226 673 261 18	39 1040 3627 3135 52 39 6095 3627 21 3 7319 18	3.40
16 4945 3404 226 3 1031 12 39 8526 1824 18	16 1824 8973 3404 26 3 1031 12 39 1824 343 1064 18	3.40
39 1130 4490 26 39 2310 18	39 1130 4490 2310	5.00
16 1157 21 39 2574 12 783 8579 18	16 4974 176 5027 21 39 2574 12 783 8579 18	4.80
39 3333 14 5890 360 686 186 39 8459 18	39 3333 1130 21 783 8408 8707 6312 360 39 959 7120 186 3 1767 18	4.00
39 1325 1040 3627 37 21 3 4561 18	39 1040 3627 37 4490 21 3 4561 18	3.60
39 6338 7910 21 39 8974 37 343 226 3 2820 18	16 7306 7910 21 1040 176 5421 21 39 114 177 8975 8587 226 3 2820 18	1.00
39 3158 12 510 176 8976 129 39 3582 1626 7946 18	39 959 3158 12 510 869 6095 30 946 8977 18	0.00
1157 2940 1663 52 8978 18	39 639 30 8979 6890 39 4779 18	0.00
39 1130 37 5425 5603 21 3 963 18	39 3627 37 4490 2423 3 963 18	1.40
39 1130 37 5652 1519 39 506 12 8656 18	3 1130 37 4902 1519 39 8526 6414 18	0.80
601 4977 8464 26 39 4627 2310	822 8464 26 39 4627 2310	1.40
16 510 7576 763 30 8396 21 39 2574 18	16 14 8396 1057 39 8980 12 39 721 18	1.20
39 6095 3627 8572 39 8562	39 6095 3627 8981 26 4561 18	1.60
39 6338 52 39 1467 8533 37 21 3 1626 380 3 7631 21 39 1467 114 18	39 3627 52 39 783 8578 318 8982 8572 808 3 4561 5959 39 5602 2180 18	0.00
867 21 783 8597 5420 26 3 8490 18	39 867 21 783 8597 8504 26 8490 18	5.00
39 3627 37 4490 2423 39 8410 587 12 1716 18	601 4977 3800 2423 39 2574 18	2.80
16 8651 5027 1064 21 3 4561	16 8651 2940 21 3 4561	5.00
39 8983 3627 5595 2423 3 4561 18	39 3627 5595 2423 3 4561 18	4.00
16 1040 30 946 4977 176 5027 3461 3801 18	16 1157 30 39 1040 3627 176 5027 109 21 3 7319 18	1.00
601 4977 4490 2423 1767 18	39 1040 3627 4490 2423 1767 18	1.00
39 867 8439 4425 544 39 3739 3534	39 867 37 8396 52 39 783 3964 18	1.20
39 8560 37 3812 21 3 1626 808 39 8984 1774 39 1824 4013 18	39 867 37 5421 1774 39 4622 7631 8743 39 8912 18	0.00
39 6095 3627 7262 39 4327 21 453 4975 18	39 3627 8408 52 39 4327 21 453 4975 18	2.60
39 3333 867 8985 808 395 2615 226 39 8986 18	39 3333 867 6 6962 8987 112 564 515 8600 18	0.80
3 4977 176 5027 21 3 7319 18	16 4977 5027 26 3 8478 18	1.80
39 3333 1061 21 783 8603 8707 37 3812 186 39 8409 18	39 3627 37 2035 8988 52 39 8851 63 23 5890 186 39 8989 8409 18	0.80
39 625 7834 129 39 8526 6414 323 623 3627 6785 18	39 625 7834 39 8526 6414 323 39 1040 3627 6785 18	3.80
39 6095 3627 8439 26 3 8448 18	39 3627 4490 26 3 8448	2.00
8886 8990 8991 21 1767 18	3 8886 8990 37 5215 18	5.00
3 1130 37 869 39 4487 1519 39 4627 6414 18	39 3439 8992 8993 1519 39 8994 18	1.80
39 959 8411 3627 37 5027 21 3 8445 7319 18	1479 4977 5027 21 3 7319 18	2.60
39 1130 869 271 4487 26 3 8448 8 3 963 18	39 1130 8396 271 8495 1519 3 2482 12 3 1532 18	0.80
16 4977 176 4490 26 3 4561 21 1820 12 3 8687 18	39 6095 3627 37 4490 26 3 4561 21 1820 12 233 8687 18	2.80
39 3627 21 21 39 721 18	39 3627 37 8776 39 8995 18	1.00
639 7576 146 960 115 37 26 1693 18	39 639 21 8398 1239 146 960 115 2022 68 46 26 1693 18	4.00
39 3627 52 8996 4308 8396 2666 3 2820 21 3 8416 18	39 639 21 1820 12 271 297 8997 4650 2666 3 2820 30 8487 18	1.20
39 6095 3627 37 5020 1767 4343 8 8593 3 1767 360 12 2109 18	39 946 3627 37 5420 8 39 825 8593 2478 3811 18	2.40
39 3333 1061 8765 26 39 7120 3534	1602 8998 176 8464 26 39 8472 2310 18	0.00
39 1040 30 946 3627 37 4490 26 3 8448 18	3 1040 30 6095 3627 37 4490 2423 3 7319 18	1.80
405 2951 5353 510 176 5421 21 3 2285 12 39 8403 8486 18	39 3158 12 510 176 869 21 3 2285 12 39 8486 18	3.40
625 52 16 8559 8549 4902 1519 39 8526 6414 18	39 625 4902 1519 39 8526 6414 18	4.20
39 867 37 5033 4371 226 39 703 18	39 867 5033 39 959 4371 21 39 703 18	4.60
39 639 30 16 4977 2940 21 3 1767 18	39 639 21 783 30 8403 8999 343 1519 226 3 1767 18	2.20
39 8605 2794 39 3439 26 39 9000 3534 18	39 8605 869 129 68 39 9001 18	2.20
510 176 5420 26 146 9002 3883 129 18	510 5463 129 146 9002 18	4.60
39 6338 37 4490 395 3627 2423 146 8616 2486 18	9003 5595 395 3627 2423 3818 2486 52 3669 3807	4.20
3 946 30 6095 3627 37 8593 453 4308 18	3 6095 3627 37 4490 1153 3 8472 18	1.40
39 8605 5890 360 3 8656 18	39 3627 5890 360 3 8656 18	0.80
233 1157 176 6278 623 763 30 9004 18	601 1157 176 5027 2602 21 3 8472 18	0.20
39 1130 3805 39 959 6137 18	39 1130 8396 39 959 1040 4779 18	0.00
16 510 4491 26 39 8460 1774 3 1767 18	16 510 4491 26 3 748 12 39 8460 21 3 2951 12 318 1767 18	3.80
16 4977 4490 3461 30 61 275 39 8736 6897 21 453 4975 18	39 1040 30 946 3627 8396 2423 3 4561 52 39 447 4327 21 271 4975 18	1.80
3 1040 30 946 3627 37 4490 26 3 4561 18	39 1040 30 946 3627 8407 21 8403 1767 18	1.40
5650 9005 8433 26 3 5003 21 1820 12 8662 18	39 5650 5574 37 8433 26 3 5003 21 1820 12 3 2729 18	4.60
39 8560 8401 8403 7319 3729 37 2440 2423 3 1626 1774 39 4519 18	39 8560 8504 26 271 763 21 3 7319 21 1820 12 39 366 2820 18	1.40
3 6095 3627 37 4490 1814 39 8417 5886 18	39 6095 3627 37 4490 1814 39 8417 4489 1074 8 6131 18	3.40
3 2065 37 8401 39 8403 8744 8397 30 9006 18	39 1130 8401 39 1040 30 946 8397 3812 26 39 4977 2285	0.00
39 9007 1130 21 1040 5027 39 946 3867 30 8713 18	39 867 21 39 1040 30 946 8427 30 9008 18	0.00
39 3627 4490 1814 3 8448 18	1061 30 2065 4490 1814 3 8448 18	1.40
39 3333 1130 30 867 5421 26 39 8520 3801 176 8708 18	3 1130 30 867 5421 26 39 8520 176 8708 18	4.60
39 6095 3627 37 3812 129 68 6358 39 3669 9009 21 23 33 4975 18	39 8412 3627 5890 68 4970 39 3669 8578 18	3.20
39 1040 3627 37 4490 21 3 4561 18	39 1040 30 39 6095 3627 4490 21 3 4561 18	3.20
39 867 37 5421 26 39 8490 52 39 6683 2760 226 395 8875 18	39 867 37 869 395 8424 18	0.50
601 4977 2940 21 39 8417 2574 18	233 4974 2940 21 39 2574 18	1.20
39 1325 946 3627 7834 808 39 8840 18	39 1325 3627 2064 2893 39 8840 18	2.80
39 3333 1061 2669 21 39 783 2180 8484 18	39 8432 1061 2521 26 39 8484 12 8403 3961 18	3.00
39 8798 26 39 8301 18	39 8798 37 869 39 8301 18	4.40
3 4977 2940 21 3 7319 26 8598 8599 18	16 4977 2940 21 3 7319 18	3.80
3 8605 2155 68 3 1031 12 3 8606 18	3 8605 8668 3 3807 3534 226 39 9010 874 18	2.40
16 14 21 39 4490 2387 18	4977 21 39 2502 18	1.00
39 1061 8653 1519 3 8654 12 233 8655 8656	39 8605 8595 1519 39 8994 26 271 8627 18	2.60
39 1040 30 946 3627 5595 2423 3 1767 18	1040 30 6095 3627 5595 2423 2574 18	2.00
16 4974 176 8396 26 39 311 21 3 8416 18	16 1157 8396 1519 39 311 21 3 8416 18	5.00
39 6095 30 946 3627 37 4490 26 3 4561 18	3 8511 30 1040 3627 37 4490 1153 3 4561 18	3.40
39 867 5595 26 3 8448 18	39 3627 5595 1153 3 3040 18	1.80
16 4977 3800 9011 26 3 4561 18	16 4977 4490 26 4561 18	4.40
16 4977 176 9012 226 39 783 1693 9013 18	16 4977 176 9014 26 3 783 1693 9013 18	5.00
39 7152 5574 21 8788 1594 37 7262 39 3561 8789 7152 2180 52 8440 8582 18	39 6095 3627 8557 21 3 1767 323 7262 39 2180 21 23 33 4975 18	0.40
39 3138 8789 3627 5890 1064 21 3 4561 323 7576 39 4327 21 453 4975 18	39 1040 3627 37 4490 2423 3 4561 7262 392 783 21 453 4975 18	2.40
16 510 176 8396 2423 233 1767 18	16 7306 176 8396 8 39 5 21 1820 12 39 3739 965 18	1.20
39 2065 37 4490 26 39 4914 311 18	39 3333 2065 37 452 26 39 6683 2760 18	0.80
39 946 3627 37 5027 52 39 2180 26 3 8448 18	39 1040 30 946 3627 37 5027 52 39 8511 3627 18	1.60
39 3627 5020 21 3 1767 18	39 3627 8557 21 3 8921 1767 18	4.00
39 1130 9015 39 8403 1278 1057 8803 8789 3348 18	39 1130 1291 39 8403 1278 3358 8 233 8483 3348 18	5.00
39 3158 12 510 176 8396 1519 3 8490 12 39 277 1853 18	39 3158 12 510 176 869 21 3 2285 12 39 8486 18	1.00
3 3627 37 21 3 1626 380 3 4561 18	3 3627 37 8433 26 39 7631 52 39 8403 4322 18	1.00
867 21 1040 7912 52 783 9016 37 8396 1519 3 2590 18	867 21 39 1040 7912 8396 26 3 2590 18	3.80
39 1040 3627 37 4490 2423 233 1767 18	39 1130 21 39 3061 8566 37 4490 52 39 3061 2780 39 3217 18	0.00
2065 8504 21 8657 1563 26 392 18	39 2065 8504 21 39 9017 940 283 18	2.00
16 4977 2187 673 261 21 3 4561 18	16 4977 1139 360 12 673 261 26 3 4561 18	4.80
3 1130 37 5421 52 39 1294 2065 21 3 874 18	3 1130 37 5027 52 3 9018 1294 3627 18	0.60
39 959 8511 3627 37 4490 52 39 3669 2133 21 453 4975	3 8511 3627 37 7262 39 3669 9019 6897 21 453 4975 18	4.40
39 3158 12 510 21 1539 8464 2666 3 8478 18	39 9020 12 1750 2778 39 8501 18	0.00
39 625 37 869 39 8443 21 3 1626 380 39 8606 18	39 9021 37 869 1814 39 2310 9022 408 52 39 8476 283 18	0.60
39 1061 8653 1519 3 8786 8994 226 1786 18	39 6095 3627 5595 26 3 8472 6 7576 39 4327 18	0.00
39 625 37 8834 2423 146 3756 21 3 7120 1139 18	39 5191 6851 6095 3627 37 4490 2423 146 1358 946 8476 283 18	0.00
3627 4490 2666 2820 52 39 2180 21 453 4975 18	3 1040 30 946 3627 8407 52 39 6095 960 21 453 4975 18	2.00
39 3333 2065 4490 26 3 8448 18	39 1294 2065 4490 226 26 3 8478 12 39 8448 18	4.20
39 6153 5574 8552 3 2180 18	3 8634 5574 1239 3 2180 18	1.60
39 1130 37 8462 26 39 4520 808 1767 18	39 1130 21 39 8456 8457 927 8458 26 39 4520 26 39 8459 18	3.00
39 867 8401 959 2800 1239 1410 21 143 763 18	39 491 867 8401 9023 8403 1031 37 3805 4551 6137 18	1.00
39 8545 5890 39 3629 18	39 8545 37 3812 808 39 3629 18	5.00
39 3333 2065 7910 21 39 9024 5404 8533 30 146 8485 867 8396 1519 3 8490 18	39 1130 8401 39 946 927 7576 39 710 8396 2423 3 6184 18	1.00
