39 3656 5420 26 5 4585 18	39 1040 30 946 3656 37 920 129 26 5 4585 18	3.6
16 3669 30 946 5709 5421 26 3 6240 18	16 3669 30 946 5709 26 6240 18	4.4
39 1325 946 3656 52 11165 6341 5420 11166 39 668 18	39 946 3656 8504 26 3 3548 18	2.6
39 959 1278 21 3 1767 226 3 10700 18	39 959 1278 26 3 1535 18	3.2
39 1935 1291 21 39 2590 18	783 2560 11167 1935 1291 1519 2590 18	4
3 11168 37 343 226 3 2820 18	39 1325 8394 5420 26 39 8840 226 3 7884 1021 18	0
39 10278 1939 1563 21 39 3247 18	39 10278 1939 8439 21 3 3247 18	4.8
39 867 226 39 7628 2732 2424 26 395 11169 18	867 226 2732 6077 52 392 18	3.4
146 2696 2160 5421 26 3 3548 18	39 11170 2160 5421 26 3 3548 18	3.8
39 8716 12 39 6095 4779 33 396 18	39 2482 2594 12 39 4779 33 396 18	3.4
39 3158 12 510 3353 226 39 2732 3801 18	3158 12 1195 510 5421 1064 39 2732 18	2.8
3 9079 5042 225 21 3 1678 18	16 1325 5042 21 39 11171 283 343 226 39 1678 18	2.8
39 11172 869 39 4779 18	39 11172 869 39 4779 21 39 4997 18	3.8
39 6549 5420 21 3 2574 18	39 6095 4779 8504 21 39 11173 3669 2574 18	1.4
3 1130 37 869 39 8706 1519 3 1532 18	39 1130 37 869 39 783 8706 26 3 1532 18	4
39 867 869 39 6095 4779 18	39 3333 2065 869 39 6095 4779 18	3.8
3 1040 30 946 9337 11174 21 1820 12 3 11175 18	39 1040 8495 30 39 6095 8495 8504 21 39 8674 21 1820 12 146 11176 5 18	2.2
39 5985 3812 39 11177 52 39 4487 18	39 1040 30 946 3656 5027 52 39 8470 18	0
39 11178 21 1820 12 2064 12 11179 18	39 11178 21 1820 12 11179 18	4.4
39 1130 8469 52 39 4981 21 271 8690 18	39 1130 8509 21 39 668 7576 39 4981 18	4
39 3158 12 1479 510 21 39 7628 2470 11180 18	1479 510 5033 11181 1064 39 2732 18	3.8
39 1040 3627 5420 21 1820 12 1467 8579 18	39 1040 3627 5420 21 39 2574 18	3
1454 129 12 39 6857 12 1767 18	39 1454 129 2594 12 39 6857 12 1767 18	4.4
39 1454 129 12 39 6095 2582 3656 18	39 1454 129 12 146 11182 1139 18	0.6
8699 5420 21 11183 18	39 8699 11184 21 39 2574 18	3.2
39 3158 12 510 3353 226 39 2732 3801 18	39 3158 12 1195 510 8576 1064 39 11185 2732 18	2.6
39 11186 3656 52 23 33 6341 5809 18	39 1454 129 12 39 3656 52 453 6341 5809 18	3.6
39 867 21 39 8411 8397 8623 112 3 2820 323 3 867 3201 395 288 39 1139 18	39 867 52 39 11187 225 26 395 1139 37 7576 39 8487 867 198 3201 18	2.6
39 8624 30 8403 11188 1939 26 3 6240 1774 39 1325 1939 3247 18	39 1325 946 721 8820 226 3 688 3247 18	0.6
39 625 21 39 8403 8397 11189 1774 39 195 2732 30 10229 18	39 625 8504 26 3 8706 1243 30 3340 39 11190 18	0
16 20 176 343 226 39 3727 18	39 946 3656 343 109 12 39 3727 18	2.6
39 1040 30 946 2646 12 39 867 4976 39 4779 18	39 1040 30 946 2646 12 9337 21 623 2886 18	1.4
39 8788 6095 4779 5420 21 39 2574 18	39 6095 4779 8504 21 39 11173 3669 2574 18	4.2
39 11191 3591 52 39 4779 21 3 8525 18	39 1040 30 946 11168 52 261 11192 21 3 8525 18	0
8485 1130 8401 8830 52 4900 21 8525 18	39 8699 21 3 2885 11193 52 8687 21 3 8525 18	0.4
3 9337 11194 21 3 11195 18	3 6095 30 946 9337 176 5033 21 3 11195 18	4
39 1325 783 30 8411 8394 11196 11197 3 8626 4585 12 39 5 18	39 783 30 6095 8394 37 11196 26 4585 18	2.25
39 625 8401 39 8454 8668 39 4487 1774 39 946 2061 18	39 2065 8401 1040 8692 30 11198 37 5420 141 68 39 8403 8706 18	1.2
39 3158 12 510 5421 1064 39 2732 52 2563 26 23 18	39 3158 12 510 4491 1064 39 2732 52 2563 30 2687 18	4
39 1040 30 208 8789 11185 114 506 21 39 1325 8302 18	1040 30 6095 2732 21 5007 114 5438 18	3.2
39 6095 4779 8504 21 39 11173 3669 2574 18	39 6095 4779 21 39 3669 2574 18	3.8
39 1040 30 946 8495 21 8724 18	39 1040 30 946 8495 21 39 4997 52 8724 18	4
146 1195 867 8504 21 39 3581 52 16 20 226 395 8627 18	3 611 6338 37 5420 21 3 3581 52 16 20 226 395 8627 18	5
39 27 1935 37 1291 4505 26 39 8860 1532 18	39 2502 512 1291 1814 39 4627 1532 18	1
39 3964 12 2507 21 1820 12 39 11199 18	11200 3656 5421 26 2665 21 1820 12 39 3823 18	0
11201 11202 5421 26 8417 2574 18	39 11203 1348 5421 26 3 3669 4561 18	4.4
601 3333 1156 5420 21 39 114 3461 18	16 968 1156 52 16 968 7306 1774 3 1767 18	0.4
783 2560 11167 1935 1291 2423 3 6184 18	2560 11167 10278 1935 1291 52 1557 18	4
39 946 8699 26 39 11204 343 226 3 2820 18	3 8613 9337 176 5420 26 3 4561 18	1.2
39 3158 12 8699 21 39 2574 18	39 3158 12 8977 11184 21 39 2574 18	1.6
39 8716 6 11205 2646 12 146 11206 3597 11207 6857 18	39 8716 345 12 39 3532 52 39 2160 30 6535 26 23 18	0
160 11208 886 3532 52 2160 11209 26 18	9392 2160 3532 52 16 11210 18	3
39 1130 5421 21 39 11211 114 18	39 1130 2521 21 39 7631 21 39 11211 114 18	3.2
16 946 9337 21 39 3669 11212 18	3 8511 4779 37 21 3 11212 18	1.4
39 1130 52 39 8424 226 39 195 758 18	1130 8396 8424 68 11213 12 39 195 2504 18	3.2
1040 8495 8396 2 8687 21 11212 18	8495 8396 2 3 5 21 39 11212 18	3.8
16 8977 5420 21 39 2574 52 8687 21 3 8525 18	39 1040 30 946 8394 26 39 974 12 1767 52 4561 21 3 8525 18	0.4
16 510 5421 226 39 2732 226 39 703 18	1479 510 5421 226 39 2732 18	1.8
783 2560 11167 1935 1291 1519 39 2590 18	39 783 16 326 1935 1291 1814 3 2590 18	3.8
39 8487 867 52 39 2687 5421 3801 52 243 8487 867 18	16 1156 5421 3801 8432 18	3.2
39 8394 7576 26 68 39 8786 11175 18	39 8801 8394 11214 68 39 3695 3629 18	3.2
3 8613 9337 176 5420 26 3 4561 18	3 946 11215 176 5420 26 3 2874 18	0.6
39 1156 8433 1153 16 14 5421 26 39 11216 18	39 1130 30 16 1156 8487 226 3 2820 323 5421 26 39 8403 11216 18	2.2
39 867 52 39 277 11217 18	39 3333 867 52 39 1040 1031 30 39 11217 18	3.4
6095 8495 52 11218 5420 21 39 2574 18	6095 4779 5420 21 2951 12 8417 2574 18	1.8
39 10494 11219 11220 226 3 8864 18	39 10494 5716 11220 226 8478 18	4.4
1040 30 946 3656 6065 2 2477 18	3 1040 30 946 3656 52 1467 6341 11221 21 3 4627 18	2.4
6095 30 946 8495 5420 21 4561 226 2482 12 1532 18	39 6095 30 946 8495 5420 21 39 8417 283 52 8687 3201 18	3.6
39 1325 3627 343 129 226 3 2820 323 5420 26 4561 18	39 1130 30 1156 8487 226 3 2820 323 5420 21 39 3581 18	0.8
39 8511 4514 52 39 1467 11222 26 271 2767 8875 343 226 3 2820 18	39 1130 52 8474 30 16 4302 4955 21 3 11223 18	0.6
1040 30 946 2646 12 11199 52 8806 226 61 748 18	39 1040 30 946 2646 12 39 8495 2 39 5 18	0
3 11168 37 343 226 3 2820 18	39 3656 343 226 3 2820 18	0.8
39 783 2560 11167 1935 26 39 11208 2590 18	39 2560 11167 1935 26 39 1853 2590 18	4.2
39 11172 869 39 4779 21 39 4997 18	39 11172 8668 39 4779 226 39 11224 18	3.6
16 14 26 1278 11225 26 3 1767 18	959 3669 1278 11225 26 11226 18	2.4
60 37 39 9216 2594 12 39 11227 8769 721 18	3 9216 2594 12 39 783 11227 2267 721 18	3.6
39 625 8401 39 8454 8668 39 4487 1774 39 946 2061 18	39 625 8401 39 4487 8454 8668 39 4487 26 39 311 2423 8687 18	3.2
39 1040 30 946 2646 12 146 611 1939 3247 18	39 1040 30 946 2646 12 39 8706 8433 26 3 2874 18	0.2
39 8412 30 946 11228 3656 37 2907 26 4917 8641 18	1040 30 946 3656 2907 26 39 6095 9223 18	2.4
39 1040 30 946 3656 37 920 129 26 5 4585 18	1040 30 946 11168 52 11222 21 256 8875 18	0.8
39 867 7576 39 1325 4981 18	39 8487 867 7576 39 1325 4981 18	4
3158 12 8977 11184 21 8417 2574 18	39 3158 12 8977 11184 21 39 2574 18	4.6
601 14 176 5421 1519 226 39 2732 115 275 3299 26 23 18	601 14 5421 226 3 2732 52 2687 30 2563 18	3.4
16 510 7910 21 946 5420 26 39 4561 2574 18	39 625 37 5420 11166 146 11229 1774 39 11230 18	0.4
39 3333 8546 2065 8401 39 8454 8439 52 39 783 8424 3201 395 18	39 3333 2065 8401 39 4487 8454 52 39 8424 21 3 8525 18	3.4
146 2695 11228 3656 2907 26 3 11216 18	39 1130 37 2778 7097 26 3 585 12 271 7631 18	0.6
16 11231 11196 26 39 8796 18	16 11232 11231 11196 26 39 8796 18	3.8
39 8744 3656 8433 1519 26 39 3964 12 3656 5063 18	5077 3656 8433 26 2285 12 3656 5063 18	3.8
8403 11199 30 5041 7631 21 39 5007 114 18	8403 11199 21 114 52 8741 11233 21 18	2
39 1130 30 1325 639 21 39 5007 114 8400 112 3 2820 18	39 1130 30 867 176 8400 112 3 2820 18	2.4
39 1306 886 52 601 2160 11210 30 261 2821 26 39 3532 18	114 52 1412 2160 11210 18	3
1602 6324 3404 26 3 7319 18	1412 10400 3404 21 3 7319 18	3.8
3 11234 12 39 11235 8495 115 37 5420 21 39 11212 1774 39 959 965 18	3 1040 30 6095 8495 37 5420 26 3 3669 4561 18	2
39 1040 2952 8820 52 39 10994 12 11236 4900 18	39 1040 721 8820 21 3 4627 109 21 3 634 18	2.6
39 10278 1939 21 3 7319 18	39 10278 1939 1563 21 39 3247 18	2.2
3 1040 8394 37 5421 26 3 2874 18	39 11237 5421 26 3 2874 18	5
3 1040 30 946 6549 37 343 226 3 2820 18	39 1040 30 946 3627 343 226 3 2820 18	2
39 867 8400 8 39 11238 52 39 11239 1226 18	39 867 37 5420 8 39 11238 142 135 11239 135 37 2159 18	4.2
39 3333 2065 869 39 946 30 8412 4779 18	39 3333 8546 2065 21 869 1594 8439 26 1031 12 39 8411 30 946 4779 18	3.8
39 1040 30 946 8699 37 8396 141 68 39 946 8699 18	1294 1040 30 946 4514 52 39 11222 26 453 8875 18	0.8
39 5007 114 52 39 11185 2732 21 3 8525 18	39 1061 2794 39 11190 26 39 11240 52 3 8448 21 3 8525 18	0
3 11185 114 2732 2155 233 3852 8741 18	11185 114 52 1538 11185 2732 506 52 11241 18	2.2
39 783 11178 8820 26 39 8490 21 1820 12 8655 18	3 783 8455 37 5421 26 3 2590 21 1820 12 3 965 18	3.6
3 11242 37 11225 26 3 1767 18	39 1294 8394 11225 21 3 1767 18	3.6
3 10336 12 8699 176 8739 109 21 3 2574 18	39 946 3656 8504 26 3 3548 18	0
16 4977 30 61 3656 5421 26 11199 18	16 4977 30 39 3656 8441 26 39 11199 18	4.6
39 1040 3627 8504 141 68 9907 226 39 2831 257 18	146 1425 3746 2065 8439 141 68 39 199 12 8579 26 39 11243 885 18	0
39 867 8400 21 1820 12 146 8302 965 21 3 7319 18	39 867 8504 21 1820 12 39 965 21 3 7319 18	4.4
61 1425 30 61 9987 867 21 8474 8487 52 623 11244 129 18	16 1156 176 8400 112 3 2820 30 4431 3 11244 129 1226 18	3.4
39 1040 1939 1661 1519 3 6240 18	39 570 1040 1939 26 39 2310 18	3
1602 9337 176 11184 8519 3 1532 18	1412 8699 11184 21 3 2574 18	1
16 1824 8964 11184 21 1820 12 146 11245 8459 18	16 4285 11184 141 68 39 1824 6 30 39 974 12 1767 18	3.2
1040 30 946 9337 3201 39 3629 18	16 1040 30 946 9337 3201 39 8786 11175 544 39 6582 11246 8403 1858 18	3.2
39 10278 1939 1563 21 39 3247 18	39 10278 1939 1563 226 3 1853 1939 3247 18	4
39 946 5094 4490 2423 7319 5096 8416 18	39 946 3627 5595 2423 39 7319 5096 208 18	3.4
39 8424 37 8820 8 39 2504 18	39 8424 37 8820 3801 39 11247 18	4
39 1130 5421 26 3 4561 343 5959 3 1858 18	3 1939 37 869 26 3 6240 21 3 7319 18	0
39 1040 6 495 2637 10229 760 26 3 3548 18	39 495 2637 7097 26 3 3548 18	4
39 8624 8424 37 8820 21 39 5007 114 18	39 8424 21 39 11185 114 18	2.4
39 2695 30 946 3656 8433 26 39 8470 21 39 1040 6853 668 18	39 11248 30 946 3656 11249 129 30 8509 26 39 6853 668 18	3.8
3 6095 3627 37 8441 271 396 26 39 946 11250 18	39 8511 3627 37 6065 26 39 11199 30 275 453 396 26 39 946 11250 18	3.4
1040 1939 26 1939 6240 18	39 1939 26 3 1939 6240 18	4.1
1040 1939 26 1939 6240 18	39 1939 26 3 1939 6240 18	4.1
3333 432 5421 26 39 1040 11199 18	3333 432 5421 26 11199 18	4
39 3158 12 1040 510 21 1820 12 39 965 52 39 11178 18	39 3158 12 510 176 3801 39 11251 965 18	2.8
146 2695 11228 3656 2907 26 3 11216 18	1130 8401 39 11252 5421 26 39 3669 11199 18	0
1195 867 5421 26 783 11253 11199 52 395 8440 1064 5617 867 18	16 1156 5421 26 11199 8400 112 2820 18	3.6
3 11232 11254 37 11196 26 39 4520 18	16 11232 11231 11196 26 39 8796 18	2.6
39 432 8400 112 39 345 26 39 11199 18	3333 432 5421 26 11199 18	4
3 14 176 5027 39 3867 30 2470 39 8790 18	32 37 39 3333 1061 52 39 783 30 8403 8498 26 4988 39 8699 18	0
16 20 5421 3461 26 3 11216 343 109 3 3727 18	16 20 176 343 226 39 3727 18	3.8
783 2560 11167 1935 18	783 2560 11167 1935 52 11255 129 18	3.75
39 8716 12 146 5094 52 39 447 1139 5420 26 4561 1774 39 5 18	39 8716 12 39 867 52 1040 11198 141 68 39 8403 8706 18	0
39 6095 30 946 3627 8439 26 39 11256 668 18	39 1325 2695 30 946 3627 52 39 2875 30 39 4942 11257 26 39 4622 3120 11250 18	1.8
3 1040 30 6095 8495 37 343 226 3 2820 18	3 1040 30 946 6549 37 343 226 3 2820 18	3.6
39 1130 869 26 3 2285 12 146 2695 9356 18	146 1475 1130 7918 2893 3 2285 12 39 160 587 1467 7361 18	1.8
39 3158 12 510 5421 226 39 703 2732 18	39 3158 12 510 5421 1064 39 2732 52 2563 26 23 18	4.2
16 8699 26 68 12 39 8422 343 226 3 2820 18	16 8699 176 5420 6 343 226 3 2820 6 1139 2618 2671 18	2
39 1040 30 946 2646 12 146 11206 1939 3247 18	39 1040 30 946 2646 12 39 3656 6065 1519 18	1.6
39 6051 12 11258 26 39 11259 21 39 2574 18	39 8788 6095 4779 5420 21 39 2574 18	1.2
39 946 2696 2160 8439 26 3 8731 11260 12 39 3726 18	146 2696 2160 5421 26 3 3548 18	3.6
39 3627 11261 2 39 1325 2732 18	39 3627 2907 2 39 2732 18	4.6
783 30 946 1935 1291 1519 1532 18	39 1935 640 1519 39 6077 1532 18	3.6
39 1278 52 1479 8685 37 5603 26 1767 18	11262 1278 5603 26 3 1767 18	3.6
783 8769 721 8464 1519 2310 18	39 783 8769 721 1291 4347 26 39 2310 18	4.6
39 8487 867 7576 39 1325 4981 18	16 8487 1156 7576 39 4981 18	3
1040 8394 5421 26 39 3673 11263 18	1325 3627 5421 141 68 946 3534 18	0.8
39 4742 11219 1935 37 946 52 783 30 8755 11264 18	39 946 577 1935 52 783 6 2695 30 1467 11264 18	3.2
783 2560 11167 1935 26 2482 12 2590 18	39 783 2560 11167 1935 26 39 1853 2590 18	4.4
39 3158 12 825 11265 52 8687 21 3 8525 18	39 3333 2065 8401 39 4487 8454 52 39 8424 21 3 8525 18	0.4
3 11242 37 11225 26 3 1767 18	959 10494 5716 11225 26 3 1767 18	1.2
39 8706 8820 141 68 39 721 18	39 11266 8706 8820 1856 16 822 18	3
39 3656 8433 26 39 783 11267 343 226 3 2820 18	39 8511 3627 6065 26 39 11268 7631 343 129 226 3 2820 18	1.2
8411 3656 343 109 3 3727 18	39 3656 343 109 12 39 3727 18	4
39 1040 30 946 2646 12 39 8495 2 39 5 18	39 1040 30 946 2646 12 39 8495 8396 2 39 5 21 39 2574 18	4.2
39 4659 1118 21 4593 198 39 3727 18	39 4659 1118 52 523 39 110 11269 18	2.8
16 3669 30 946 5709 5421 26 3 6240 18	16 3669 30 946 5709 176 5421 26 3 1939 2310 18	5
1479 510 176 8733 39 1278 1774 3 8478 18	1479 510 176 26 39 1278 26 3669 1767 18	2.8
39 2065 21 39 783 8397 37 869 39 6095 4779 18	39 8511 30 946 3627 8433 21 7631 52 39 1467 11270 18	0
16 11271 21 3 1858 18	39 1348 21 3 1858 18	2.4
39 1629 1939 1134 1519 3 6240 18	146 611 1939 8439 11272 26 3 6240 18	2
32 37 39 1325 3532 30 668 21 1820 12 3 11273 114 18	39 114 52 8511 3033 30 39 11274 30 3734 18	1.4
146 11188 10278 1939 1563 226 39 3247 18	39 10278 1939 1563 21 39 3247 18	4
39 959 1944 26 3 2874 226 3 1133 18	39 10278 1944 8450 2423 3 1626 18	1.8
39 3656 343 226 3 2820 18	39 8412 6 1040 6 30 946 3656 343 226 3 2820 18	4
789 1270 1408 11275 26 39 959 2637 18	39 1130 7910 112 39 2502 11257 18	0
16 1156 8400 52 39 4981 18	16 8487 1156 7576 39 4981 18	4
39 3333 2065 8401 39 8454 869 39 11276 18	39 2065 8401 39 783 11277 869 39 6095 4779 18	2
39 8412 3656 6065 26 39 1538 2732 18	39 8412 3656 8433 26 39 11185 2732 18	4
510 5421 26 3 8971 18	510 5421 26 11278 18	1.4
16 8977 5420 21 39 4997 18	39 3158 12 8977 11184 21 39 2574 18	1.6
39 1130 5421 21 39 2285 8571 5027 3 3867 18	39 1130 869 26 3 2285 12 146 2695 9356 18	0
3 783 1939 30 3 1467 1939 26 26 3 6240 18	16 5709 176 1134 26 3 2310 18	3.4
16 510 5421 226 39 2732 226 39 703 18	39 3158 12 510 5421 1064 39 2732 26 39 8971 18	1
39 11168 8504 1774 16 2891 4285 18	39 8699 5420 1774 395 1157 18	1.4
39 6322 11261 21 39 668 52 39 4981 26 271 8690 18	1130 52 8398 8397 2907 26 668 52 4986 18	3.4
39 1454 129 396 12 146 11182 18	39 1454 129 12 146 11182 1139 18	4.4
39 625 869 39 4627 4487 21 3 8725 18	39 625 3812 39 11279 21 3 1626 18	2.2
8511 8495 52 8875 11280 26 39 8417 2574 18	405 8699 5420 26 39 3669 6414 18	0.2
3669 30 946 8394 11196 26 5 8796 18	8394 52 39 3669 396 30 946 11281 11196 26 39 5 8796 18	4.2
11262 1278 5603 26 3 1767 18	11262 1278 11225 26 3 8403 1767 18	4.2
39 783 30 946 1348 2440 26 39 11282 854 18	783 30 946 1348 2440 2423 3 1626 18	4.2
39 1130 21 39 1031 8402 8668 39 946 4779 18	39 1130 52 39 1031 8402 869 39 946 4779 18	5
39 1040 30 946 2646 12 146 611 1939 3247 18	39 1040 30 946 2646 12 39 3656 5421 26 39 11216 18	0.8
39 8424 21 1820 12 233 11179 18	39 8398 8424 37 21 1820 12 39 965 18	2.2
39 867 52 39 11283 8402 26 18	8487 867 5421 8401 39 11283 8402 18	4.2
8820 946 2560 11167 1935 18	39 783 30 946 2560 11167 1935 37 8820 18	4.2
783 2560 11167 1935 26 2482 12 2590 18	39 783 2560 11167 1935 26 39 11208 2590 18	3.8
39 867 869 39 6095 4779 18	39 867 3810 395 297 2646 198 380 18	0.2
39 2574 12 1040 2582 8699 18	39 1040 2582 8699 18	2.8
16 6324 176 11196 26 39 8786 8645 18	16 1325 6324 11196 26 39 8786 1032 18	4
39 1935 640 1519 39 6077 1532 18	39 3669 1935 640 1519 39 1532 18	3.2
2732 52 8403 2732 5001 21 3581 18	1538 11284 21 3581 18	1.6
146 1195 1425 432 8576 52 39 11285 4981 226 39 7628 2732 18	146 8485 1425 432 8587 52 39 5025 4981 226 3 7628 2732 18	4.4
6095 30 946 11215 8396 26 3669 4561 18	39 783 30 946 1348 2440 26 39 11282 854 18	0
39 3333 867 52 39 11286 37 8401 39 8647 1031 30 8404 18	39 1156 8401 39 8647 1031 30 8404 18	4
39 6095 4779 11184 21 39 2574 12 3669 4561 18	6095 4779 5420 21 2951 12 8417 2574 18	4
39 199 12 10311 37 226 3 5135 12 39 11287 5096 2615 18	39 199 12 2563 37 760 21 3 5135 12 39 783 11288 18	1.4
39 1040 30 946 8495 5420 21 39 8417 2574 18	39 8403 9383 5420 21 39 8417 2574 18	0.6
39 1467 30 8403 11202 37 2440 21 3 1858 18	3 946 11202 37 2440 21 3 8403 1858 18	3.2
16 14 5420 21 4561 11289 226 39 721 18	39 867 21 39 8398 1031 8400 52 2687 18	0.2
39 1156 5421 21 39 668 226 5673 7576 117 129 18	39 1939 5421 26 3 6240 21 39 1939 8571 18	0
1479 1425 3333 510 5421 21 39 11290 515 5007 114 18	39 2065 5421 21 39 5007 668 18	0.8
1939 270 1519 3 6240 18	1939 11291 26 6240 18	4.6
39 3333 867 7910 21 1040 18	16 3333 4974 7910 129 5421 1519 26 8418 18	0.2
16 968 1156 52 16 968 7306 1774 3 1767 18	16 968 867 3404 52 16 968 7306 26 39 8448 18	4
3158 12 510 5421 226 2732 52 3299 18	1479 510 5421 226 39 2732 18	3
39 2732 37 506 52 7622 30 11292 112 16 510 18	39 1538 2732 37 506 52 8590 6 7622 6 30 39 4917 4302 4311 18	2.6
39 1348 2440 226 39 3126 18	39 867 52 39 946 4779 18	0
39 3158 12 825 11265 52 8687 21 3 8525 18	39 3158 12 9337 21 39 2574 52 1467 11280 21 623 4308 18	0.2
39 5007 114 52 39 11185 2732 21 3 8525 18	39 5007 114 52 959 11293 30 39 11185 2732 21 3 8525 18	3.6
1467 8744 3656 8441 26 8403 11216 18	146 2695 11228 3656 2907 26 3 11216 18	4
39 10278 1939 3100 186 39 3247 18	39 959 8394 37 2440 2423 3 1626 18	0
16 510 8989 21 39 783 11294 52 8687 21 3 8525 18	16 510 11295 21 39 1467 11294 1519 39 825 52 8687 21 3 8525 18	3.4
39 11178 21 1820 12 11179 18	946 1935 8820 21 4561 21 1820 12 965 18	0.6
510 5463 11296 21 146 11297 5438 18	510 869 8977 21 39 11298 283 18	1.4
39 1040 1939 1661 1519 3 6240 18	1040 1939 11272 26 3 6240 18	2.2
39 946 11299 8820 21 1820 12 39 3549 18	39 946 11299 8820 26 39 2590 18	3.5
16 1156 5420 21 1820 12 577 1935 18	16 14 452 21 1820 12 39 1348 18	0.4
39 625 1291 39 11300 6132 8 39 8424 18	39 1130 8401 39 11301 6854 869 39 601 11302 8424 18	1.2
959 8624 11303 2098 21 39 1678 18	3 8624 1939 37 8820 21 39 3247 18	2.6
39 1130 8668 39 959 1040 11279 18	39 639 8439 21 39 959 1040 6853 668 18	0
39 8424 37 8820 3801 39 11247 18	510 3404 3801 39 11247 18	0.8
1348 21 11304 226 8637 18	39 1348 2440 1774 3 8637 18	3.8
16 510 5421 26 39 959 8706 18	16 11231 5421 26 39 447 8796 18	0.4
16 783 11305 8820 129 52 4582 21 1820 12 139 18	783 11305 176 8820 8 39 959 946 965 8519 39 2313 4634 18	3.4
39 1467 11306 11214 68 3 2482 12 453 11307 18	39 1467 30 2695 8394 569 26 68 3 2482 12 39 11307 18	3.4
39 3627 8750 3 3430 12 39 3823 18	39 1040 30 946 3627 8750 226 39 5809 3823 18	3.8
432 5603 21 39 1325 11308 18	16 14 5603 21 39 1325 11308 18	3
39 8624 30 8403 8706 5421 141 68 39 721 18	39 8706 8820 141 68 39 721 18	3.6
783 2560 11167 1935 18	39 783 6 11309 1935 18	5
8627 5420 26 39 166 854 52 959 965 21 8525 18	16 841 1013 5420 3201 39 7361 52 39 1935 21 3 8525 18	0.4
39 1325 946 3627 8863 26 39 11310 323 6065 26 39 1538 3724 18	3 946 3627 37 8433 26 3 1538 3548 11166 3 2732 18	1.6
1130 5420 21 1820 12 8624 1939 18	1130 5420 21 1820 12 39 8624 9682 721 18	4.4
39 8716 12 39 8699 52 453 8884 7918 109 18	1454 129 1894 12 39 8699 52 23 33 8884 7918 109 18	5
39 1040 30 946 11311 8495 5420 21 39 2574 18	39 1040 30 946 8495 5420 21 3 2574 18	4.2
39 1325 8394 5421 26 39 8796 21 6223 18	39 1325 8394 11196 26 146 6221 8796 18	4.2
39 1467 8394 37 5033 4352 26 39 3695 11312 18	39 1467 8394 5033 4352 26 39 8394 11313 18	2.8
39 1130 869 39 946 4779 21 146 11314 18	39 1130 869 39 946 4779 18	4
39 6095 8736 30 946 8736 3404 26 3 4561 18	6095 30 946 11215 8396 26 3669 4561 18	4.2
39 1040 30 946 3656 30 3627 26 39 8744 11199 18	39 1040 30 946 3656 5420 21 1820 12 39 3727 18	2.4
39 1939 5421 26 3 6240 1774 39 2574 18	39 1939 1134 1519 3 6240 18	2.2
39 1156 30 1325 639 5421 226 39 7628 2732 8487 226 3 2820 18	39 1325 3656 8433 26 39 1538 8670 343 129 226 3 2820 18	0.4
39 11315 7150 8439 26 39 2732 52 39 1538 2732 11099 18	39 8394 5420 26 1031 12 39 1538 11316 18	0.4
39 1130 8401 1040 2313 3588 3174 39 1040 1031 8402 37 869 39 946 1367 4779 18	39 1130 52 39 1031 8402 869 39 946 4779 18	3.6
16 783 11305 1291 21 1820 12 39 4634 18	1939 3864 186 39 3247 18	0
9337 11184 21 39 7319 5096 2574 18	1602 9337 11184 21 39 7319 5096 2574 18	3.8
39 1130 869 39 946 4779 18	39 867 869 39 6095 4779 18	1.8
39 1325 6095 6324 37 5033 198 39 8394 11313 7918 198 39 5 18	39 1325 8394 11317 26 3 8394 11313 7918 198 3 5 18	3.8
60 39 345 12 3 11318 52 39 959 1853 21 3 8525 18	32 176 233 1040 11319 21 39 8417 8674 52 39 959 5 21 3 8525 18	0.6
1130 52 8403 8397 5420 21 1820 12 39 8712 18	39 1130 21 39 8403 8397 30 8511 3729 37 5420 21 1820 12 39 7150 12 39 1130 6 73 37 21 39 11320 9000 8426 8764 18	3.2
39 2065 21 869 1594 8439 11321 39 6095 4779 18	39 2065 21 39 783 8397 37 869 39 6095 4779 18	4
39 11322 4393 867 37 5420 141 68 39 721 18	39 1467 30 2695 8394 569 26 68 3 2482 12 39 11307 18	0
1412 11323 176 26 3 3548 30 11324 129 26 1031 12 61 243 18	601 11323 6 26 26 3 3548 6 3 261 16 26 39 1041 18	3.2
8699 176 11184 21 39 8417 2574 1774 39 3404 12 8687 18	8699 176 11184 21 3 2574 21 1820 12 39 4271 12 8687 18	4.6
39 2759 4302 668 21 1820 12 39 11325 18	39 2759 4302 668 21 1820 12 3972 11326 18	4.2
39 3627 37 8401 39 8411 8498 18	39 3627 8433 21 39 6890 8498 18	3
39 8699 8504 26 39 11204 18	39 959 8699 5420 26 39 6414 18	4
39 1040 30 946 8495 5420 21 39 8417 2574 18	39 1040 30 946 8495 5420 21 3 2574 18	3.8
8403 30 783 1348 21 8935 1042 18	39 8403 30 783 11202 323 21 1042 18	4.8
39 867 21 39 1040 8647 1031 30 8404 18	39 867 21 39 1040 8402 37 5420 8 3 8657 18	1
39 2065 869 39 6095 4779 18	3 11172 37 8401 4917 30 869 39 6095 4779 18	2.2
1130 5420 21 1820 12 1467 11327 18	39 1130 37 5420 141 68 39 1467 8769 721 18	3.2
601 14 8400 21 39 3591 18	601 14 5033 21 39 3581 18	1.2
39 1130 5421 26 3 4561 343 5959 3 1858 18	3 1130 37 5420 26 3 8490 21 1820 12 3 4779 18	0
39 1130 8587 21 1820 12 39 959 8712 52 39 7150 26 1031 18	1130 52 8403 8397 5420 21 1820 12 39 8712 18	2.8
3 1325 3627 11328 453 3123 18	3 2285 12 3 2950 1226 37 8831 52 11329 18	0
1157 343 39 8699 18	639 11330 39 8495 3801 18	0.6
39 946 3656 5420 26 39 5082 18	39 8699 5420 21 39 7683 18	0.4
39 495 2637 7097 26 3 3548 18	39 11331 7097 8439 26 3 3548 18	5
39 8716 12 39 8411 3656 52 3669 6341 18	39 8716 12 39 3656 26 39 11332 11216 18	2.4
16 6095 8977 5420 21 8417 2574 18	16 14 5603 21 39 1325 11308 18	0
16 8699 3404 21 39 5081 18	16 11333 3404 26 8526 2874 18	1.4
39 1939 37 226 39 1939 3247 18	3 1939 8439 226 3 1939 3247 18	4.2
114 52 1412 2160 11210 18	39 114 52 1479 2160 11210 21 39 6051 18	4
39 4271 3801 12 39 11247 26 39 2590 18	3 1467 8706 37 8820 26 3 2590 18	0.4
3 1939 3073 1519 3 6240 30 1814 3 11334 18	39 3627 26 3 3548 12 39 11213 504 226 39 3656 26 3 3629 18	0
39 10278 1944 8439 26 39 10803 18	39 959 10278 1944 2440 1454 68 3 2874 18	1.8
39 1294 2065 37 8432 226 3 2820 18	39 946 8495 52 277 4308 343 186 3 2820 18	0.2
611 3669 6857 5421 26 39 2732 18	601 14 21 403 5421 226 39 2732 18	0.4
601 3333 1156 5420 21 39 114 3461 18	601 8788 8586 3333 1156 21 946 6 783 30 1040 11335 18	3.4
39 11336 2646 12 39 11337 18	39 1040 30 946 2646 12 146 611 1939 3247 18	1.2
3 2285 12 39 2950 1226 52 405 11329 26 23 18	3 2285 12 39 1226 52 11329 26 18	3.8
16 946 8977 11289 808 39 3629 18	16 8977 5420 21 39 4997 18	3
5007 114 515 11290 52 959 2637 10229 18	5007 114 52 8511 5055 30 495 2637 10229 18	3.2
3 1040 30 946 9337 11174 21 1820 12 3 11175 18	3 946 11202 37 2440 21 3 1858 18	0
39 1040 30 946 8495 5420 21 39 8417 2574 18	39 1040 30 946 11311 8495 5420 21 39 2574 18	4
16 1156 5421 21 4560 8418 18	16 1156 176 5421 21 39 7772 18	2.6
39 11338 11167 783 1935 1291 1519 3 1532 18	39 783 2560 11167 1935 1291 1519 39 2590 18	5
39 1040 30 946 2646 12 39 3656 6065 1519 18	39 1040 30 946 1894 12 39 3656 8433 26 39 11339 18	4.2
39 1130 30 867 3404 6 8487 112 2820 18	39 1130 30 867 176 8400 112 3 2820 18	4.2
39 2695 30 946 3656 8509 26 39 6853 668 18	39 11248 3656 5421 26 146 886 668 18	3
39 946 3656 5420 26 39 5082 18	39 166 946 8744 3656 52 271 396 7918 360 3 2732 18	1.6
8412 30 946 5077 5131 6065 1519 26 39 3532 18	39 1130 30 271 8424 8433 1519 26 3 3669 4561 18	0.2
39 946 8394 52 447 2695 8599 5420 8 39 8459 18	959 946 8394 52 447 2695 11340 5420 26 3 8864 18	3
39 867 8400 21 1820 12 146 8302 965 21 3 7319 18	946 1935 8820 21 4561 21 1820 12 965 18	0
39 3333 867 52 39 11286 37 8401 39 8647 1031 30 8404 18	39 867 8401 8404 6 39 8788 8647 1031 6 30 39 11286 18	4.6
39 783 1939 1291 2423 39 7319 5096 1853 18	3 1939 37 869 26 3 6240 21 3 7319 18	3.2
39 2732 30 8418 176 21 39 114 52 39 345 26 3 3534 30 39 3559 3560 18	39 27 1935 1291 1519 39 1532 52 3669 8687 30 4561 21 3 8525 18	0
3 1040 8394 37 5421 26 3 2874 18	3 2285 12 39 11341 2 39 5 52 39 8495 21 3 8525 18	0
39 1130 8439 11342 11343 26 39 7631 2778 39 1325 7097 18	39 1130 8439 26 39 7631 160 1454 68 39 1325 10229 18	3.4
39 11344 1626 5715 1348 8439 26 3 10803 18	39 10278 1348 8820 26 39 10803 18	3.2
3 11345 26 39 8403 721 18	1454 129 12 3 11345 26 39 8403 721 18	4.2
39 3656 8469 26 4917 4322 18	39 1040 30 946 3656 8469 26 39 4917 8470 18	4
39 10278 1939 3100 186 39 3247 18	39 10278 1939 8439 21 3 3247 18	2.4
39 8716 12 39 3656 26 39 11332 11216 18	39 8716 12 39 4779 18	1.2
601 11346 7706 39 828 21 39 1853 18	3 11346 176 7706 39 828 21 3 7726 18	3
39 783 30 946 1935 640 1519 146 1945 2590 18	39 783 30 946 1945 1935 640 1519 3 2590 18	4.4
146 11202 3465 3 2820 18	39 9504 8495 8439 21 3 4652 12 3 8571 18	0
39 867 869 39 6095 4779 18	39 625 7910 21 946 26 39 6095 4779 18	3.2
39 11172 869 39 4779 18	39 11172 869 39 4779 21 39 4997 18	3.8
3 16 4977 7774 21 52 3 305 4285 18	16 4977 4491 26 39 11199 52 405 11347 4285 18	3.4
39 3581 52 208 11284 30 11185 2732 18	39 3581 52 1538 11284 30 5055 18	4.4
39 1939 37 4490 26 3 6240 18	39 1939 37 4490 1519 3 2310 21 39 8860 283 18	4
39 11348 37 8820 1774 39 3534 5096 52 39 8655 7347 12 39 11349 18	39 8706 37 8820 8 39 8980 12 39 1853 21 3 3188 18	3.4
5623 5420 26 39 8526 1824 6 2778 39 1348 18	39 1130 8504 26 39 1824 6 2778 39 1348 18	4.4
3 6324 176 8408 21 3 1767 18	6324 689 3278 808 1767 18	1.8
39 8394 37 11350 453 8958 21 3 1767 18	39 959 1040 8394 37 5421 21 3 1767 18	3.2
39 1040 3627 343 226 3 2820 18	3 1040 30 946 6549 37 343 226 3 2820 18	2
39 10494 11219 11220 226 39 1799 18	39 10494 5716 11220 226 39 1688 18	3.2
39 783 2560 11167 1935 26 39 11208 2590 18	39 946 1935 9342 21 3 7319 26 39 3003 2590 18	2
39 867 11351 39 3627 21 39 11298 283 18	39 867 11351 39 3627 21 39 11352 8571 18	4.8
39 1040 30 946 3656 5027 52 39 8470 18	39 1040 30 946 3656 2155 186 39 11353 12 11354 18	2.2
39 1130 26 39 1824 4487 270 1519 146 11355 18	60 37 39 1130 869 39 1824 4487 808 686 26 39 2759 854 18	3.2
39 3656 11189 26 146 886 668 18	39 11248 3656 5421 26 146 886 668 18	3.8
39 3158 12 8977 11184 21 39 2574 18	39 6095 4779 11184 21 39 2574 12 3669 4561 18	2.6
39 3158 12 510 2470 39 8790 18	39 6051 12 11258 26 39 11259 21 39 2574 18	0
16 4977 21 39 11298 11356 225 1166 18	16 867 8576 21 39 11185 114 52 39 4981 18	0
601 8699 26 39 4627 1532 11357 198 39 10278 2952 18	601 8699 21 2951 12 8513 1532 18	3.4
39 1467 30 8403 11202 37 2440 21 3 1858 18	3263 783 30 946 3103 2440 21 2371 11358 10395 18	1
3 1939 8439 226 3 1939 3247 18	3 8403 1939 37 226 3 3247 18	4
39 1939 5421 26 3 6240 1774 39 2574 18	39 4981 37 5421 21 3 4561 18	0
783 2560 11167 1935 3810 26 8035 18	39 783 2560 11167 1935 37 4595 129 485 8035 21 39 1853 18	4.4
16 175 4491 26 39 11199 7576 9375 52 39 2065 6065 26 623 6116 18	16 1156 2778 3 2590 52 623 8704 68 273 151 49 44 1710 18	0
16 1156 21 3 3581 343 226 39 960 18	16 1156 21 3581 52 61 3810 39 345 18	2.8
39 2502 4779 11359 519 39 7264 18	39 4779 11359 323 8401 3 2076 1187 18	2.8
39 11360 2098 30 1939 3883 5959 3 2820 18	39 959 8394 12 11361 2440 2666 3 2820 18	0.8
39 3158 12 8977 11184 21 39 2574 18	3158 12 8977 11184 21 8417 2574 18	4.8
39 1040 30 946 2646 12 39 3597 6857 12 11362 11363 18	60 37 39 1040 30 946 345 12 39 287 11364 11365 6857 18	4.2
39 1325 8394 11196 26 146 6221 8796 18	39 1467 8394 11196 26 39 8796 18	3.2
1412 510 26 11348 21 39 1495 3754 18	510 26 11366 21 39 1853 2590 18	4
601 8699 26 39 4627 1532 11357 198 39 10278 2952 18	601 8699 26 39 4627 1532 1096 198 39 721 18	2.2
1061 52 8474 11367 26 39 2160 18	39 1061 343 226 39 2160 2637 18	3.2
3158 12 510 8400 52 16 14 7910 63 11368 18	39 3158 12 510 5420 52 16 261 510 7910 63 11368 18	4.2
39 783 8486 11369 623 11370 323 39 1040 61 1716 3 4117 18	783 8486 11371 11370 30 11372 10395 198 3201 18	3.2
39 5007 114 52 2732 6 668 30 11216 11373 39 959 11374 18	39 5007 114 52 39 8403 11216 6 2981 7631 6 1538 8520 30 11375 18	2.4
39 8487 867 7576 39 1325 4981 18	39 867 5421 26 39 11216 7576 39 4981 18	3.4
146 11376 688 3247 52 8687 21 3 8525 18	16 841 1013 5420 3201 39 7361 52 39 1935 21 3 8525 18	0
1479 8403 30 1467 1830 2440 808 1479 1539 18	1479 8403 30 1467 1830 21 1042 18	4.2
39 4779 5420 1774 39 11175 52 243 4779 21 3 8525 18	39 3158 12 825 11265 52 8687 21 3 8525 18	0
601 4955 176 26 39 2732 18	611 3669 6857 5421 26 39 2732 18	2.4
16 5042 4491 3465 61 243 226 39 2732 30 61 2527 226 3 261 18	16 510 4491 3465 673 261 226 39 2732 63 61 2527 226 3 261 18	4.4
39 11360 2098 6305 1519 39 1939 2310 1774 8687 18	39 1939 37 226 39 1939 3247 18	1.4
39 1939 37 226 39 1939 3247 18	39 1939 8820 226 39 1939 3247 18	4.2
16 946 4977 176 8408 21 3 1767 18	3 6324 176 8408 21 3 1767 18	0.8
11306 8909 39 1325 8297 11300 18	39 946 8394 37 11377 39 8297 11300 18	3.4
39 867 5421 26 39 11216 7576 39 4981 18	8394 5421 26 39 8840 21 39 8459 18	0.4
1130 21 1467 11294 8989 2423 1767 18	1130 8989 39 1467 11294 2666 39 3 8478 18	4.2
16 6324 2440 2666 1767 11313 18	16 6324 2440 1774 8394 11378 18	3.6
16 9337 5420 21 39 959 2574 18	4779 5420 21 39 2574 18	1.6
2687 4955 363 11379 11380 11381 365 11382 11383 129 26 3 3548 18	39 6051 12 2687 4955 26 3 3548 18	3.4
16 1156 5421 3801 8432 18	16 1156 5420 3801 12 39 1935 18	2.4
39 3158 12 8699 11184 26 39 6414 18	39 3158 12 8699 176 26 39 6414 18	4
39 1130 8504 21 1820 12 39 1939 18	39 1130 37 5420 21 1820 12 39 6005 7150 6 18	2
39 11360 2098 30 1939 3883 5959 3 2820 18	39 946 8699 26 39 11204 343 226 3 2820 18	1
16 1156 176 8400 112 3 2820 30 4431 3 11244 129 1226 18	16 8487 3333 1156 4431 3 11244 129 1226 18	4.4
39 1156 1239 39 1325 4981 323 5421 26 39 11216 18	39 867 5421 26 39 11216 7576 39 4981 18	4.8
39 2560 11167 783 1646 1935 26 39 1853 2590 18	39 11338 11167 783 1935 1291 1519 3 1532 18	4
16 1156 5421 26 6095 11199 18	16 1156 5420 3801 12 39 1935 18	1
39 8412 3656 52 3669 6341 343 186 3 2820 18	39 8412 6 1040 6 30 946 3656 343 226 3 2820 18	3.2
3 8394 37 5421 26 3 8796 18	3 8699 37 5420 2 3 8687 18	0
3158 12 510 5421 226 2732 12 703 18	16 510 5421 226 39 2732 226 39 703 18	3.8
39 1040 30 946 8495 8504 26 4561 544 39 6582 11246 8403 1858 18	16 1040 30 946 9337 3201 39 8786 11175 544 39 6582 11246 8403 1858 18	2.4
39 6095 30 946 8495 21 39 2574 343 186 3 2820 18	3 1040 30 946 3656 37 343 129 226 3 2820 18	1.6
39 5541 26 39 946 4779 18	39 1130 869 39 946 4779 21 146 11314 18	3.2
16 11235 9337 6078 198 39 8451 18	16 9337 176 6078 198 39 8451 18	4.6
32 176 1412 11384 8699 21 39 4997 18	601 946 8699 21 146 11385 18	2.4
1040 30 946 8495 5420 1774 4556 12 7319 18	39 1040 30 946 8495 5420 21 3 2574 18	3.2
3 1040 3627 37 6065 21 3 4561 18	39 1040 3627 2521 26 3 4561 18	5
1306 886 1990 52 3283 3669 3033 30 3887 18	146 886 52 5416 11386 30 3669 3033 18	3.4
959 946 10494 5716 11225 26 1767 18	959 10494 5716 11225 26 3 1767 18	4.6
16 3333 510 176 5421 226 39 2732 141 68 39 3822 3597 3823 6 52 61 625 6155 226 3 261 18	16 510 4491 3465 673 261 226 39 2732 63 61 2527 226 3 261 18	4.2
39 1040 30 946 2646 12 39 1130 1291 39 721 30 5623 52 39 8706 18	39 1040 30 946 2646 12 39 1130 21 39 2240 721 30 39 1130 52 39 2240 8706 18	4
39 1130 30 39 867 7576 763 8396 1814 3 8448 18	39 1130 52 39 8621 30 39 11387 30 39 1061 2787 1814 3 963 33 8478 18	2.2
1273 8699 343 226 3 2820 18	39 3656 26 453 2285 343 226 3 2820 18	1.2
39 1040 30 946 3627 343 226 3 2820 18	39 1325 1040 30 946 11388 21 39 4997 343 129 226 3 2820 18	1.4
39 1040 2732 52 946 11389 668 18	39 867 52 395 639 18	0
783 2560 11167 1935 3810 26 8035 18	39 783 2560 11167 1935 1291 1519 39 2590 18	2.2
11262 1278 5603 26 3 1767 18	11308 5603 26 39 11246 854 18	3.4
39 8403 8394 11317 26 3 11390 4642 12 39 625 18	39 8394 37 11196 26 39 625 33 11390 4642 18	4.2
601 510 176 8 3 1767 52 1467 11391 18	601 510 6898 68 11294 18	3
39 2065 869 26 39 6095 30 946 4779 18	39 2065 869 39 6095 4779 18	3.6
39 570 1040 1939 26 39 2310 18	39 721 8820 21 1820 12 1939 6240 18	1
39 3333 1061 11392 52 39 783 30 8403 11393 18	39 3333 8546 2065 21 869 1594 8439 26 1031 12 39 8411 30 946 4779 18	0
16 11232 11231 11196 26 39 8796 18	16 11231 176 11196 26 39 8796 18	4.2
39 4943 5420 8519 39 1939 18	39 991 1813 12 510 21 39 703 18	0
39 3158 12 510 21 39 5007 114 18	39 3158 12 1479 510 8396 1057 39 7358 11394 18	0.8
39 11395 30 39 11396 946 8736 26 3 4561 1774 1767 18	39 1325 639 21 39 8398 7912 8439 26 39 2732 18	0
3 3656 37 5421 1856 16 8730 21 1820 12 39 3823 18	489 4779 5420 21 39 2574 21 1820 12 39 3629 18	0
39 2065 52 39 783 3964 5420 26 3 2590 18	39 1040 3627 37 11289 226 39 8699 18	0
39 2065 21 39 869 8402 26 39 4779 18	39 2065 869 39 8511 4779 18	3.8
39 4779 7264 37 869 39 946 4779 18	39 867 8745 39 946 4779 18	3.4
39 1130 7910 21 39 8452 11397 52 39 4327 18	39 11099 37 8441 21 3 11398 52 39 6857 12 11399 18	0
3 8394 37 5421 26 3 8796 18	39 783 30 6095 8394 37 11196 26 4585 18	3.2
39 447 1939 37 26 1939 6240 18	39 1939 26 3 1939 6240 18	4.2
39 1040 30 8511 3627 504 226 39 1040 8699 18	39 1040 3627 343 226 39 6095 8699 21 39 4997 18	3
39 114 52 1412 9598 30 8184 26 3 3534 18	39 1306 886 52 601 2160 11210 30 261 2821 26 39 3532 18	2.8
39 160 11400 5007 114 52 39 10229 21 23 18	39 8412 3656 6065 26 39 1538 2732 18	0
39 1040 30 946 2646 12 39 8495 8396 2 39 5 21 39 2574 18	39 1040 30 946 3627 343 226 3 2820 18	1
39 8624 11401 1944 11219 5421 26 3 11402 18	146 11403 8624 1348 37 26 39 10803 18	4.2
39 1130 26 39 4627 4487 3812 160 920 18	39 1130 26 39 11279 3812 52 3 1858 3201 214 18	3.4
39 2065 21 39 869 8402 26 39 4779 18	39 2065 869 39 6095 4779 18	2.6
16 510 5603 39 1325 946 11262 1278 18	432 5603 21 39 1325 11308 18	4.2
39 946 11202 37 8820 26 3 3738 18	39 8403 8706 37 8820 26 3 8490 18	0.8
39 3158 12 11404 8400 21 5053 8493 18	39 3158 12 11405 21 3669 30 946 52 11406 343 26 18	0
601 9337 11184 21 39 2574 18	1412 8699 11184 21 3 2574 18	0.8
39 721 37 3864 360 3 2482 12 3 1532 2893 3 2590 18	39 8624 721 8820 26 3 2482 12 3 1532 21 1820 12 3 11407 18	2.6
3 1130 37 5421 226 39 9392 2732 30 1374 39 8473 18	39 1130 8439 343 226 39 8473 2160 26 39 9392 2732 18	4.8
1040 5077 3656 6065 26 6095 2732 18	39 8412 3656 8433 26 39 11185 2732 18	1.4
39 11185 2732 52 8590 6 7622 6 30 39 11408 18	39 1538 2732 37 506 52 8590 6 7622 6 30 39 4917 4302 4311 18	3
1479 1157 343 226 11409 4285 18	1157 343 39 8699 18	3.2
39 1040 30 946 3656 5027 52 39 11410 11353 18	39 1040 30 946 3656 6065 26 39 8470 18	1.8
16 510 8989 39 783 11294 176 11411 21 3 318 1767 18	16 510 21 39 783 11294 26 39 2759 8459 18	3.2
39 11322 4393 867 37 5420 141 68 39 721 18	39 11322 4393 867 5420 141 68 39 1325 783 2952 18	3.8
783 2560 11167 1935 3810 26 8035 18	783 2560 11167 1935 52 11255 129 18	2.2
3 1130 37 5421 1710 11343 8401 39 11412 30 7576 39 4327 18	1130 5421 1710 11343 323 8401 39 6095 5001 30 7576 39 1538 4327 18	3.8
39 11315 7150 7576 39 8589 37 5421 26 39 2732 18	39 1130 8548 26 39 1325 1278 323 26 39 8459 18	0
16 1040 30 946 4977 226 3 3430 12 8656 18	39 3627 37 6065 226 3 3430 12 39 11413 141 68 243 5420 3627 18	2.6
601 510 5421 226 7628 2732 8487 226 2820 18	16 1195 1156 4491 226 39 7628 2732 52 39 1130 18	2
39 8801 1939 26 39 2310 18	39 570 1040 1939 26 39 2310 18	2.8
39 946 30 783 1935 1134 26 3 2590 18	3 783 1935 37 26 3 2590 18	2.2
39 783 30 8403 1348 2440 52 453 7672 11414 1519 18	39 11415 7121 1348 52 453 7672 1594 1519 18	3.2
1325 1278 270 1519 39 8514 18	39 1278 3883 21 39 825 18	3
1479 1156 30 16 14 4491 226 39 447 2732 21 39 703 18	39 3158 12 510 4491 226 39 2732 21 146 1116 703 18	3
146 611 8901 1538 5603 5716 21 3 963 18	146 611 8901 1538 5603 5716 37 8820 226 3 8423 18	2.8
16 8964 5420 21 39 2574 8 39 5 18	39 959 1278 3864 39 1325 946 1278 18	0
39 1130 5421 1710 11343 26 3 4561 6 52 39 5 21 3 8525 18	963 11219 1454 68 1688 52 3348 21 3 8525 18	0
39 1040 30 946 2646 12 39 5007 114 52 39 959 3727 6 11216 6 30 668 18	39 1040 30 946 7347 12 39 64 11416 114 52 39 2594 11417 39 7683 18	3
1454 129 12 39 6095 4779 52 39 8403 11418 18	39 1454 129 12 39 4779 8401 39 8403 11418 18	3.6
39 959 1040 8394 37 5421 21 3 1767 18	3 6324 176 8408 21 3 1767 18	2.6
39 8716 12 39 3656 26 39 11332 11216 18	39 11419 3656 8441 26 39 946 11216 18	3.4
39 625 37 3812 39 8424 30 4535 39 3439 18	39 625 869 39 4627 4487 21 3 8725 18	2.25
39 1467 27 1935 37 8820 21 39 8860 283 18	39 1467 27 1935 8820 21 39 2574 18	4
39 11420 3627 11421 26 39 1467 668 141 68 39 3669 11422 18	39 8888 5421 26 39 1467 668 8519 39 959 11423 3540 18	3.2
3 867 37 5421 26 3 783 8706 18	3 946 8699 37 5420 26 3 3669 6414 18	0
39 8699 5420 26 39 2732 226 952 18	11424 8699 226 952 758 18	4.2
39 8716 12 39 1040 1939 2098 18	1454 129 12 39 946 8699 52 39 1040 396 18	0
39 2695 30 946 3656 8509 26 39 6853 668 18	39 2695 30 946 3656 8433 26 39 8470 21 39 1040 6853 668 18	4
39 1939 8668 26 271 6240 18	3 1939 6305 1519 3 2310 6 1856 16 11425 12 8687 18	3
16 14 26 1278 11225 26 3 1767 18	39 1538 11426 26 3 963 18	1.8
1040 30 946 8495 5420 21 8417 2574 18	39 1040 30 946 11311 8495 5420 21 39 2574 18	3.8
39 2560 11167 783 1646 1935 26 39 1853 2590 18	39 2560 11167 1935 640 26 39 1853 2590 18	4
16 20 5421 26 39 11199 343 109 3 3727 18	39 3656 343 109 12 39 3727 18	2.6
3 10229 30 3532 12 7213 114 52 3947 11427 18	39 10229 30 39 8473 2160 176 26 21 39 7213 114 18	2.6
39 1130 869 39 1325 8424 18	39 1130 37 2794 39 11190 26 39 4487 18	2.8
601 8964 176 2035 11428 129 8 39 3627 18	601 8964 176 11429 8 39 3627 18	4.6
39 867 8401 39 7536 7912 37 11430 39 11180 26 39 946 2732 18	39 625 8401 39 8454 8439 26 39 8424 26 39 11282 854 18	0.4
39 1130 2794 39 11190 26 39 1824 4487 18	39 867 8400 8 39 11238 52 39 11239 1226 18	0
39 8511 8700 26 39 11431 3548 18	8511 8700 6065 1519 26 946 11260 18	3.8
39 1040 1939 1661 1519 3 6240 18	39 1939 1134 1519 3 6240 18	4
39 8716 345 12 39 946 30 4917 8706 18	39 8716 345 12 39 3532 52 39 2160 30 6535 26 23 18	1
39 3333 2065 869 39 6095 4779 18	39 867 21 869 39 6095 4779 18	3.8
39 1040 3627 5420 21 39 8417 283 18	39 11432 3627 8504 21 39 8417 8476 283 18	3.4
16 1156 21 3 3581 343 226 39 960 18	601 14 21 403 5421 226 39 2732 18	0
16 1156 8400 52 39 4981 18	39 867 8587 52 39 4981 18	2.2
39 3158 12 510 5421 1064 39 2732 5831 2563 18	1479 510 176 5421 1064 39 5007 114 11433 18	2.8
1939 21 39 3247 18	39 1939 21 39 3247 18	5
39 8403 8706 37 8820 26 3 8490 18	39 8403 11178 8820 26 3 8490 18	4
39 8403 8394 5420 26 39 4560 18	8403 8394 5420 26 3669 4561 18	4.6
39 783 2560 11167 1935 26 39 1853 2590 18	39 783 2560 11167 1935 1291 1519 39 2590 18	4.8
16 5709 1576 39 1939 3247 18	3 1939 8439 226 3 1939 3247 18	2.4
39 867 5604 869 39 4779 18	3 867 37 869 26 3 6095 4779 18	3.8
146 11206 886 11434 18	146 11206 886 668 21 39 11434 18	3
39 1130 869 39 946 4779 18	39 867 52 39 946 4779 18	2.2
1939 270 1519 3 6240 18	39 1040 11360 1939 1134 26 3 8406 6240 18	3.8
39 1130 30 16 1156 8487 226 3 2820 323 5421 26 39 8403 11216 18	39 1130 30 1156 8487 226 3 2820 323 5420 21 39 3581 18	2.2
39 1130 30 867 4491 226 39 2732 21 39 703 18	1479 1156 30 16 14 4491 226 39 447 2732 21 39 703 18	2.2
39 3333 1130 8401 39 8744 8397 37 7576 16 8730 18	3333 11435 1130 7576 16 8730 1774 8448 18	3.8
39 959 10494 5716 21 11436 52 8687 3201 18	39 10494 5716 11220 226 39 1688 18	3.4
39 946 1348 26 3 10803 18	39 946 7255 11202 1505 3 10803 18	4
16 9337 7706 39 1532 11437 18	16 9337 1710 39 8426 2590 18	3.8
1412 9337 11184 26 3 11438 8 3 1532 18	1602 9337 11184 26 39 3623 12 4561 1856 16 11439 18	4
39 10229 6 11440 668 6 30 195 7322 21 39 3283 114 18	39 6853 11199 30 1538 2732 21 39 5007 114 18	2.2
3 946 11215 176 5420 26 3 2874 18	39 867 21 39 1040 8402 37 5420 8 3 8657 18	0
39 1040 8495 30 39 6095 8495 8504 21 39 8674 21 1820 12 146 11176 5 18	39 1040 8495 30 39 6095 8495 5420 21 1820 12 39 1325 11441 12 8687 21 39 2574 18	4.2
783 2560 11167 1935 1291 1519 2590 18	39 2560 11167 1935 26 39 1853 2590 18	3.6
39 3158 12 510 3353 226 39 2732 3801 18	39 3158 12 510 5421 226 39 703 2732 18	3.2
8511 8495 52 8875 11280 26 39 8417 2574 18	625 21 8417 2574 11442 68 8699 18	1.2
39 1454 129 12 3 1820 748 12 39 4917 30 946 11443 4110 18	1454 129 12 3 9216 12 39 783 8769 721 18	1.2
16 1156 8297 226 39 4890 3549 18	16 1156 21 39 4890 3549 18	4.6
39 3158 12 510 5421 226 39 703 2732 18	3158 12 510 5421 226 2732 12 703 18	4.6
39 8716 12 39 6095 4779 33 396 18	39 8716 12 39 1467 27 1935 18	0
39 625 21 39 783 3373 5420 141 68 39 3739 1216 8670 18	39 6095 4779 37 5420 26 4561 30 7685 18	0
39 1280 11444 37 8396 141 68 453 7173 21 39 8417 2574 18	8716 12 3333 4779 8396 141 68 39 2256 4779 18	2.6
39 1156 5420 141 68 39 6095 8495 18	39 1156 21 8474 8504 141 68 39 8495 21 39 2574 18	3.8
16 20 5421 26 39 11199 343 109 3 3727 18	16 20 176 343 226 39 3727 18	3.6
39 3627 11445 109 3 2285 12 39 8486 18	39 3627 37 6901 109 12 3 2285 12 39 7361 18	3.6
867 21 8403 10203 7912 11430 186 2563 18	39 867 21 39 8403 7912 5820 39 11180 18	3.8
3 1040 30 946 3656 37 343 129 226 3 2820 18	39 8412 6 1040 6 30 946 3656 343 226 3 2820 18	3.6
16 11446 7306 4491 11321 39 783 146 1467 8706 52 39 2482 721 18	39 432 8400 26 39 783 30 1467 8706 18	3.2
39 1325 946 3656 5420 21 39 3664 18	8412 30 946 3656 5421 21 3622 3664 18	3.6
39 1130 26 3 2285 1243 12 39 783 11447 8424 18	39 1130 37 4425 26 3 2285 12 39 11447 8424 18	3.6
3 1325 3627 37 8401 39 8845 30 343 129 226 3 2820 18	39 1325 946 3627 8401 39 8498 504 129 226 3 2820 18	4
16 14 5420 21 4561 11289 226 39 721 18	16 1156 5421 21 8418 21 39 2504 18	0.4
39 2160 26 39 3532 18	39 2160 11448 26 39 3532 18	4
39 1325 639 8487 226 3 2820 18	39 1325 639 8439 26 39 3738 3534 1774 946 4622 18	1.6
39 1294 8394 11225 21 3 1767 18	39 8736 11225 21 3 1767 18	2.4
39 867 8504 21 1820 12 39 965 21 3 7319 18	16 1156 30 39 4981 8576 21 1820 12 39 11185 114 18	0
39 946 1935 52 3 2077 11449 37 1774 1767 30 39 277 5716 18	39 946 1935 52 1767 30 39 8620 21 3 8525 18	3.8
1306 886 1990 52 3283 3669 3033 30 3887 18	1325 886 1990 52 3283 3669 3033 18	3.8
611 8403 30 946 1939 26 6240 18	39 8403 1939 21 39 11450 283 18	2.6
3333 4981 2065 5421 26 2732 18	39 867 52 39 8487 4981 5421 26 3 2732 18	1.6
39 3669 721 8820 226 39 11451 18	39 3669 721 8820 3801 3 11451 18	5
1467 1278 26 39 8448 18	39 1467 1278 26 8478 18	4
3158 12 510 5421 1064 39 703 11185 2732 18	39 3158 12 510 5421 226 39 703 2732 18	4.8
39 11452 52 6535 8433 26 3 8403 5965 11185 2732 18	39 1325 3581 30 39 11211 2732 52 39 8403 2732 5001 18	3.4
1939 21 39 3247 18	5709 1576 146 11453 3247 18	3.8
39 8411 3656 37 5421 26 3 3727 11177 343 226 3 2820 18	3 3656 37 5420 26 3 3727 11454 343 226 3 2820 18	4
16 11215 176 5420 8 3 1767 18	3 6324 176 8408 21 3 1767 18	2.4
39 1040 30 946 8495 21 39 4997 52 8724 18	1040 30 946 9337 3201 39 3629 18	2.8
1130 5027 3867 323 5421 1519 18	783 30 946 1935 1291 1519 1532 18	0
39 1130 30 867 176 8400 112 3 2820 18	39 3656 5421 26 8472 343 129 226 3 2820 18	1.4
783 2560 11167 1935 1291 1519 39 2590 18	39 2560 11167 1935 26 39 1853 2590 18	4.2
39 3669 30 946 5715 1348 3810 12 198 146 1133 18	946 30 3669 2532 1208 3810 360 12 10803 18	3.6
601 9337 176 11184 21 39 8417 2574 18	601 9337 11184 21 39 2574 18	4.6
3 6095 1939 37 5421 26 3 8406 6240 18	3 946 1939 37 5421 26 3 6240 18	2.25
39 1040 30 946 11311 8495 5420 21 39 2574 18	39 1040 30 946 2646 12 39 3656 5421 26 39 11216 18	0.4
16 20 176 1454 3461 1576 30 1040 30 946 5101 11385 18	16 4981 11455 176 5421 1576 39 11456 6 11457 11458 18	3.6
39 2891 8546 639 21 39 8403 7912 8439 26 39 2732 1774 395 7173 18	39 3333 8546 2065 8401 39 8454 8439 52 39 783 8424 3201 395 18	1.6
39 3158 12 510 5421 226 39 703 2732 18	39 3158 12 510 5421 1064 39 2732 26 39 8971 18	2.6
39 1040 30 946 8495 21 39 4997 52 8724 18	39 1040 30 946 3656 2521 21 3 4627 18	0.4
39 783 6 11309 1935 18	1820 30 2767 2482 12 39 783 2560 11167 1935 18	3.2
39 1467 27 1935 8820 21 39 2574 18	39 6095 4779 21 39 3669 2574 18	0
39 8716 2594 12 39 4779 33 396 18	39 2482 2594 12 39 4779 33 396 18	3.2
146 1195 1130 477 26 271 8473 226 1306 18	8485 8489 5421 26 11199 52 8473 18	4.2
146 611 8901 1538 5603 5716 21 3 963 18	39 1538 11426 26 3 963 18	3.2
39 8699 5420 21 39 11450 283 18	39 959 8699 5420 26 39 6414 18	4.4
39 3158 12 510 5421 26 39 1325 11216 141 68 39 3581 18	39 3158 12 510 5420 1774 39 1325 639 5421 26 39 4779 18	1
39 946 1348 26 3 10803 18	39 946 11202 37 26 39 10803 18	4.8
39 8511 8700 2035 11459 18	39 8511 8700 2035 1265 30 11459 18	4.4
3 3656 37 5421 26 39 3964 12 3656 2563 18	16 11231 5421 26 39 447 8796 18	0.4
11460 11185 114 52 208 5055 18	146 11460 8398 11185 114 52 1538 5055 18	3.8
39 1156 8433 1153 16 14 5421 26 39 11216 18	16 14 21 8692 176 5421 26 39 11216 18	2
16 11366 26 39 4627 2310 18	16 4627 11461 869 808 4627 6414 18	3.6
39 1130 3812 271 4627 4487 18	39 1130 26 39 4487 3812 2423 3 1626 18	3.6
3 1040 30 946 3656 37 343 129 226 3 2820 18	39 1040 30 946 3627 343 226 3 2820 18	2.2
39 959 4556 12 1538 5066 11462 920 18	39 959 4556 12 10747 208 18	3.8
39 8411 3656 52 3669 6341 504 226 3 2820 18	39 8412 3656 52 3669 6341 343 186 3 2820 18	5
16 11192 3404 26 39 8417 6414 18	16 4627 11461 869 808 4627 6414 18	0.2
39 1040 30 946 2646 12 39 6857 5421 11321 39 7120 11463 21 1820 12 39 4271 12 11464 18	39 6857 12 1767 5421 26 39 9000 52 261 8054 30 39 3534 21 3 8525 18	2
39 867 869 39 6095 4779 18	39 2065 869 39 6095 4779 18	4
1040 30 946 2646 12 39 2065 26 39 11216 18	39 1040 30 946 2646 12 39 8495 2 39 5 18	1.2
39 1040 30 946 3656 37 5421 26 39 6095 668 343 129 18	1040 30 946 3656 5421 26 208 668 343 129 18	3.6
39 1040 30 946 11311 8495 5420 21 39 2574 18	39 959 1040 30 946 8495 21 39 2574 18	4
39 1130 21 946 52 39 7622 6857 30 39 867 21 39 783 11465 52 39 946 8759 18	39 1130 30 867 8400 26 39 2574 52 39 6857 12 7622 18	3
39 9504 8495 8439 21 3 4652 12 3 8571 18	39 1040 30 946 8495 5420 21 3 2574 18	1.8
39 2560 11167 1935 640 26 39 1853 2590 18	39 783 2560 11167 1935 1291 1519 39 2590 18	3.6
959 1040 30 946 3656 8441 26 39 11466 18	39 1325 946 3656 5421 21 39 3664 18	1.8
1061 4988 39 8699 18	39 1061 4988 39 8699 8724 18	4.2
39 1040 3627 8504 141 68 9907 226 39 2831 257 18	39 1040 3627 8504 21 3 2951 12 39 2831 257 18	4
39 2065 21 39 1040 11467 1239 129 146 1358 1041 12 9210 11468 30 39 11469 12 3955 18	39 2065 8401 1040 8692 30 11198 37 5420 141 68 39 8403 8706 18	0
39 1454 129 12 39 1325 11470 21 39 199 18	39 1454 129 12 39 867 7576 39 946 8700 18	0.8
3 946 8699 37 5420 26 3 3669 6414 18	39 8699 8504 26 39 11204 18	4
39 11432 1130 52 39 8402 5420 1856 16 959 6 11471 11207 4955 18	39 1130 52 39 3373 30 8498 8396 1856 16 959 4955 18	3.6
39 1040 30 946 8394 26 39 974 12 1767 52 4561 21 3 8525 18	39 1935 37 26 39 1532 52 39 11472 8852 21 3 8525 18	0
39 1538 8424 52 146 11473 18	39 3158 12 1195 510 5421 1064 39 11185 2732 18	0
39 1040 30 946 2646 12 39 11474 1538 3629 18	39 1040 30 946 2646 12 146 611 1538 3629 1774 39 3898 2590 18	4.5
16 1156 5421 21 8418 21 39 2504 18	16 1156 176 5421 21 39 7772 18	3
16 6095 8977 5420 21 39 3669 11475 18	39 6095 4779 8504 21 8609 4561 18	2.6
16 14 8401 4487 11476 18	16 14 3404 52 623 8730 3801 39 2504 18	1.6
146 11403 1944 11477 1814 39 10803 18	39 8624 11401 1944 11219 5421 26 3 11402 18	3.2
39 783 8394 30 1479 261 6324 5421 21 3 7319 18	1602 6324 3404 26 3 7319 18	2.8
39 1156 2783 39 668 52 39 11185 114 21 3 8525 18	39 1130 30 1061 8396 1814 39 8448 52 3 1535 21 3 8525 18	0
39 1130 5027 39 1608 3217 21 39 3549 18	1130 5027 3217 21 39 3549 18	3.4
39 3158 12 510 5421 1064 39 2732 26 39 8971 18	39 3158 12 510 5421 1064 39 2732 52 2563 26 23 18	3.6
146 8485 1425 432 8587 52 39 5025 4981 226 3 7628 2732 18	39 3158 12 1195 510 8576 1064 39 11185 2732 18	2.4
39 3333 2065 8401 39 4487 8454 52 39 8424 21 3 8525 18	39 1156 1239 39 1325 3627 26 39 8578 52 8418 21 3 8525 18	0
3 2285 12 39 2950 1226 52 405 11329 26 23 18	3 2285 12 3 2950 1226 37 8831 52 11329 18	5
39 8424 37 8820 3801 39 11247 18	39 3669 4487 8820 3801 39 3972 3549 18	4
39 6095 2560 11167 577 1935 26 39 2590 52 39 11472 8852 3201 23 18	39 11309 1935 1291 21 1820 12 39 11472 8852 18	4.4
39 1040 30 946 668 5421 21 1820 12 39 3739 3534 30 39 3727 52 39 6014 1118 21 39 11478 18	39 1040 8384 8699 5096 21 3721 946 11410 8504 21 39 11212 52 261 8699 18	0.6
5077 3656 343 109 3727 18	39 946 3656 343 109 12 39 3727 18	3.6
16 9337 8963 21 39 2574 18	39 6095 4779 21 39 3669 2574 18	1.8
39 1130 21 39 1040 8566 26 39 946 4779 18	39 1130 21 39 11479 26 39 946 4779 18	3.6
39 3656 2907 26 3 3500 52 39 11250 3201 23 18	3 3656 37 8433 26 146 5094 3120 8470 18	2.4
16 1156 3404 21 39 5007 114 52 39 1040 3627 18	16 1156 5420 21 39 5007 114 52 39 1040 3627 343 2666 3 2820 18	4
16 11366 8464 26 39 4627 2486 18	16 11366 26 39 4627 2310 18	3.4
16 510 8989 39 783 11294 176 11411 21 3 318 1767 18	16 510 8989 21 39 783 11294 52 8687 21 3 8525 18	3.2
39 8716 2594 12 3 11345 12 39 8403 11480 721 18	1454 129 12 3 11345 26 39 8403 721 18	4
39 625 37 5420 11166 146 11229 1774 39 11230 18	39 625 1102 39 3627 1814 3 1767 33 1021 18	0.2
822 1291 1774 39 532 965 18	10394 1291 4986 12 146 11481 965 18	2.4
39 867 30 639 1846 11482 1519 3 8490 18	39 1156 30 39 3333 2065 8396 11483 1814 3 8490 18	3.4
39 8403 30 2695 11202 2440 52 453 7672 1594 1519 18	39 783 30 8403 1348 2440 52 453 7672 11414 1519 18	2.6
39 3333 867 37 869 39 1280 8851 21 39 4627 11484 18	39 1130 37 11289 226 39 4779 52 39 946 11485 18	0.8
39 946 8394 2440 129 2893 39 5 18	39 946 3656 8433 26 39 4322 18	1.2
39 1040 30 946 3656 6065 26 39 8470 18	39 1040 30 946 3656 8469 26 39 4917 8470 18	4
39 965 52 39 7096 1226 808 3 5080 68 453 8893 94 18	1532 52 3 9216 1894 12 3 4812 3949 12 39 1935 18	0.2
39 3158 12 510 5421 1064 39 2732 5831 2563 18	39 3158 12 510 5421 1064 39 2732 26 39 8971 18	3.4
39 1130 30 1156 5421 26 39 11216 7576 39 1325 4981 18	39 867 5421 26 39 11216 7576 39 4981 18	3.2
39 1040 30 946 3656 6065 26 39 8470 18	39 1040 30 946 3656 2907 26 453 2482 26 39 4917 8470 18	3
39 1040 30 946 2646 12 39 2847 1243 18	39 1040 30 946 2646 12 39 8424 18	1.8
39 5007 114 52 39 11185 2732 21 3 8525 18	2594 12 39 5007 114 52 39 11185 114 21 3 8525 18	4.2
39 867 226 3 11185 2732 52 7622 6 2687 6 30 8835 18	1479 1156 30 16 14 4491 226 39 447 2732 21 39 703 18	1.4
39 783 30 8411 1939 37 270 2423 39 8912 18	39 783 30 8411 1939 10946 2423 39 8912 11197 3 8687 18	4.25
783 2560 11167 1935 52 11255 1358 18	146 611 783 5678 2560 11167 1935 52 453 11255 6005 18	4.2
39 8473 2160 30 39 2160 11209 18	39 8473 30 39 1169 226 39 11486 18	2.6
39 1130 869 39 946 4779 18	39 867 8745 39 946 4779 18	1.8
2594 12 39 5007 114 52 39 11185 114 21 3 8525 18	39 5007 114 52 959 11293 30 39 11185 2732 21 3 8525 18	3.8
146 2695 5131 4328 26 39 6853 11199 18	3333 432 5421 26 39 1040 11199 18	0.8
39 946 3656 8433 26 146 886 668 18	39 946 3656 8433 26 39 4322 18	2.4
39 1325 1467 1278 5421 26 39 7689 8448 18	39 1325 2065 8439 26 39 9000 11177 1774 39 946 11487 1118 18	0
16 1156 176 11488 39 946 8699 1576 12 39 1538 965 18	16 1156 11489 39 946 8699 21 39 1538 11490 18	4
39 625 8401 39 4487 8454 852 26 39 6683 2760 18	39 625 8401 39 8454 8668 39 4487 1774 39 946 2061 18	3
39 8657 1939 3864 186 3 3247 18	39 946 1939 3864 186 39 3247 18	3.6
39 8424 37 8820 8 39 2504 18	39 3669 4487 8820 3801 39 3972 3549 18	3.8
16 14 5420 26 8448 18	16 1156 5420 21 1820 12 577 1935 18	0
39 1130 52 8474 30 16 4302 4955 21 3 11223 18	39 1130 452 52 16 1767 4955 5421 21 1820 12 214 18	3
11432 1040 3627 5420 21 8417 2574 18	39 8403 9383 5420 21 39 8417 2574 18	1.4
39 1325 3532 52 668 1774 39 11273 11491 18	39 114 52 8511 3033 30 39 11274 30 3734 18	0.2
783 2560 11167 1935 1291 2423 3 6184 18	783 2560 11167 1935 1291 1519 39 2590 18	4.6
39 11492 11350 453 8958 21 39 974 12 1767 18	39 1040 11493 11350 453 8958 26 3 1767 18	3
39 8411 3656 8433 26 39 6095 2732 18	39 8412 3656 6065 26 39 1538 2732 18	4.2
8706 8820 141 68 39 721 3801 18	39 8706 8820 141 68 39 721 18	4.4
39 8716 12 39 6095 4779 18	39 8716 12 39 4779 18	4
1061 8433 26 11199 52 3627 18	3 1061 37 6065 26 39 11199 52 39 8700 18	4.4
39 1040 30 946 1894 12 39 3656 8433 26 39 11339 18	1040 30 946 345 12 39 3656 8433 26 39 11339 18	5
39 959 1944 26 3 2874 226 3 1133 18	39 959 11202 8820 226 3 1133 226 1786 18	3.6
39 4556 12 446 1538 965 9907 52 39 668 26 1031 18	4556 12 1538 7134 52 668 26 1031 18	4
16 1156 176 5421 21 39 7772 18	16 14 8547 39 4371 21 39 8117 18	0
740 4955 12 11380 11381 11383 129 26 3 3548 18	740 4955 12 11380 2687 11383 129 26 39 1538 3548 18	4
146 886 52 5416 11386 30 3669 3033 18	1325 886 1990 52 3283 3669 3033 18	4
39 867 8745 39 946 4779 18	39 1130 21 39 11479 26 39 946 4779 18	2
39 1325 639 8487 226 3 2820 18	39 3656 343 226 3 2820 18	1.4
39 867 869 39 6095 4779 18	625 7910 21 8403 869 6095 4779 18	2.6
2646 12 39 10229 2637 4976 39 366 18	3 11494 11331 7097 37 4976 39 366 18	3.2
39 8394 11196 26 39 11495 18	8394 11196 26 39 11495 8519 39 11496 3534 18	4.2
946 3656 5421 1576 12 39 3664 18	8412 30 946 3656 5421 21 3622 3664 18	3.4
3333 867 21 869 1594 26 1031 12 4779 18	3333 2065 21 869 1594 26 39 4779 18	4.4
16 510 176 5603 39 1325 1278 18	16 1156 21 39 11308 18	3.8
39 1325 8394 26 39 2891 8796 18	39 1325 8394 11196 26 146 6221 8796 18	3
16 4285 5421 26 39 7120 18	16 11231 5421 26 39 447 8796 18	1.6
16 20 4491 26 3 2285 12 39 11199 343 109 3 3727 18	16 20 176 5421 26 3 2285 12 39 11199 30 343 109 3 3727 21 39 1535 2646 18	4.2
39 1130 26 39 8706 4535 39 11190 18	11497 4535 39 11190 141 68 39 721 18	4
39 10278 1939 1563 226 3 1853 1939 3247 18	39 10278 1939 52 39 1467 2098 18	1.8
16 3333 1156 11498 39 8699 18	16 1156 11488 39 8699 18	4.4
2767 2482 12 39 8624 1939 2098 18	39 8716 12 39 1040 1939 2098 18	2.2
3 3333 7264 1077 39 5463 26 3 6095 4779 18	39 3333 3392 7264 26 39 6095 4779 18	3.8
700 510 176 8774 226 39 703 2732 30 343 186 3 2820 18	39 3158 12 510 5421 226 39 703 2732 18	3
1294 946 11168 52 7372 68 208 18	39 946 11168 52 453 7372 544 39 1538 1041 18	3.8
39 1040 1939 1661 1519 3 6240 18	39 447 1939 37 26 1939 6240 18	2.8
39 11499 11331 7097 37 3058 52 453 16 5989 3196 18	39 11500 495 2637 7097 52 16 5989 3196 18	5
39 10494 5716 37 21 1820 12 39 11501 283 18	11200 3656 5421 26 2665 21 1820 12 39 3823 18	0
39 3333 2065 869 39 946 30 8412 4779 18	39 1294 2065 37 869 39 946 30 8412 4779 18	4.6
39 1040 3627 8504 141 68 9907 226 39 2831 257 18	39 1040 3627 5420 21 39 114 2035 10119 18	3.2
8403 11199 30 5041 7631 21 39 5007 114 18	39 6853 11199 30 1538 2732 21 39 5007 114 18	2.2
39 8394 37 11350 453 8958 21 3 1767 18	39 1040 11493 11350 453 8958 26 3 1767 18	3.6
39 1040 30 946 8495 5420 21 8724 504 2285 226 3 2820 18	32 37 39 1040 30 946 8699 5420 26 3 4561 18	0.2
39 1040 30 946 3656 6065 26 39 8470 18	39 1040 30 946 3656 8433 26 39 3656 7631 18	3.75
3333 867 21 869 1594 26 1031 12 4779 18	3 867 37 869 26 3 6095 4779 18	3.8
39 1348 2035 11502 112 11503 18	39 1325 11504 1348 2035 11505 26 3 11402 18	3.4
39 946 6853 11199 52 39 8806 30 153 8470 26 23 18	39 10229 52 39 1367 26 18	0
1479 510 8733 1519 39 825 18	1479 510 6051 39 11294 21 1767 18	4
39 8788 6095 4779 5420 21 39 2574 18	39 6095 4779 21 39 3669 2574 18	3.8
39 3581 52 1538 11284 30 5055 18	3581 52 1538 2732 30 11284 18	4.2
39 946 8424 8504 26 39 3548 18	611 2391 8424 8820 26 3548 18	3.4
39 8394 5033 198 39 8394 11313 18	39 1467 8394 5033 4352 26 39 8394 11313 18	3.2
1040 8394 5421 26 39 3673 11263 18	1040 8394 5420 26 3673 18	4
16 14 452 21 1820 12 39 1348 18	16 14 452 21 1820 12 39 1325 1348 18	4.4
8788 8789 3627 5420 21 8417 2574 18	39 8412 3627 5420 21 39 8417 2574 18	3.2
39 3333 8546 2065 8401 39 11506 30 39 8424 8454 18	39 3333 2065 8401 39 4487 8454 52 39 8424 21 3 8525 18	3.8
16 20 6 61 6095 30 61 946 8433 26 39 7631 52 39 8403 8470 18	16 20 6 61 11248 6 3 261 946 8433 26 39 7631 18	3.2
3 3656 37 11507 39 9210 4309 11508 18	8412 30 946 3656 5421 21 3622 3664 18	0.8
3 1939 8439 226 3 1939 3247 18	39 1939 8820 226 39 1939 3247 18	4.6
39 432 1239 39 4981 18	432 52 5025 4981 18	4.2
39 1325 8394 5033 198 3 11313 18	8394 5033 198 39 8394 11313 18	4.25
1454 129 12 39 946 8699 52 39 1040 396 18	39 8716 12 39 8699 52 39 1040 396 18	4
16 6095 8977 5420 21 8417 2574 18	6095 4779 5420 21 2951 12 8417 2574 18	3
39 3333 1061 8433 26 39 11216 52 39 3627 18	39 1325 1061 8433 26 39 11216 52 39 3627 18	5
39 783 8394 37 11196 21 39 5 18	39 1325 783 30 8412 8394 11196 21 39 5 18	3.2
16 11305 8820 26 39 2590 18	1467 8455 8820 21 146 11509 219 18	0.4
39 1040 30 946 3627 343 226 3 2820 18	39 8412 6 1040 6 30 946 3656 343 226 3 2820 18	1
16 4285 5421 26 39 7120 18	3 6095 1939 37 5421 26 3 8406 6240 18	0
39 1939 37 26 3 8406 6240 18	39 1939 26 3 1939 6240 18	4.8
1061 6065 26 11199 52 1325 946 3627 18	39 1325 1061 8433 26 39 11216 52 39 3627 18	4
959 8624 11303 2098 21 39 1678 18	39 8716 12 39 8624 1939 2098 52 39 783 11510 18	3
39 1156 5421 226 39 2732 6078 52 39 8634 345 21 3 8525 18	39 867 21 39 11511 3299 392 323 5421 226 39 2732 18	2.6
39 3669 11360 2098 1134 26 3 8406 6240 18	39 1040 11360 1939 1134 26 3 8406 6240 18	3
39 1325 783 721 26 1031 12 39 11512 8486 18	783 8769 721 26 1031 12 946 11512 8486 18	4
3 1130 8587 112 39 2646 21 1820 12 3 1939 18	39 1130 8504 26 39 6893 21 1820 12 39 8624 1939 18	3.4
39 8992 21 1040 26 39 1040 30 783 8464 4487 18	39 8966 21 1040 30 946 11513 10413 1057 11406 18	3.4
39 3581 3664 30 11514 52 11515 26 11326 18	39 1325 3581 52 5066 11324 26 3 11326 30 26 3 8505 18	3.8
39 867 37 8433 1519 26 3 3548 30 7576 39 4981 129 380 395 18	39 1130 37 8433 26 3 3548 7576 39 4981 129 380 214 18	2.2
39 1040 30 946 8495 343 2423 3 3629 18	39 1040 30 946 3627 343 226 3 2820 18	1
39 10229 21 39 9392 114 52 1412 11516 18	39 114 52 39 10229 6 3960 30 11517 18	3.2
39 1040 30 946 3656 2907 26 453 2482 26 39 4917 8470 18	39 1040 30 946 3656 8433 26 3 2874 21 3 8741 18	2.8
39 867 869 39 8424 26 39 959 3673 283 18	39 1156 869 39 1824 4487 26 39 959 3673 283 18	3.8
16 9337 5420 21 39 959 2574 18	3 8495 37 11184 21 39 2574 18	2.8
39 11232 1130 966 3 7372 12 39 1040 4779 26 3 261 2482 12 39 3629 18	39 11232 1130 52 39 8621 11351 3 7372 12 39 1040 30 946 4779 226 3 3629 18	3.4
39 1130 37 5420 141 68 39 1467 8769 721 18	39 1130 8504 141 68 39 1467 11327 18	4
39 8412 758 52 39 783 3823 18	758 52 39 783 3823 18	3.4
16 1156 21 39 4890 3549 18	16 1156 21 39 11308 18	0.8
39 867 52 39 946 4779 18	39 867 8745 39 946 4779 18	3.8
39 1040 30 946 2646 12 9337 21 623 2886 18	39 1040 30 946 2646 12 11319 226 39 11195 18	3.2
8485 8489 343 226 783 8706 18	39 1130 343 226 39 783 8706 18	4
11518 867 5421 26 11199 18	8485 867 7576 5025 4981 18	0
2560 11167 1935 52 3 5678 1444 11472 8852 21 8525 18	39 6095 2560 11167 577 1935 26 39 2590 52 39 11472 8852 3201 23 18	4.2
39 1467 30 1040 8394 8588 198 39 8394 11313 18	39 10336 12 6324 2440 808 39 974 12 1767 18	0.6
1040 30 946 9337 11184 21 39 4997 18	16 1040 30 946 9337 6078 109 12 39 8451 18	1.6
39 1325 11203 11202 8820 21 3 4561 18	39 1325 3627 8401 39 8398 8397 10379 68 39 8654 18	0
39 1130 8504 21 1820 12 39 1939 18	39 1130 8504 26 39 6893 21 1820 12 39 8624 1939 18	3.8
39 1325 1348 8820 226 146 11519 52 39 11246 1858 11520 18	39 1325 946 1348 8820 21 146 1133 26 39 11246 854 18	4.6
39 1278 37 26 3 1767 1774 39 1325 1348 18	39 1278 37 21 3 1767 30 39 1325 11202 37 26 3 8460 18	3.4
39 1130 869 39 946 4779 21 146 11314 18	39 5077 5094 8504 21 39 4997 18	0.6
39 11170 2160 5421 26 3 3548 18	39 2160 26 3 3548 18	4.2
146 1195 867 5624 39 5463 26 3 2285 12 3 8424 18	3 1539 176 26 3 1767 408 21 1820 12 3 1824 18	0
39 1040 30 946 3656 37 5421 26 39 6095 668 343 129 18	39 3627 5421 26 39 1467 668 141 68 39 3669 11422 18	0.4
8699 5420 21 11183 18	39 959 3627 8504 141 68 39 8699 21 39 2574 18	2.8
3158 12 1195 510 5421 1064 39 2732 18	39 3158 12 1195 510 8576 1064 39 11185 2732 18	3.4
39 1040 30 946 2646 12 39 2847 1243 18	1040 30 946 2646 12 11199 52 8806 226 61 748 18	3.4
601 1156 52 6095 3715 176 8487 18	601 1156 21 968 8492 21 39 11208 114 8487 18	2.8
39 1040 30 946 2646 12 146 11206 1939 3247 18	39 1040 30 946 2646 12 39 3656 5421 26 39 11216 18	1.6
3 6095 30 946 9337 176 5033 21 3 11195 18	6095 30 946 9337 176 5033 198 39 11195 18	4.8
16 4977 21 39 11298 11356 225 1166 18	16 7306 26 39 5541 8400 26 3 11521 39 1278 18	0
1040 8394 5420 26 3673 18	8403 8394 5420 26 3669 4561 18	1
39 1040 30 946 8495 343 2423 3 3629 18	39 1040 30 946 3656 8433 26 3 2874 21 3 8741 18	0.6
1412 510 26 11348 21 39 1495 3754 18	510 5463 11296 21 146 11297 5438 18	1.8
39 8716 12 39 8699 21 3 4561 18	39 8716 12 39 11168 52 453 8875 11522 6 5420 26 4561 18	1.8
5077 3656 8433 26 2285 12 3656 5063 18	8511 5077 3656 2 1040 9223 18	2
8500 12 510 8396 1057 39 7358 11394 18	39 3158 12 1479 510 8396 1057 39 7358 11394 18	4
16 3669 6324 689 2666 39 1538 9651 1542 18	16 3669 6324 2440 380 3 9651 3566 18	3.2
39 625 5421 26 39 8706 323 39 1130 8504 8 18	39 1130 8504 141 68 39 11523 1130 26 39 8706 21 146 11206 8893 94 18	3
601 9337 11184 21 39 2574 18	16 9337 8963 21 39 2574 18	2.6
39 3333 867 52 8582 1368 8504 21 1820 12 39 135 270 4577 135 1935 18	11524 2065 37 5420 21 1820 12 3 1358 3823 12 3 1935 18	3
39 8699 8519 39 1532 30 39 8459 18	39 8699 37 26 3 1021 12 39 1532 52 39 8459 30 39 1824 21 3 8525 18	3
1040 30 946 8495 5420 21 8417 2574 18	39 1040 30 946 2646 12 39 1130 5420 141 68 39 1935 18	0.8
39 8403 8394 11196 26 39 11390 4642 18	39 8394 37 11196 26 39 625 33 11390 4642 18	4.4
39 3158 12 510 2470 39 8986 3801 18	39 3158 12 510 3353 226 39 2732 3801 18	4.2
39 4981 1239 39 11525 11526 18	39 4981 21 39 11527 1239 39 11525 11526 18	4
39 8716 2594 12 39 4779 33 396 18	39 8716 12 39 6095 4779 33 396 18	4.2
16 20 5421 3461 26 3 11216 343 109 3 3727 18	16 20 4491 26 3 2285 12 39 11199 343 109 3 3727 18	4.2
39 1939 37 226 39 1939 3247 18	39 1939 21 39 3247 18	5
39 8788 6095 4779 5420 21 39 2574 18	4779 5420 21 39 2574 18	3.6
39 1130 5421 26 39 8520 343 226 39 3627 26 39 8578 5421 26 8490 18	39 1156 1239 39 1325 4981 323 5421 26 39 11216 18	0
39 1325 3656 8433 26 39 1538 8670 343 129 226 3 2820 18	3 1325 3627 37 8401 39 8845 30 343 129 226 3 2820 18	0.8
3 1040 8394 37 5421 26 3 2874 18	3 8394 37 5421 26 3 8796 18	2.5
39 3158 12 510 4491 226 39 2732 21 146 1116 703 18	39 3158 12 700 510 5421 226 39 2732 52 10073 11528 18	3
8511 9337 225 4547 226 3 2820 18	39 946 30 8412 3656 21 39 3622 3664 343 226 3 2820 18	0.75
39 8403 8455 8820 26 39 8490 18	39 8403 11178 8820 26 3 8490 18	4.2
8485 867 7576 5025 4981 18	39 867 5421 26 39 11216 7576 39 4981 18	3.4
39 1325 6095 6324 37 5033 198 39 8394 11313 7918 198 39 5 18	39 1325 783 30 8412 8394 11196 21 39 5 18	2
