39 1130 52 39 534 8402 37 8630 18	39 1130 8401 39 534 8402 37 8630 18	5.000
39 1348 37 3810 360 18	146 1626 1348 37 3810 360 18	5.000
39 3333 639 37 869 39 4779 18	39 639 37 869 39 4779 18	4.750
39 1130 37 4988 39 5404 68 39 4928 18	3 1130 37 4988 39 5404 68 3 4928 18	5.000
39 1130 37 5027 39 959 19748 18	39 1130 37 5027 39 19748 18	3.800
39 1130 37 19364 19749 4317 26 39 8784 18	39 1130 37 19364 19750 4317 26 146 3699 8784 18	3.800
601 14 176 5027 12161 18	16 14 176 5027 12161 18	2.600
39 867 37 5027 3 3867 18	39 1130 37 5027 3867 18	2.400
39 867 37 5027 3 19748 18	39 1130 37 5027 39 19748 18	2.750
39 1130 37 5027 3 19751 18	39 1130 8774 37 5027 3 19751 18	4.250
39 867 37 11430 146 12976 18	39 1130 37 11430 19752 18	2.615
233 14 176 3135 18	16 14 176 3135 18	4.250
39 1130 37 6564 18	39 1130 37 5652 18	0.500
3 1130 37 5027 3 19753 18	3 1130 37 5027 3 3867 18	1.600
39 1130 37 5027 26 39 3867 30 8713 18	39 867 37 5027 146 3866 3867 30 8713 18	2.200
39 1130 37 19651 39 19754 3186 18	3 1130 37 19651 3 19754 3186 18	5.000
39 625 37 8726 39 3656 26 68 3 3559 18	39 625 8552 39 3656 26 3 3559 18	5.000
3 1130 772 3 261 1130 52 39 4327 18	3 1130 19755 3 261 1130 52 39 4327 18	4.200
39 867 196 129 30 1239 39 4981 19756 18	39 867 196 129 30 1239 39 4981 19756 21 395 1368 18	4.600
39 1130 37 5027 39 19748 18	39 1130 37 5027 39 6014 19748 18	3.867
39 625 37 8550 39 3868 12 455 18	5623 37 8550 39 3868 12 455 18	4.667
39 1130 37 4490 26 3 1532 18	39 7933 3627 37 4490 26 3 1532 18	1.667
39 3627 37 2661 68 108 13345 360 271 2285 18	39 3627 37 2661 68 3353 3 13345 26 453 2285 18	3.750
39 867 37 7262 39 1061 18	39 867 37 7262 395 4981 18	2.333
39 2065 37 19757 395 3715 18	39 2065 37 19758 395 3715 18	2.500
3 8249 4941 37 3822 26 3 7319 18	39 8249 4941 37 3822 1153 3 7319 18	5.000
39 867 37 2424 18	39 867 37 8408 18	0.500
601 14 176 5027 19759 18	601 14 176 26 350 5027 19759 18	3.750
39 3656 37 12252 544 4981 33 1139 18	39 3656 37 12252 544 39 4981 18	3.800
3 1130 37 869 39 4779 18	39 1130 37 869 26 39 4779 18	5.000
39 1130 19760 1515 186 39 199 18	39 1130 19760 7622 21 39 199 18	3.200
39 1130 37 5027 39 3867 18	39 2065 37 5027 39 3867 18	2.800
39 7933 37 3822 1519 39 6786 18	39 7933 8595 1519 39 6786 18	4.600
39 3158 12 14 2940 2602 26 3 8448 18	39 3158 12 5042 176 5027 2602 26 3 8448 18	3.600
39 867 37 5033 392 18	39 867 37 5033 165 18	3.000
39 867 19761 39 15836 18	39 867 37 19762 39 15836 18	5.000
39 867 19761 39 15836 18	39 867 37 19762 39 15836 18	5.000
510 176 5027 3963 18	14 176 5027 3963 18	3.200
3 1061 925 360 271 4487 18	39 1061 1516 360 271 4487 18	4.800
39 1130 37 5027 39 3867 18	39 1130 37 5027 39 19748 18	1.583
3 867 37 5027 3 19748 18	39 867 37 5027 39 19748 18	5.000
3 19763 37 8518 3 4941 18	39 19763 37 8518 39 4941 18	5.000
39 794 37 4490 198 146 11254 18	39 4290 37 4490 198 39 11254 18	4.200
3 1130 164 1519 39 5 52 146 1183 18	39 1130 19764 1519 39 5 52 146 1183 18	5.000
3 867 37 13346 39 19765 19766 6426 18	39 867 37 4305 39 19765 19766 6426 18	4.200
61 867 37 5825 243 867 33 19767 18	39 867 2374 243 867 33 19767 18	5.000
39 2065 37 2440 39 8568 18	39 2065 4490 37 2440 39 8568 18	4.000
39 1130 37 869 39 16382 6549 18	39 1130 19768 39 16382 6549 18	4.000
3 1130 37 5027 3 3867 18	39 1130 37 5027 39 3867 18	4.909
3 1130 37 5027 3 3867 18	39 1130 37 5027 39 3867 18	4.909
39 867 37 8630 30 8713 52 261 1156 18	39 867 37 8630 30 8713 21 3 7726 18	3.000
39 1130 37 2268 392 18	39 867 37 19769 392 18	0.800
39 1130 37 19769 39 5103 18	39 1130 37 19769 146 12976 18	2.400
39 1130 37 19770 1515 186 39 4344 18	39 1130 37 19770 1515 186 39 19771 18	4.200
39 19772 37 5027 52 510 18	39 19772 37 5027 52 16 14 18	3.400
39 3627 8668 39 8443 18	39 3627 37 869 39 8443 18	5.000
5623 37 11463 39 7150 18	39 1130 37 11463 39 7150 18	3.750
39 867 37 19769 146 12976 18	39 1130 37 11430 146 12976 18	2.750
39 867 19761 19773 18	39 867 37 19762 19773 18	5.000
39 867 37 13346 4371 18	39 867 37 4305 4371 18	4.000
3 2065 19774 186 39 8962 18	3 6338 19774 186 3 8962 18	2.400
39 867 37 5027 146 3878 3867 18	39 867 37 5027 39 3867 18	3.600
39 4981 1810 37 5027 52 39 2180 18	39 4981 37 5027 52 39 8723 18	1.600
39 1130 37 11430 129 39 19775 18	39 1130 37 19769 39 19775 18	4.200
39 625 37 19769 39 4357 18	39 625 37 19769 233 165 18	1.750
39 625 5820 146 12976 18	39 625 37 11430 146 12976 18	5.000
39 1130 37 5027 39 11380 18	39 1130 37 5027 39 5402 18	1.500
39 1130 37 8765 39 4520 18	39 1130 7834 39 4520 18	5.000
39 1130 37 5027 3 19753 18	39 867 37 5027 3 7185 18	1.000
39 867 37 5027 3 19748 18	39 1130 37 5027 3 3867 18	1.000
39 1130 37 11430 129 39 15836 18	39 1130 37 11430 129 3646 18	2.375
39 5985 37 5027 3867 18	39 1061 37 5027 39 3867 18	3.800
39 1061 37 5027 3867 18	39 1130 37 5027 39 3867 18	3.200
39 1130 37 5027 3867 18	39 1061 37 5027 39 3867 18	3.200
39 867 37 11430 19752 18	39 867 37 11430 19776 18	1.800
39 1294 1061 37 5027 39 5402 18	39 1061 37 5027 127 3186 18	4.400
39 1130 37 869 146 3878 8424 18	39 1130 37 869 39 8424 18	3.500
39 1130 37 5027 39 3867 18	39 1130 37 5027 146 3878 3867 18	3.750
39 3627 8918 39 4981 18	39 3627 37 19777 39 4981 18	4.750
11455 176 5033 2563 18	11455 176 5033 198 11292 18	4.000
39 867 37 19769 146 12976 18	39 1130 37 11430 30 12976 18	3.200
39 1130 37 5027 3 3867 18	39 1130 37 5027 3 12990 18	1.556
39 1130 37 5027 3 12990 18	39 1130 37 5027 3 3867 18	2.200
39 867 37 19769 39 4350 18	39 867 37 11430 39 783 4350 18	3.938
39 1130 37 5027 3 12990 18	39 1130 2669 3 5802 18	5.000
39 867 8668 39 4779 18	39 867 37 869 39 4779 18	5.000
39 1130 37 5033 39 19778 8 39 5 18	39 1130 37 5033 39 19778 18	4.000
39 3656 37 5027 39 127 3186 18	39 1130 37 5027 16 19779 18	1.600
39 1130 37 4200 18	39 1130 37 1888 18	0.636
39 1130 19764 1519 39 5 52 146 1183 18	39 1130 164 39 5 52 146 1183 18	4.750
39 5985 2669 52 39 6897 2760 18	39 1294 1061 2669 52 39 6897 2760 18	3.500
39 867 37 4305 3752 18	39 867 37 4305 392 18	3.000
39 1130 37 5027 3867 18	39 6338 37 5027 3 3867 18	2.200
39 1130 37 869 39 8706 18	39 1130 37 869 39 4779 18	1.400
39 1130 37 869 39 8706 18	39 1130 37 869 39 4779 18	1.400
39 1130 37 5027 39 3867 18	39 1130 37 5027 39 19780 18	1.714
39 1130 37 5027 39 3867 18	39 1130 37 5027 39 19780 18	1.714
39 1130 37 5027 39 3867 18	39 1130 37 5027 39 19780 18	1.714
146 5094 37 8701 26 392 18	146 5094 37 8701 26 39 127 3562 18	3.200
39 19781 37 11371 1064 21 19782 18	39 19781 5595 1064 21 19782 18	4.000
39 1130 37 11430 146 12976 18	39 1130 5820 146 12976 18	5.000
39 1130 30 39 867 176 8708 18	39 1130 30 867 8887 18	5.000
39 1130 37 301 186 39 721 18	39 1130 37 301 186 39 721 21 39 2796 18	3.833
39 1130 37 12428 18	39 1130 37 452 18	0.600
39 1130 37 8630 18	39 1130 37 452 18	0.600
39 1130 37 5027 3 3867 30 8713 18	39 1130 37 5027 3 3867 18	2.917
39 625 37 11430 19783 18	39 625 37 11430 19783 52 39 4329 18	4.200
39 1130 37 19769 1358 39 4371 18	39 1130 37 11430 129 39 4371 18	4.400
39 1810 19784 37 177 39 159 18	39 1810 37 8396 1064 18	2.000
39 625 37 19769 19752 18	39 625 37 19762 146 12976 18	2.600
39 1130 37 5027 3 19753 18	39 1130 37 5027 3 19780 18	1.600
39 867 37 19762 39 15836 18	39 867 37 19762 146 2696 18	2.000
39 19785 37 5033 6014 18	39 7933 4941 37 5033 233 6014 18	4.200
39 625 37 19762 146 12976 18	39 625 37 19762 146 19786 18	2.000
39 4619 7877 243 4619 18	3 4619 2801 3 261 4619 18	4.800
39 19781 5595 1064 21 19782 18	39 19781 37 3883 21 19782 18	4.400
39 1130 37 8644 271 12245 18	39 1130 1966 271 12245 18	5.000
39 1061 37 8713 30 5027 3 19753 18	39 1061 37 5027 3 19753 18	3.000
39 3627 37 5033 1767 19787 18	39 3627 37 5033 39 3868 12 3097 18	4.250
39 867 37 19788 19789 18	39 867 37 19788 19789 52 39 4329 18	4.250
39 1130 37 19762 39 15836 18	39 1130 19790 39 19791 18	3.800
39 867 37 5027 39 3867 18	39 1130 2669 39 3867 18	2.400
39 1130 37 5027 39 19748 18	39 1130 37 5027 3867 18	2.167
39 867 37 19769 4357 18	39 1130 37 19769 12976 18	1.600
39 1130 37 19769 39 4357 18	39 1130 37 19769 39 5103 18	2.000
39 1130 8407 5215 18	39 867 37 8408 5215 18	2.000
39 1130 30 867 176 452 18	39 1130 30 867 37 5033 18	1.600
39 1130 37 5027 39 3867 18	39 1130 37 5027 39 5402 18	1.800
39 4981 7933 1305 1519 39 6786 18	39 7933 8595 1519 39 6786 18	4.400
39 1325 3627 37 8518 39 19792 2180 18	39 3627 37 8518 39 2180 18	4.000
3 14 176 5027 3963 18	3 14 176 5027 8634 18	2.200
39 1130 8668 360 26 39 8706 18	39 1130 37 869 26 39 8706 18	4.400
39 1130 37 5027 39 3867 18	39 1130 37 8713 30 5027 39 3867 18	3.600
3 1130 6946 26 3 9651 18	3 1130 37 452 26 3 2760 18	3.600
39 1130 37 8713 30 5027 39 3867 18	39 1130 37 5027 39 3867 18	3.600
39 1130 37 8548 18	39 1130 37 13729 18	0.500
39 1130 37 19793 18	39 1130 37 452 18	0.800
39 1130 1063 39 867 18	39 1130 7787 39 867 18	3.600
16 5042 176 1291 18	16 19794 176 8630 18	0.600
39 1130 37 1291 39 721 18	39 1130 37 869 39 4779 18	1.200
39 1130 37 5027 2602 18	39 1130 37 5027 19748 18	1.000
39 1130 37 869 26 39 4779 18	39 2065 37 869 39 4779 18	2.600
39 1130 37 869 39 8424 18	39 4619 37 869 39 4487 18	2.000
39 1130 37 19769 3758 18	39 867 37 19762 15836 18	2.200
39 867 37 19762 39 15836 18	39 1130 37 19769 15836 18	2.400
39 1130 37 5027 39 3867 18	19795 37 5027 3867 18	3.600
39 867 37 11430 19776 18	39 867 37 11430 146 12976 18	2.400
39 2065 37 869 39 4779 18	39 2065 37 869 39 8424 18	1.917
39 867 37 19769 39 19796 18	39 867 37 19769 11248 18	2.200
3 1130 164 39 455 2615 18	39 1130 37 11430 39 455 2615 18	4.800
3 867 37 19757 395 3715 18	3 867 37 19769 19797 18	0.200
3 1130 37 5027 3 3867 18	39 1130 37 5027 3 19748 18	1.643
39 1130 37 5027 3 19753 18	3 1130 37 5027 3 7185 18	1.750
39 1130 37 3731 2113 21 39 2796 18	39 1130 37 3731 2113 18	4.250
39 867 37 19769 129 233 165 18	39 867 37 19798 233 165 18	2.250
39 1130 37 5027 26 271 5402 18	39 1130 37 5027 39 5402 19753 18	4.000
16 19799 2940 21 146 1358 2574 18	16 19799 176 5027 21 39 2574 18	4.200
3 6338 3644 129 3 3669 19752 18	3 6338 164 129 39 3669 12976 18	4.800
5623 37 19800 19801 21 1767 18	39 867 37 3577 19801 21 1767 18	3.200
146 5094 37 8776 39 17221 19802 18	39 1706 19803 37 8776 39 17221 19802 18	3.000
19804 19805 37 8630 26 3 3559 18	19804 19806 8615 323 5420 26 3 3559 18	4.000
39 1130 37 5027 39 19753 18	39 625 37 5027 3 19753 18	4.400
39 1130 37 11430 39 15836 18	39 1130 37 19769 233 15836 18	4.400
39 867 37 5027 19748 18	39 867 2669 26 39 19748 18	4.600
39 1061 37 5798 39 19807 18	39 1061 37 343 226 39 11999 18	3.800
39 867 37 11430 146 12976 18	39 867 37 19788 19752 18	4.800
39 1130 37 5027 3867 18	39 1130 2669 39 3867 18	4.857
39 867 37 1374 39 19808 530 18	39 867 37 19808 26 39 530 18	5.000
39 867 37 12266 4323 18	39 19809 19810 37 12266 4323 18	2.533
39 1130 37 19769 146 12976 18	39 867 37 19769 39 19811 18	2.250
39 1130 37 8630 18	39 1130 30 867 37 8630 18	2.000
39 1130 37 869 39 8706 18	39 867 37 869 39 4779 18	0.750
39 1130 37 4490 26 3 1532 18	39 721 37 1291 1519 3 1532 18	1.000
39 867 37 3990 18	39 867 37 19812 3967 18	1.000
39 867 37 19769 19813 18	39 867 37 19769 146 12976 18	2.200
39 1130 37 869 26 39 4779 18	39 1130 37 452 26 39 2760 18	1.000
39 1130 37 869 39 4487 18	39 1130 37 869 26 39 4779 18	2.000
39 1130 37 6965 18	39 867 37 8630 18	0.600
39 867 37 8630 18	39 1130 37 5033 18	0.143
39 1130 37 5027 39 19753 18	39 1130 37 5027 39 19748 18	2.000
39 1130 37 5027 39 19748 18	39 1130 37 5027 39 19753 18	1.600
39 1130 37 4200 18	39 1130 37 4305 18	0.800
39 1130 37 11371 18	39 1130 37 8630 18	1.600
39 1294 1061 37 8713 30 5027 39 3867 18	39 1130 37 8713 30 5027 3 3867 18	2.200
39 4619 37 8462 198 545 68 545 18	39 4619 37 8462 198 5 68 5 18	3.400
3 510 449 360 3 1939 18	3 510 449 360 3 1939 226 3 3247 18	4.000
3 6338 3545 146 3574 186 39 4311 18	3 1130 37 3575 3752 186 39 4311 18	2.600
39 3627 37 3812 26 39 8438 18	39 3627 8614 26 39 8438 18	4.800
39 1061 37 5027 146 11735 18	39 1130 37 5027 39 19780 18	2.500
39 8645 37 4535 26 39 350 18	39 8645 37 5027 19814 18	5.000
39 867 2669 3 3867 18	39 1130 8961 30 2669 3 3867 18	1.750
39 867 37 4595 39 54 18	39 867 37 19769 39 4357 18	1.000
39 1130 37 8765 39 4520 18	39 1130 7834 129 39 4520 18	5.000
39 1130 37 3731 39 721 18	39 1130 37 8765 39 3534 18	1.400
12561 176 8396 1519 39 7852 18	39 19815 12 12561 176 8396 1814 39 7852 18	4.600
39 1130 30 867 176 1291 1519 3 2590 21 39 11299 18	39 1130 30 867 176 1291 1519 3 1532 21 146 1358 1626 2952 18	4.000
3 8715 1130 6870 21 39 668 18	39 8715 1130 37 5421 26 39 668 18	3.800
39 3954 37 8408 21 1767 18	39 3954 37 8396 5215 18	3.200
16 1156 176 8661 18	16 1156 176 8661 26 3 3548 18	4.000
3 8700 13156 52 39 8403 5602 2180 18	39 8700 37 5027 52 39 5602 2180 18	4.000
39 19816 37 5033 392 18	39 19756 37 5033 18	4.800
39 3656 37 5027 39 19753 18	39 1130 37 5027 39 3867 18	0.600
3 1130 164 233 5082 52 39 4329 18	39 1130 37 11430 5082 52 39 4329 18	4.750
39 867 37 869 39 19817 8455 1519 39 1532 18	39 1130 37 869 39 11443 8455 18	2.200
5623 37 19769 39 19818 18	5623 37 19769 39 4357 18	3.000
39 867 37 8630 18	39 1130 37 452 18	0.000
39 1130 37 5027 39 3867 18	39 1130 2669 3 3867 18	5.000
39 3627 8918 129 39 4981 33 19819 18	39 3627 8918 39 4981 18	2.200
39 1130 37 8733 39 1278 18	39 1130 37 19769 39 4357 18	0.400
39 3333 867 37 1883 11329 178 808 395 1139 18	39 867 37 5573 11329 68 395 1139 18	4.800
39 1130 5820 129 19820 18	39 1130 19821 3758 18	4.800
39 1130 5421 26 3 3548 2669 39 3867 18	39 1130 5421 26 3 3548 21 39 114 37 19822 39 3867 18	4.800
39 867 37 19788 129 4336 18	3 867 37 19823 4336 18	4.800
39 8700 2669 52 39 4302 11936 18	3 3627 37 5027 52 39 4302 11936 18	3.800
146 5094 3800 21 19782 18	39 19781 5595 21 19782 18	3.800
39 1130 37 8396 187 1153 39 4520 828 18	39 1061 37 8396 1153 39 828 18	3.000
39 1130 37 5027 3 3867 18	39 1130 8774 21 39 114 37 5027 3 3867 18	4.000
39 1130 2669 3 19748 18	39 1130 37 5027 39 19748 18	5.000
39 1130 2669 3 7185 18	39 1130 37 5027 7185 18	5.000
39 1130 2669 3 19753 18	39 1130 37 5027 39 19753 18	5.000
39 1130 37 5033 2563 18	39 1130 37 5033 392 18	4.200
39 867 8343 16 3752 186 39 3597 4311 18	39 867 37 3575 146 3574 186 39 4311 18	3.800
39 1130 37 5027 39 8634 18	39 1130 37 5027 39 19753 18	1.400
39 1130 37 11430 39 4371 18	39 1130 19824 39 4371 18	3.000
16 14 176 12491 19825 186 3 8494 12 39 721 18	3 14 176 1883 19825 186 3 721 33 8494 18	4.400
39 3746 1102 1519 39 19826 18	39 1294 2065 37 8396 1519 39 19826 18	3.600
39 1130 19760 1515 26 233 19827 18	3 1130 19828 1515 26 3 164 4359 18	3.800
39 1130 37 19769 392 18	39 1130 37 19769 39 5103 18	3.000
39 1348 37 7672 18	39 16229 11202 37 7672 18	2.800
39 867 37 19829 19776 18	39 867 37 19830 3967 18	1.400
39 1130 37 8989 39 11294 18	39 1130 37 5027 39 11380 18	0.667
39 1130 30 867 176 8396 3461 2423 3 8416 18	39 1130 30 867 176 8396 8440 21 8440 2423 39 8476 283 18	4.000
39 3656 37 5033 233 9210 18	39 3656 37 5033 9210 26 3 19831 18	4.250
3 867 5579 129 3 19756 18	39 867 196 129 39 4981 19756 18	3.750
4371 176 8408 18	39 4371 37 8408 18	4.133
16 1156 4539 392 21 39 2563 17775 18	16 1156 117 392 21 39 19832 18	4.000
39 7933 37 8765 18	39 1130 37 8765 39 4520 18	1.600
39 625 37 8569 39 959 8301 18	39 625 37 8569 18	3.600
39 1130 37 5027 39 3867 18	39 1130 37 10621 39 1621 18	1.200
39 1130 37 5027 39 19748 21 39 8645 18	39 1130 37 5027 39 3867 18	1.600
3 1130 8739 3719 26 3 19833 12 529 18	39 1130 37 19364 3719 2893 529 18	4.000
39 625 37 3577 19801 18	39 867 37 3577 19801 21 1767 18	4.000
39 1130 37 5033 39 2563 18	39 1130 37 5033 39 3868 12 529 18	3.400
39 3158 12 510 8672 26 39 6414 18	39 3158 12 510 176 8630 18	3.200
39 1130 37 5027 39 3867 18	39 1130 37 5033 19834 18	0.533
39 1130 37 8630 3801 18	39 1130 37 5027 19748 18	1.000
39 867 37 4988 39 1130 18	39 867 37 4221 165 18	1.000
39 1130 37 1883 39 4344 186 146 3879 18	39 867 37 11430 146 12976 18	0.600
39 1130 37 8693 3322 12 1767 18	39 1130 37 4595 8579 18	0.400
39 867 37 5421 226 39 3532 18	39 867 37 869 39 19835 18	0.400
14468 2239 39 1818 26 39 19836 18	39 4529 19837 39 1818 26 39 19836 18	3.400
39 1130 37 11430 39 3807 52 19838 18	39 1130 37 11430 5082 52 39 4329 18	1.200
39 867 37 5027 39 19748 26 350 18	3 867 37 5027 3 19748 18	3.600
39 867 37 8630 21 3 7726 18	39 867 8615 21 3 7726 109 2482 18	5.000
16 4981 19839 176 5027 18	16 19839 176 8433 3461 18	3.000
4974 176 8630 26 350 18	233 510 176 8630 26 350 18	3.000
39 4981 37 8432 18	39 4981 37 8432 30 19840 18	4.000
39 1130 37 5027 39 3867 18	39 1061 37 5027 39 19753 18	1.200
39 867 37 3810 39 5023 18	39 867 37 869 39 4779 18	0.538
39 1130 37 8550 455 18	39 867 37 19769 39 4350 18	0.600
601 1156 176 8630 18	3 1130 37 8630 18	1.600
39 1130 2669 39 3867 18	39 1130 2669 3 19753 18	1.400
3 20 176 5027 52 673 261 18	16 20 176 3135 673 261 18	2.600
39 625 37 2424 18	39 625 37 2424 52 39 19841 18	3.600
39 867 37 19769 39 165 18	39 867 37 8713 26 350 18	0.250
39 867 37 3810 39 345 18	39 1130 37 5027 39 3867 18	0.250
39 1130 19842 3645 21 39 199 18	39 625 37 19843 3645 21 39 199 18	3.750
39 1130 37 4490 18	39 1130 37 4490 1519 39 1532 18	3.500
3 867 37 8057 3967 18	39 867 37 19844 30 8057 3967 18	3.765
39 867 37 4550 19845 26 39 165 18	867 37 4550 13438 68 165 18	2.750
39 867 37 4550 1515 26 15743 18	39 867 37 19770 1767 26 4371 18	2.250
39 3333 1061 37 7576 39 3867 18	39 1294 1061 37 5027 39 3867 18	2.750
39 19846 37 4490 18	39 19846 37 4490 1153 39 2574 18	3.800
3 1130 37 5033 8784 18	39 1130 37 5033 39 19847 12 8784 18	4.800
146 19848 37 869 39 1935 18	39 4619 37 869 26 39 1935 18	3.600
39 1130 30 39 867 618 21 39 8608 18	39 1130 30 39 867 176 869 26 39 8424 18	1.200
39 867 37 452 26 39 6683 2760 18	39 1130 30 867 176 452 26 3 2760 18	3.000
39 1130 37 5027 39 3867 18	39 1130 37 201 39 3597 3823 18	0.400
39 2065 37 8713 30 5027 39 3867 18	39 3333 1130 37 8713 323 5027 3 3867 18	2.400
39 1130 37 5027 39 3867 18	39 1130 37 8713 323 5027 3 3867 18	3.600
3 1130 37 869 39 4779 18	39 867 37 1374 39 19849 18	0.000
39 1130 37 5027 39 3867 18	39 1130 37 1291 39 721 18	0.500
39 2065 37 4834 52 1226 2161 18	39 3333 2065 37 1374 1226 2161 18	3.941
39 867 37 2794 3730 3816 18	39 867 37 2794 395 3715 18	0.500
39 1130 37 301 1576 39 721 18	146 1195 1130 37 301 186 39 783 721 18	3.750
39 277 3669 2180 19850 39 15836 808 18	39 959 3669 2180 711 39 15836 18	4.000
39 1130 37 12566 39 3936 21 39 3186 18	5623 37 12566 39 3936 21 39 3868 12 208 18	4.000
39 3656 37 5027 19779 18	39 3656 37 5027 39 19753 18	3.000
16 4977 8603 21 39 8409 18	4977 176 8408 21 39 8409 18	4.200
39 1130 37 18889 19851 26 39 19852 18	39 1130 37 4550 39 19851 68 39 6313 18	4.500
3 1130 446 39 10860 68 6426 3 12976 18	3 1130 446 39 530 68 6426 129 39 19791 18	2.000
39 867 19821 19776 18	39 867 37 11430 19776 18	5.000
39 19815 12 8545 176 7706 3 2590 18	39 19815 12 19853 176 7706 39 1532 18	3.000
3 625 37 869 3 4779 18	39 1130 37 869 39 4779 18	3.800
5623 37 4988 39 5094 18	5623 37 5027 39 19753 18	0.000
5623 37 19769 19854 33 18	5623 37 869 39 4779 18	0.000
5623 37 4221 19855 18	5623 37 19808 183 18	0.250
39 19856 19857 226 39 701 5404 18	39 3700 37 19858 226 39 701 5404 18	4.000
39 867 1239 39 19756 18	39 867 37 4595 129 39 19756 18	3.250
39 1130 37 5027 52 18006	39 3656 37 5027 52 39 2820 18	0.750
16 14 176 452 18	16 14 176 5027 3867 18	1.500
16 1294 7306 176 452 26 3 2760 18	39 1294 2065 37 8396 1519 3 2590 18	0.500
39 1130 37 11430 2696 8 271 4642 18	39 1130 37 11430 5082 52 39 4329 18	1.500
39 1130 19366 3719 26 39 277 3868 12 529 18	39 1130 37 19859 3719 26 39 19847 12 4336 529 18	3.500
39 1130 37 4490 1153 39 920 3695 18	39 1130 37 4490 26 4520 18	3.000
5623 37 19843 4571 21 39 19860 18	5623 37 19843 39 199 12 4571 52 39 5034 18	3.800
3 867 37 3575 3752 186 39 4311 18	3 6338 6964 2410 3752 186 39 4311 18	4.800
39 1130 37 19861 39 4560 18	39 867 37 11430 39 19862 18	0.200
39 1130 37 3756 39 3823 18	39 1130 37 11430 146 12976 18	0.800
39 1130 37 3756 39 3823 18	39 1130 37 5027 39 3867 18	0.800
39 1130 37 19769 39 4357 18	39 1130 37 869 39 4779 18	0.800
39 1130 37 19769 39 15836 186 11812 18	39 1130 37 11430 39 15836 18	4.200
3 867 37 11430 3696 19863 18	39 867 37 19788 19863 18	3.800
39 1130 37 11430 455 52 39 11714 18	39 867 37 11430 39 4357 18	0.600
39 1130 37 8669 2423 15290 18	39 3627 37 4490 2423 1767 18	0.400
39 867 7950 4312 26 39 3868 12 165 18	39 867 37 1883 4312 2893 233 165 18	5.000
39 1130 37 8630 18	39 1130 37 5033 529 18	0.800
5623 37 5027 39 19753 18	39 1130 37 5027 39 3867 18	1.200
16 19864 176 5033 198 39 2615 26 39 3739 11213 18	19864 176 5033 198 39 2615 18	2.800
39 1061 37 5027 39 19865 18	39 1061 37 5027 3 19753 18	3.200
39 625 2669 39 5402 18	5623 37 5027 39 5402 18	5.000
39 1061 3977 39 11999 18	39 1061 37 343 226 39 11999 18	4.400
39 1130 37 1603 39 6313 18	39 1130 37 1888 18	0.000
5623 37 19769 146 12976 18	19795 37 19762 39 15836 18	1.000
39 1130 37 452 26 39 2760 18	39 1130 37 8713 68 39 867 18	0.250
39 1130 37 8408 18	39 867 37 19769 165 18	0.000
3 19866 37 8630 18	39 1130 37 8630 18	1.750
39 1130 37 5027 3 3867 18	39 1130 2669 146 3866 3867 18	3.750
39 867 37 19769 39 19811 18	39 867 37 869 146 19867 18	0.400
39 867 37 8630 18	39 867 37 19812 3967 18	0.400
39 867 37 8630 18	39 867 37 5027 7185 18	0.400
39 867 37 3575 3752 186 39 4311 18	39 867 37 8874 19868 2893 39 3842 18	0.600
39 721 37 3883 2423 39 1532 18	39 721 37 1291 1519 3 1532 18	4.000
39 867 37 19769 233 4359 18	39 867 37 19788 39 15836 18	1.400
5623 37 19869 39 4344 18	19870 37 8433 1519 18	0.400
39 1130 37 5027 3867 18	39 1130 37 11741 19834 18	0.400
39 867 37 6078 13489 18	39 867 37 13729 18	0.400
39 867 37 1767 4902 18	39 867 37 19769 4371 18	0.400
39 1130 37 5027 146 2500 5402 18	39 1130 37 5027 39 19748 18	1.200
39 867 37 11430 165 186 11812 18	39 867 37 11430 129 233 165 18	4.800
39 1130 37 5027 39 3867 18	39 1130 37 5033 39 19778 18	0.600
39 1130 37 5027 39 19748 18	39 1130 37 869 39 8455 18	0.800
39 1130 37 19871 39 19872 18	39 1130 37 5027 39 3867 18	0.600
39 1130 37 5027 3 19753 18	39 1130 13156 3 3867 18	2.000
39 1130 37 5720 5066 18	39 1130 37 201 3 758 18	0.800
39 1130 37 3812 186 1767 18	39 1130 37 11430 455 18	0.800
39 867 37 4595 39 54 18	39 1130 37 5027 39 3867 18	0.133
39 1130 37 3812 39 3534 18	39 1130 5890 2893 39 287 3534 18	3.200
3817 2502 1064 39 2310 18	3817 6261 21 39 2502 18	3.200
39 1130 37 8693 39 2602 2180 18	39 1130 37 4221 39 4311 18	0.600
39 867 37 13346 392 18	39 867 37 869 39 4779 18	0.600
39 3656 37 19777 39 9523 18	39 867 37 19769 19775 18	0.000
39 867 37 8630 8 39 1693 18	39 867 37 3810 39 5023 18	1.400
39 1130 7950 601 11812 12 165 186 39 4344 18	39 1130 37 1883 165 21 39 4344 18	4.000
39 1130 37 5027 39 3867 18	39 5541 37 5027 146 11735 18	3.800
3 1130 37 19769 39 4371 1358 18	39 1130 37 19769 39 15836 18	2.200
39 867 37 11430 146 12976 18	39 867 37 201 39 4634 18	0.267
3719 37 15940 21 39 4344 18	39 1130 37 15940 3719 21 39 4344 18	3.600
233 14 176 19873 18	14 176 19873 19874 18	3.400
601 5042 176 8630 18	4974 176 8630 18	3.111
39 867 37 5027 39 3217 52 39 1130 18	39 1130 37 5027 19753 18	0.600
3 1130 37 1291 39 946 721 18	39 1130 37 4431 146 2485 18	0.400
39 3333 1130 37 5027 3 19753 18	39 867 37 19762 39 19875 18	0.000
39 721 37 11945 1519 3 1532 18	39 2065 37 8396 1519 39 1532 18	1.200
39 867 37 4221 19855 18	39 867 37 4221 2563 21 39 4311 18	3.500
39 1130 19876 271 721 18	39 1130 37 1291 39 721 18	4.250
39 721 637 109 12 39 1990 18	39 721 37 8000 109 12 39 905 19877 18	3.000
5623 37 19878 19879 1716 52 39 4329 18	5623 37 19788 233 19879 1716 18	4.500
39 1130 7950 233 4317 26 39 8784 18	3 1130 19880 4317 26 3 8784 18	5.000
3 1061 37 5027 3 19753 18	39 1061 2669 39 19753 18	5.000
3 1130 37 8708 30 14372 3 867 18	39 1130 37 14372 30 8708 39 867 18	5.000
3 1130 13156 271 3867 18	39 1130 37 5027 39 3867 18	3.750
39 1706 19881 1102 1064 18	39 5094 37 8396 1064 18	2.800
39 1130 37 869 39 4779 18	39 1130 37 5027 39 5402 18	0.200
39 1130 37 8396 26 39 4520 18	39 1130 37 869 39 19882 18	0.400
39 1294 1061 37 19883 3 3548 18	39 1061 37 19883 18	3.800
39 2065 37 5027 39 19748 18	39 8645 37 5027 26 39 350 18	1.286
510 2665 360 39 1939 18	39 3158 12 510 108 360 39 1939 18	4.600
39 867 37 19808 26 39 530 18	39 867 37 19798 233 165 18	0.600
39 3627 37 343 186 8408 8409 18	39 3627 37 8396 1064 39 8409 18	2.000
39 1130 37 19884 39 3868 12 529 18	39 1130 37 5573 3719 68 529 18	5.000
39 867 37 5573 1444 11219 68 395 19885 1374 146 1444 19841 18	39 867 37 5573 19886 68 395 19885 18	3.800
39 1130 37 11430 4359 186 11812 18	39 867 37 11430 233 3645 18	1.800
39 1939 37 3883 18	39 1130 37 2794 19792 18	0.000
601 7396 7306 19887 21 3 114 18	233 7396 7306 176 8630 112 3 2820 18	2.400
39 19772 37 8396 18	39 19772 37 19888 21 39 4997 18	2.400
39 1130 1603 39 721 18	39 1130 37 11430 39 15836 18	0.400
39 1130 37 177 39 7631 18	39 867 37 5027 39 3867 18	0.000
39 1040 4779 37 4490 1064 18	3 4779 37 4490 18	4.200
5623 37 19769 146 12976 18	39 867 37 11430 12976 18	3.800
39 867 37 19889 19773 18	39 1130 37 8630 21 7726 18	0.000
39 1130 37 869 39 4779 18	39 867 37 3438 39 3885 18	0.000
39 1130 2669 39 5402 18	39 625 37 5027 3 5402 18	4.000
39 1130 1102 1519 39 311 18	39 1130 1102 1153 39 1086 4520 18	0.800
39 1130 37 19769 39 15836 18	39 867 37 11430 39 19890 18	1.400
39 3627 37 3628 226 39 2180 18	39 3627 8407 779 39 5602 2180 18	1.500
39 867 37 5027 21 3 963 18	39 867 37 6898 19773 68 1881 18	0.750
39 5985 5595 4097 198 39 4371 8462 1064 26 39 8548 1542 18	39 1294 5985 37 4490 1064 39 8548 1542 18	2.500
39 1130 37 8396 1814 39 311 2423 4899 18	39 1130 37 8396 1519 39 1532 18	2.500
146 1195 1130 37 4200 226 39 19891 18	39 1130 37 177 39 3463 226 3 19891 18	3.500
39 625 37 5027 146 2500 5402 18	39 5985 37 5027 5402 18	3.400
39 1130 869 39 4779 21 1706 5317 18	39 1130 37 869 26 39 4779 18	3.400
39 625 37 11430 233 19892 4317 18	3 625 37 19769 4317 18	3.800
3 1130 37 1603 146 9243 18137 18	39 1130 37 1603 39 6313 18	3.800
39 794 37 5027 52 39 6897 794 18	39 8467 37 5027 52 39 11347 8467 18	4.250
39 1348 8668 26 39 1532 18	146 11202 1661 1814 39 10803 18	2.812
39 1130 37 12251 4336 52 3 2285 12 39 4329 18	39 867 37 19769 165 52 39 4329 18	1.500
39 867 37 13609 395 19893 52 146 19894 3186 18	39 867 37 4988 395 4981 52 39 6857 18	0.500
39 1130 37 869 39 8443 18	39 867 37 11430 39 15836 18	0.000
39 867 37 3810 39 3749 18	39 1130 37 869 39 946 4779 18	0.000
39 1130 37 8630 18	39 1130 37 869 39 4779 18	0.800
39 1130 37 7576 39 19895 18	39 4619 37 3135 39 1130 18	0.000
39 867 37 19762 19773 18	39 1130 37 8834 1767 18	0.200
39 1130 37 8733 39 1278 18	39 1130 37 1603 360 39 6313 18	0.850
39 1130 37 8462 198 39 4520 8982 68 3 3559 18	39 1130 37 8462 26 39 4520 18	3.400
39 867 37 869 39 4779 26 39 8448 18	39 1130 37 7262 243 1130 26 271 2285 18	0.400
39 1130 1239 39 1325 5094 21 61 4642 18	39 1130 1983 360 39 1325 4619 18	1.750
39 625 37 8550 39 3754 455 3868 18	39 1130 37 8550 455 18	3.250
39 625 37 13346 165 21 39 4344 18	39 625 37 7576 39 19896 18	0.750
39 1130 4623 39 1130 18	39 1130 52 39 19852 4623 243 1130 18	4.250
39 1130 2669 3 3867 18	3 1130 19774 30 13156 271 3867 18	3.000
39 1130 37 5421 30 6564 18	39 1130 37 6564 39 8807 18	4.000
39 19897 37 5939 39 867 18	39 1130 37 1291 39 721 18	0.000
3 867 37 19762 19773 18	3 1130 37 7576 39 19898 18	0.000
39 5541 37 5027 19899	39 1130 37 5027 39 19865 18	1.000
39 1130 37 5027 39 3867 18	39 867 37 869 39 4779 18	0.500
61 1130 37 4326 3738 26 243 1130 33 11281 18	39 1130 948 19900 3025 26 243 1130 18	3.750
16 19799 176 5027 18	19799 176 8781 18	4.250
39 867 37 19769 3719 18	39 867 19821 19776 18	1.800
233 14 176 5027 19759 18	601 14 176 5027 19759 30 8713 3461 18	3.200
3 12561 19901 1767 26 260 18	12561 11861 260 52 1767 18	3.600
39 1130 37 452 52 261 1156 26 3 8448 18	39 1130 37 8396 1519 3 2590 18	0.000
39 3627 6870 226 3 8505 12 39 3549 18	3 3627 37 5420 226 3 8505 18	2.600
5623 19902 39 3936 21 39 11531 12 208 52 39 764 14910 18	39 1130 19902 39 3936 21 39 3868 12 208 18	3.200
3 867 37 19823 19752 18	39 867 37 8630 21 19903 3247 18	0.400
39 1130 37 5420 21 1820 12 3 3727 30 343 3801 18	39 1130 37 11289 109 3 3727 18	3.800
39 19896 37 343 372 30 32 18	39 19896 504 226 3 2820 18	2.400
39 867 37 19769 233 3645 18	3 867 37 19823 4336 18	2.800
39 19904 37 13094 39 3936 18	39 19904 37 8405 3 4746 18	4.600
39 867 37 1767 4902 26 39 8459 18	39 1130 37 5027 39 19748 18	0.000
39 2065 37 5027 39 7185 18	39 4981 37 8432 30 19840 18	0.250
39 1027 37 7672 26 39 19905 18	39 1027 792 18	3.923
39 867 37 11430 129 39 3700 18	39 867 37 19769 165 18	2.750
39 867 37 11430 39 19775 18	39 1130 37 5027 39 3867 18	0.000
39 867 8668 146 19867 21 1820 12 146 19906 8500 18	39 867 8668 146 19867 18	3.000
39 8700 37 3822 2797 1814 3 3548 18	39 8700 37 8909 2109 2797 18	3.800
39 19810 37 6898 233 2563 18	39 19810 6780 39 8986 18	4.000
39 867 19907 4336 4325 18	39 867 37 4326 39 396 12 4336 186 4325 18	4.600
39 3627 37 343 186 8408 8409 18	39 3627 37 8396 1814 3 1021 12 39 8409 18	2.600
39 867 19842 39 7523 10386 21 39 3597 18	39 867 37 4221 39 11332 21 39 3597 52 39 5034 18	3.600
39 1130 37 4465 39 345 18	39 625 37 4465 18	3.600
3 1130 6946 68 39 2065 808 3 3397 2820 18	39 1615 852 68 39 2065 808 39 19908 18	2.800
39 1130 37 5027 3 3867 30 8713 18	39 1130 8961 52 39 3867 18	4.750
39 3954 1102 808 3 2874 18	39 959 3954 19909 21 3 4561 18	3.750
3 6338 3545 146 3574 112 3 19910 18	3 6338 19911 129 3 165 18	1.154
39 867 37 4595 4359 18	39 867 37 19770 5856 186 39 4311 18	1.000
39 1130 37 343 226 39 2160 11209 18	39 1130 37 1374 39 8473 18	2.750
3 1061 37 869 39 8916 18	39 867 37 869 39 1767 8455 18	1.250
16 14 6261 21 39 8463 8057 2502 18	16 510 19912 19913 11370 21 39 2502 18	2.750
39 867 890 39 3727 18	39 1130 37 19914 18	0.000
39 625 37 11430 39 165 18	39 625 869 39 16382 6549	0.000
39 1130 37 5027 39 7185 18	39 867 37 1374 39 19808 530 18	0.000
1602 11455 176 5033 109 12 1602 11292 18	11455 176 5033 2563 26 19915 18	2.750
510 176 8630 3801 18	39 3158 12 510 176 8630 18	3.750
39 867 37 19769 233 19916 18	39 867 37 11430 2410 4371 18	2.800
3 1130 37 1374 39 2820 68 6371 39 19917 18	5623 37 19918 39 2820 19919 544 39 19917 18	2.600
3 4981 19920 2423 3 5081 18	39 4981 37 19914 1153 3 3548 18	2.400
39 1130 37 5027 5402 18	39 625 37 5027 39 19753 18	2.200
39 1130 5027 3 3867 18	39 867 37 2783 395 12753 18	0.000
39 1130 37 19921 16 19922 18	39 867 37 4988 39 1130 18	0.200
39 867 37 13609 395 15224 18	39 1130 37 19762 39 19923 18	0.000
39 4619 8815 3 4812 12 39 3627 18	39 4619 37 19924 39 3627 226 3 7818 18	2.800
39 3627 2521 26 271 2285 26 39 1538 3548 18	39 3627 37 8433 26 3 3548 18	4.000
39 1130 37 5027 39 19748 18	39 3627 37 3628 226 39 689 18	0.000
39 867 37 13346 392 21 3 4344 18	39 1130 37 5027 271 3867 18	0.000
39 1061 37 19914 186 39 3627 758 18	39 1061 37 5027 39 1538 19748 18	0.750
39 1130 7950 5744 21 39 4311 12 1767 18	3 1130 12959 5744 68 1767 21 39 4311 18	5.000
146 1195 867 37 19770 1515 186 39 13346 4344 18	39 10379 1130 37 1883 186 1767 18	0.000
39 4981 19925 37 8396 1064 271 4997 52 271 7173 18	39 4981 19925 37 1023 146 4258 19925 18	3.400
39 867 37 19788 146 12976 18	39 867 37 19769 9342 186 2418 12 146 12976 18	3.200
3 867 5579 129 3 19756 18	39 867 37 7262 39 19756 18	3.500
39 3627 8776 26 39 54 18	39 3627 890 39 54 12 2563 18	1.750
39 867 37 19926 39 4371 18	39 1130 5624 39 4371 18	1.250
39 1130 37 19861 4561 18	39 1130 37 19927 3673 18	0.833
39 3656 37 2778 39 7097 18	39 1130 37 19769 39 2473 18	0.000
3 1061 37 3681 21 3 3823 12 3 19928 18	39 639 37 3681 21 39 3627 758 18	3.750
510 8777 186 39 8408 8409 18	14 176 8649 186 39 8409 18	2.750
39 867 37 8408 5215 18	39 1130 37 19769 233 3646 18	0.000
3 1130 446 39 11714 68 19847 39 4302 6857 18	39 1130 19911 39 4302 6857 52 39 11714 18	5.000
39 867 8407 5215 18	39 867 37 8408 18	3.800
39 1130 37 5027 39 3867 18	39 867 37 8630 18	0.200
39 530 37 5252 39 19841 18	3 530 19929 3 748 12 3 19841 18	3.800
146 11202 37 2440 21 3 1626 18	39 811 1475 19035 1348 37 2440 21 39 8403 1858 18	3.400
39 4941 37 4490 198 16 4977 18	39 4941 37 3135 14721 18	1.400
39 867 37 8441 21 39 11225 8825 18	39 867 11257 21 146 4177 8461 18	3.800
39 1130 37 201 39 4371 26 39 3581 8505 18	39 1130 37 5027 39 19748 18	0.800
39 1130 37 19930 21 146 11448 114 18	39 1130 37 8708 39 867 21 350 18	0.400
39 1130 37 7576 39 19895 18	39 867 37 2778 10229 18	0.000
39 625 37 869 39 4779 18	39 867 37 19769 3758 18	0.000
39 867 37 19769 19863 18	39 1130 37 5027 3 3867 18	0.000
39 1130 37 4326 1767 19931 18	39 867 37 19762 4336 18	0.200
39 1130 37 5027 39 3867 18	39 867 37 11430 19818 18	0.000
39 2065 37 5033 39 19932 18	39 1130 37 19769 39 19775 18	0.000
3 1294 2065 13156 26 3 4561 52 39 3627 30 39 2180 18	39 4981 2669 52 39 3627 30 2180 18	3.800
39 625 37 19788 19933 1716 18	39 867 37 19769 129 233 3669 1716 18	2.250
510 5463 30 8929 39 8825 18	1479 510 176 11225 26 39 8825 18	2.250
39 1130 37 9141 602 19934 18	39 1130 5423 26 3 602 18	2.750
39 2065 37 869 39 4779 18	3 2065 19935 3 4779 18	4.500
3 6338 164 129 39 19791 18	39 1130 37 11430 39 15836 18	2.400
39 4619 37 5027 12990 18	39 19936 2669 3 12990 18	2.800
3 7482 19937 18	39 6674 19937 18	3.200
39 3627 37 5027 21 3 7319 18	39 3627 37 19938 226 39 689 21 3 5082 211 23 18	1.600
39 867 37 8630 52 261 1156 18	39 867 37 19878 3700 18	0.400
39 1061 37 8909 39 7361 18	39 625 37 19769 39 4357 18	0.000
14897 30 13287 689 39 1027 808 1767 18	39 1027 8450 808 1767 18	2.600
39 1061 37 177 233 8672 2064 18	39 1061 37 19770 392 198 39 8879 18	0.400
39 867 37 3756 39 11399 30 6078 23 18	39 867 37 869 26 146 19867 18	0.600
39 1130 37 19939 1443 2715 18	39 1130 37 5027 3 3867 18	1.000
39 867 19760 1515 186 39 19771 198 39 4302 6857 323 2798 37 452 18	146 8485 867 37 19770 1515 186 39 19771 26 3 19940 18	3.800
3 3627 17850 1814 3 1021 12 3 8409 18	39 3627 37 8396 1814 39 8409 18	4.600
3719 37 2035 463 186 39 4311 18	39 1130 11430 3719 186 39 4221 4311 18	4.250
39 1130 37 3756 39 1041 30 3810 109 455 18	39 867 37 19762 39 15836 18	0.000
19941 176 5033 18	39 1130 37 5033 18	1.500
5623 925 360 39 4779 18	39 1130 2155 18470 360 12 39 4779 18	3.500
39 867 37 11430 233 19797 18	39 867 37 19788 19942 18	2.800
39 867 19761 146 2696 18	39 1130 3340 19943 26 39 8706 18	0.000
39 1130 37 3810 233 424 2002 18	39 1130 37 19871 39 19872 18	0.000
4285 176 5027 21 1767 18	16 14 176 5027 19944 19945 18	0.000
39 1130 37 869 39 4779 30 3812 808 9847 18	39 1130 37 8693 39 2602 2180 18	0.333
39 625 37 2794 19841 8442 52 271 4642 18	39 625 37 19769 3646 21 2418 18	0.333
3 625 940 3 5214 26 1693 18	39 625 37 6807 19946 5214 18	3.333
3 1130 37 19769 3 18094 198 3 1041 18	39 1130 37 11430 1358 39 1041 18	4.333
3 6338 463 3 19947 19948 21 3 3582 1767 18	3 6338 19949 3 19765 165 21 3582 1515 18	1.600
39 867 37 8630 18	39 867 2669 3 19950 18	0.800
39 1130 37 8548 21 3 825 18	39 1130 37 8713 323 8396 1519 3 8490 18	0.800
39 1130 37 869 39 4487 18	39 867 37 8630 21 3 2590 18	0.200
39 1130 37 2794 19951 18	39 867 37 11430 233 19863 18	0.000
39 1130 37 5027 3867 18	39 867 37 19769 129 233 19766 18	0.000
39 867 37 869 26 39 4779 18	39 1130 37 1603 360 5084 18	0.000
3 1061 37 5027 3 19753 18	39 8645 37 5027 26 350 18	1.333
39 625 37 4465 26 39 959 19952 18	39 1130 37 4465 26 39 2973 3811 19953 3186 18	3.000
3 1881 37 19812 3 4312 18	39 867 37 19812 19954 3967 18	2.600
3 1294 1061 37 8713 30 5027 3 3867 18	39 4981 37 5027 39 3867 18	2.800
39 867 37 19955 395 1139 18	3 867 37 19956 395 13567 26 3 2732 18	0.800
3 14 13156 2212 3 757 26 3 4561 18	3 19925 3502 26 3 4561 18	1.000
39 867 37 3575 3752 18	39 1130 37 452 68 39 867 18	0.000
39 867 37 19762 39 15836 18	39 19772 37 8396 1064 18	0.000
39 867 37 8976 39 18137 18	39 1130 37 4535 19957 18	0.250
39 867 19761 4336 52 395 763 18	3 867 37 19769 19797 18	1.000
3 8249 4877 5969 808 3 842 18	8249 4877 176 3135 673 261 18	3.400
39 867 37 869 39 4779 1814 39 19958 18	39 3627 37 869 39 8443 18	0.600
39 867 37 1883 395 4981 21 39 11423 7508 18	3 867 37 19959 3740 21 3 15836 18	0.000
39 867 7950 39 19960 808 39 1130 33 8819 18	39 1130 19760 1767 808 39 11115 396 18	0.500
146 611 867 37 8593 4642 52 39 1130 18	39 1130 30 39 867 19961 763 18	3.750
39 1130 37 2794 3439 52 2940 2892 18	39 1130 37 4535 39 572 3439 18	5.000
3 867 37 19962 18	39 867 37 1926 19963 26 39 8459 18	1.750
8687 176 9360 21 1289 18	8687 176 772 8 160 534 7638 18	2.667
3 3656 37 19777 39 6857 18	39 3656 2669 52 39 1325 6857 18	2.333
39 1130 30 867 37 869 21 39 721 18	39 867 37 13346 19773 18	0.400
39 1130 37 3883 39 5 545 18	3 867 37 5027 3 7185 18	0.000
39 3656 37 19964 26 39 8438 18	39 1130 37 19769 39 4357 18	0.000
39 1130 2669 39 19753 18	39 867 37 5027 3 7185 18	1.000
39 625 19760 1515 26 39 19771 18	39 625 37 19823 146 12976 18	0.800
39 625 37 19769 146 12976 18	39 625 5820 11248 18	1.400
3 5094 37 5033 18	39 867 37 8630 18	0.000
39 1130 30 867 176 5033 226 39 2732 18	39 432 176 5033 39 8986 30 452 18	3.000
3 867 37 8396 395 3627 18	39 867 1102 395 3627 1519 3 2590 18	4.000
39 867 37 869 26 39 4779 18	39 1130 37 4650 808 5465 21 778 18	0.000
39 1130 37 19965 208 68 39 3534 18	39 1130 37 4431 39 867 39 8479 18	0.200
39 2065 37 5027 39 19748 18	39 2065 2669 39 5425 11735 18	3.200
39 3158 12 510 12779 18	233 510 176 8713 18	5.000
3 3656 37 6078 3955 18	39 3656 37 19777 198 39 19966 12 3955 18	4.400
39 625 37 19762 39 15836 52 39 15836 19967 18	39 1130 37 11430 4359 52 39 19968 18	0.750
39 1325 4981 37 5027 39 3867 18	39 1061 8439 26 39 7631 6 8961 30 2669 39 3867 18	2.000
39 2065 37 177 19885 18	39 867 37 5573 19969 18	2.000
39 867 37 19788 12976 18	39 1130 37 2794 39 572 3439 18	0.000
16 14 176 3135 18	16 14 176 3135 1374 39 520 12 863 11029 18	2.800
39 1130 30 39 867 2787 2423 3 8416 18	3 1130 30 867 176 8396 18	3.000
39 639 37 5027 39 2160 3217 18	39 1061 37 5027 39 3217 26 39 8473 18	3.091
16 1156 176 8630 30 8713 21 1820 12 39 8500 18	3 1156 176 8713 30 8630 18	3.538
14 176 3812 186 1767 198 39 828 18	14 4519 21 39 825 18	2.750
3 1229 1018 19970 226 3 7434 18	146 1018 37 452 68 7434 18	2.500
3 1130 37 1883 3700 186 3 11936 18	39 1130 37 1883 3325 21 39 1041 18	2.500
39 1130 37 8644 26 39 19971 530 18	3 1130 446 39 19972 18	2.250
39 867 37 4550 19834 68 39 199 12 1767 18	39 867 37 177 19801 18	3.600
39 867 37 6065 26 39 8470 26 39 7120 30 3990 39 3972 18	39 867 8774 37 8713 39 2931 30 5027 3 3867 106 18	1.200
16 8651 176 5027 52 673 261 18	233 14 176 5027 2602 18	0.200
39 1130 37 4490 26 39 2574 18	39 1130 7834 129 39 4520 18	1.000
39 1130 37 14372 5623 18	39 1130 37 3810 39 345 18	0.400
5623 37 19770 19855 186 39 199 18	39 1130 7950 3645 186 39 199 18	2.800
39 1130 37 5744 233 3646 18	39 867 37 19769 4336 18	0.800
39 432 176 8396 18	233 14 176 19873 18	0.000
16 14 2801 19973 2423 3 8416 18	16 14 176 8909 19973 18	3.500
39 625 37 5027 39 3867 18	3 1130 13156 271 3867 18	3.000
39 625 37 4550 2563 21 39 4344 18	39 867 7950 3553 186 39 4344 18	3.000
39 3158 12 19974 37 8396 18	39 959 2607 12 19974 176 1963 68 3 963 18	2.800
39 1130 37 5027 39 3867 18	5623 37 15231 39 5103 18	0.000
39 3627 37 3812 26 39 8438 18	39 1061 37 5027 39 3867 18	0.000
39 1130 37 8593 39 11936 808 39 3581 3664 18	39 1130 37 19975 39 4302 11936 18	2.200
39 1130 37 5027 39 3061 18	39 1130 37 19976 39 2602 2180 52 271 8627 18	2.000
39 1130 37 8396 52 39 4779 18	39 1130 37 8745 39 4779 1064 8 23 33 11418 18	3.750
455 37 2035 164 52 19838 18	39 3868 12 455 37 2035 164 18	4.000
3 6338 19790 3 19791 18	39 867 37 19762 39 15836 18	4.750
39 625 19761 19773 18	3 6338 19790 3 19773 18	3.500
39 1130 37 5027 39 3867 18	39 1130 6063 68 93 3 455 18	0.800
39 1130 177 39 7631 21 39 7213 18	39 1130 37 7576 39 5094 18	0.800
39 867 37 19769 233 19776 18	39 867 37 11430 39 3019 12 19776 186 1325 3843 18	4.000
39 867 37 19762 233 4371 18	39 867 37 19770 39 1467 4383 26 39 13346 4344 18	1.200
3 3627 6132 3 4977 4812 30 547 271 11736 18	39 4619 6132 39 4977 4812 18	1.750
39 867 1652 16 3752 21 39 4311 18	39 625 37 4221 19977 21 39 4311 18	3.000
510 176 5027 6153 18	3 3963 5574 772 3 2180 18	0.500
39 625 37 3577 16144 18	39 867 37 8874 3752 186 39 4344 18	0.250
39 1130 37 3812 4520 3801 18	39 867 37 19769 39 19775 18	0.000
39 625 37 19769 233 19752 18	39 19978 37 8713 18	0.000
39 867 1239 39 19756 18	39 1130 21 39 8402 8961 39 2931 18	0.000
5623 15053 26 39 5402 18	5623 37 11367 18	4.500
2602 3195 176 8693 39 2602 2180 186 3 2729 18	39 2602 5574 7220 39 2729 18	3.800
39 867 37 4305 392 18	39 867 37 19770 19977 186 39 13346 4344 18	3.200
39 867 37 8408 21 3 8448 18	39 867 8557 1064 21 3 963 33 3117 18	3.200
39 1130 37 7262 243 1130 18	39 1130 19979 243 1130 52 1767 198 39 8851 18	0.800
3 867 37 1883 19980 186 39 348 18	39 867 37 3864 233 377 12 19981 19982 109 12 39 4311 18	1.500
39 1130 37 7576 129 30 452 293 39 8411 42 8461 8502 18	39 1130 37 4976 39 2297 8397 18	2.750
601 3333 14 3800 6 4519 6 30 7832 360 12 39 11207 530 18	601 14 176 3812 360 39 3534 18	1.500
5623 19760 19983 1515 186 39 4311 12 4357 19984 18	3 1130 19828 1515 26 3 4357 19821 18	3.750
39 1130 37 5027 3 3867 18	3 1130 13156 271 3867 52 39 4948 18	3.200
5623 37 3577 19985 21 39 199 18	5623 19760 19983 1515 186 39 4311 12 4357 19984 18	0.800
39 625 37 19762 39 15836 18	39 3656 37 19777 39 1325 6857 18	0.000
39 3656 37 3812 186 39 1041 18	39 3333 1130 37 452 68 39 19895 18	0.000
39 3333 1425 2065 37 5573 19986 18	39 2065 37 1883 26 1444 12120 18	2.400
3 867 37 5744 3 1515 18	39 867 37 19770 19977 21 39 4311 18	1.400
39 3656 37 3822 8856 1519 2 39 11199 18	39 3656 37 19914 2 39 3868 12 5055 26 23 33 2285 18	3.200
39 867 8615 323 39 1130 2669 3 5402 18	39 867 37 8630 26 39 350 18	2.200
39 19810 37 201 129 39 4311 12 16144 18	39 1130 37 19987 3 1021 12 39 4311 360 18	2.533
146 722 37 17214 21 3 4914 18	39 851 9828 10983 21 39 4914 18	3.400
39 867 19821 39 19862 18	39 1130 37 452 186 39 8962 18	0.000
146 19988 1130 37 11592 4520 18	39 3333 1130 37 8630 18	0.800
39 3656 37 8396 1064 39 758 18	39 867 37 19762 15836 18	0.000
3 6338 3545 16 2410 3752 18	3 867 37 3575 3752 186 39 4311 18	3.200
39 1130 19989 39 19841 1374 39 4329 18	39 867 37 8630 21 3 7726 18	0.000
4302 5021 176 11225 21 1767 18	3 7421 176 4535 39 8672 18	0.000
39 867 37 8630 18	39 1130 948 39 4327 18	0.000
3 3954 6384 3 4371 18	39 1535 3954 37 7436 112 4371 18	3.000
3 867 37 19990 26 1444 5334 18	3 2065 37 1374 146 1444 19841 26 395 19885 18	2.800
39 1130 37 8644 271 12245 18	39 3627 37 869 26 39 11346 8819 18	0.000
39 13175 2854 37 4535 26 350 18	3 19991 37 2035 11459 18	0.000
39 867 37 19769 165 52 39 4329 18	39 1130 37 19364 109 3967 18	0.417
39 3627 37 4490 26 3 2874 18	39 2065 37 19956 395 19802 15224 18	0.000
39 867 37 452 68 395 6890 8467 63 2798 19992 23 18	39 867 1102 395 3627 2893 19993 19994 18	0.400
39 4619 37 5027 12990 18	5623 21 39 19936 8532 37 5027 39 506 12 12990 18	2.500
39 1130 37 8791 39 10379 129 3627 18	39 1130 37 4976 271 3627 68 3 2820 18	1.000
39 867 37 8396 26 146 1358 2874 52 39 6890 3627 63 233 261 4977 2212 139 18	39 1130 37 8396 52 1412 4977 18	2.000
39 867 37 19995 233 4336 18	39 625 37 201 39 19996 18	0.000
39 1130 4623 39 11353 18	39 1130 37 5027 39 3867 18	0.500
3 12561 176 8457 18	16 1156 176 8713 18	0.000
16 5594 176 5027 2602 18	2110 1789 12 5594 176 5027 3061 26 39 2574 18	2.500
39 3014 95 13630 37 19921 1064 18	146 5094 37 8396 26 3 2874 18	2.000
39 1130 37 869 39 946 4779 26 146 11619 2874 18	5623 37 869 39 4779 18	2.600
16 19997 19998 176 3135 673 261 18	39 1130 8668 39 1767 6897 21 3 1767 18	0.000
146 19999 6338 37 11430 39 19923 186 1836 11812 18	39 867 37 19769 39 19923 18	3.600
39 1130 8761 26 3 2874 30 9875 39 18137 18	39 1130 37 19364 3719 26 39 19954 18	0.000
3 1130 164 129 146 12976 18	39 1130 37 8630 18	0.600
39 432 176 4490 2666 3 963 18	39 1130 30 30 867 176 4490 3461 6 7576 763 18	2.818
39 3158 12 510 176 8630 18	1156 176 8630 3801 18	3.000
39 1130 37 5027 3867 18	39 1061 37 452 68 39 7358 3627 18	0.000
39 867 19842 129 3645 18	39 867 37 4550 19977 68 39 19771 18	1.600
39 867 19760 39 4383 186 39 4311 30 19842 23 18	39 867 37 6898 146 3574 21 39 19771 18	1.250
39 867 37 19788 39 534 3574 18	39 625 37 11430 3576 3574 186 11812 18	3.533
16 6753 3776 39 8887 18	39 3391 30 3392 795 176 8708 18	3.800
39 3656 37 2661 68 6574 39 3627 18	3 3656 20000 3 3627 8 8854 271 396 18	3.250
39 867 7950 19886 26 395 19885 18	3 867 37 19990 26 1444 5334 18	4.000
3 19925 3502 26 3 4561 18	39 19925 37 11184 21 39 2574 18	4.000
3 1130 19876 271 1294 783 721 1064 3 1557 18	3 3627 7789 21 3 1767 226 3 8448 18	0.000
39 1130 37 11430 529 18	39 1130 37 2794 8442 52 39 2602 2180 18	1.000
39 867 30 1130 176 869 21 39 721 18	39 867 1291 39 721 37 452 68 3 1130 8774 8519 395 18	3.400
39 1130 37 11430 11812 12 3719 186 39 4221 4311 18	11812 12 3719 37 12959 21 3 3404 19910 18	3.600
39 3656 2123 20001 39 5985 21 3 396 18	39 3656 30 39 1061 2940 3461 18	2.600
39 3656 37 5027 21 39 1041 18	3 3627 37 5027 52 3 3548 20002 18	1.400
39 1130 37 1883 4336 26 233 529 19821 18	39 1130 37 20003 5744 26 1412 3890 30 20004 20005 12 529 18	2.000
3 432 19887 21 3 7137 18	39 432 1706 8615 18	3.200
3 7933 4941 4328 26 3 19874 18	39 7933 37 6065 1519 18	3.600
39 1130 37 20006 146 20007 26 3 4975 18	39 625 37 2644 3644 3645 186 39 199 26 3 19940 18	0.000
39 625 921 233 3553 20008 18	39 4779 37 4490 18	0.000
39 2065 37 8630 21 39 11307 18	39 12976 37 2035 3644 18	0.000
1602 14 4519 186 39 8408 8409 18	39 3158 12 20009 3473 186 39 8409 18	2.800
39 867 37 19843 16 3752 21 39 3597 4311 18	39 3333 2065 37 8713 26 39 350 18	0.000
3 1130 37 5027 3 12990 18	39 1130 19760 20002 21 271 3664 18	0.000
39 3656 37 26 39 795 18	39 1130 37 5033 529 18	0.000
39 1130 37 19769 39 4350 18	39 625 5820 39 277 3669 4350 3979 18	3.800
39 867 37 4200 21 1226 2161 18	39 867 19845 233 20010 18	0.643
39 1061 37 19914 186 39 3627 758 18	39 3656 37 5027 26 3 3548 18	0.000
3 2065 11106 395 8568 323 2798 7789 129 39 6414 18	39 2065 1874 395 8568 18	2.250
39 867 37 8874 2563 21 39 199 12 3582 1767 18	39 867 37 13346 165 18	1.250
39 1325 4619 1102 2423 1767 18	39 4619 37 8622 1153 39 7398 18	3.400
39 1130 37 869 39 4487 18	39 7933 4941 37 5033 18	0.000
39 3333 1130 37 8713 30 5027 3 19753 18	3 1130 37 2424 39 3683 18	0.200
39 1061 1077 360 271 2800 18	39 1061 37 6244 18	0.500
39 2065 37 5027 39 19753 18	39 1061 37 2794 1846 1034 18	0.000
3 6338 20011 129 2410 3752 21 3 4311 18	39 867 37 19770 6341 186 39 4311 18	1.000
39 19846 37 4490 3201 453 11361 18	39 19846 8572 11361 26 1153 39 2574 18	4.400
3 6338 19911 39 20012 18	5623 37 11430 39 4357 18	4.000
5623 37 7576 39 20013 18	39 12976 37 2035 19911 18	0.000
39 867 19761 39 15836 18	39 867 37 4310 20014 18	1.000
39 3656 37 5027 26 3 3548 18	39 1130 37 19769 4336 18	0.000
39 1061 37 5027 7185 26 350 18	39 625 37 4221 39 199 18	0.000
39 8495 37 5033 4561 18	39 3627 37 3864 39 2065 1519 39 6414 18	0.000
39 3656 37 6078 233 1767 18	39 8486 37 270 1519 39 6414 18	0.000
39 625 37 1883 20015 30 4350 26 39 3868 12 19766 18	39 20016 37 5421 26 39 19753 18	0.000
3 1130 6870 21 271 668 30 20017 18	3 1294 2065 37 1883 395 3715 186 39 11276 4812 18	0.000
39 867 37 19823 39 15836 18	39 867 5820 19776 186 2891 11812 18	1.800
3 1130 20011 3 352 112 3 3700 18	3 1130 37 19843 1515 18	2.400
39 4981 37 19914 6393 18	39 4981 20018 30 6016 243 4981 18	1.200
39 625 37 13346 39 165 21 3 4344 18	39 1130 37 11430 39 19818 18	0.600
39 1130 37 343 109 12 39 3727 18	39 867 37 8408 21 3 1767 18	0.250
39 1130 8774 37 5027 3 3867 18	39 1130 37 5027 146 3866 3867 30 8713 186 39 8962 18	3.250
39 3627 37 3628 226 39 6897 18	3 1294 3627 19970 226 3 2500 6897 18	3.750
39 867 37 19769 146 12976 52 39 4329 18	39 1130 37 6898 233 348 18	1.250
39 1130 3812 4520	39 1130 37 452 18	0.400
39 867 37 19762 146 2695 18	39 867 5820 360 39 1325 3868 12 19862 20019 18	1.800
39 7264 37 4490 30 3812 395 4779 18	39 867 5890 7091 26 39 4779 18	4.000
39 1061 37 5027 39 19865 18	39 1061 37 5421 21 39 114 5027 39 19753 8 3947 3561 18	3.250
39 1130 37 12428 18	39 1061 37 869 39 8424 18	2.500
16 14 176 3135 18	3 1130 37 13729 18	0.750
39 1130 37 5027 39 1538 19748 323 1412 261 14 2940 20020 12990 18	39 1130 37 5027 39 19748 18	3.250
5623 37 1984 146 3574 18	39 867 12524 3752 21 39 4311 18	2.500
39 625 37 8791 39 4619 18	39 1130 37 7576 39 1706 19803 18	1.200
39 1130 37 11430 39 15836 18	39 867 2669 146 3878 3867 18	0.083
39 867 37 19769 11248 18	39 625 37 7576 16 4981 20021 18	0.000
16 19809 5107 176 8708 18	39 794 37 8708 243 794 18	3.800
3 20013 20022 26 3 3840 18	39 20013 37 8776 226 39 8470 18	3.400
39 1130 37 19884 39 3868 12 529 18	39 1706 19803 7918 26 39 18871 18	0.000
39 1130 37 7478 39 701 8545 18	39 1130 37 3812 186 1767 198 39 8422 18	0.800
39 3656 37 19777 2478 18	39 1130 37 19769 39 946 12976 52 39 20023 20024 18	0.000
39 867 5820 129 233 3645 18	39 867 37 8874 19947 2563 2893 39 1131 18	1.000
39 1130 37 6898 39 4928 112 4305 18	3 1130 37 9027 19911 20025 186 1767 18	1.000
39 867 37 19364 20026 26 39 529 9117 18	39 5131 37 5027 52 39 867 33 19802 18	0.000
39 1325 1900 11341 37 20027 30 5033 39 3868 12 19923 26 3 3548 18	39 1900 11341 8588 39 19923 18	3.500
1479 5042 176 5420 21 1820 12 3 3891 721 18	1479 3333 14 3404 318 63 39 721 10983 3201 139 18	3.750
3 6338 164 3 4812 30 974 12 39 19773 18	39 867 37 201 39 19773 18	4.500
39 1130 37 6564 18	3 1130 6870 21 271 927 30 20028 18	4.000
5623 5126 3 5131 8701 26 39 36 18	5623 37 11430 455 18	0.250
39 867 37 4550 352 68 233 2563 18	39 625 37 11430 1716 18	0.200
165 37 2035 463 186 39 19771 18	39 867 37 1883 39 4981 186 39 20029 54 18	0.400
39 4981 19867 37 5033 39 1325 5 18	39 1294 2065 20030 39 8455 18	0.000
39 1130 2669 146 3866 3867 18	39 867 30 3627 176 8396 3461 18	0.000
601 1157 176 5033 623 2563 18	3 8545 6312 808 3 3629 18	0.000
39 20031 37 270 2423 1767 18	39 4981 37 8649 8509 18	0.000
39 1130 37 4490 26 39 2590 18	39 1130 2669 3 3867 18	0.800
39 625 37 19769 146 12976 18	39 3656 37 12580 186 39 3742 18	0.000
39 19904 37 8405 21 3 4627 18	39 1130 37 3883 959 686 18	0.000
39 867 37 19769 277 4350 18	39 3627 37 3883 453 4975 18	0.000
