3824 3 5225 12 39 974 12 1767	289 959 8445 974 12 1767 18	0.8
5623 511 2669 39 15032 2670	146 2851 511 2669 39 15032 2670 18	3
363 3029 68 365 1206 68 2433 26 39 4193	791 515 1206 68 2433 18	3.8
3 3455 12 12151 515 9723 392	3 3455 12 6041 515 12103 18	2.2
15033 5773 446 112 12322	39 4795 515 36 12 4784 115 37 446 112 12322 18	3.8
39 1144 12 2035 15034 515 6005	3 2069 12 392 2035 6005 12213 18	2.6
3 3455 12 3731 392	3 3455 12 8765 392 18	0.6
12097 515 3449 363 63 48 365 52 3738 18	11829 14186 6 63 48 52 692 18	0.2
363 2136 365 55 392 515 46 12254	3029 392 68 6121 515 3618 12254 18	1
39 551 6 63 3 6113 314 12 39 15035 5151	39 15036 312 226 61 748 12 146 5151 15037 18	3.2
3 3455 12 4788 515 8956 392	3 3455 12 10263 515 3310 392 18	0.4
6669 8 1141 6 8370 52 1553	6669 8 1141 515 52 8039 18	4
3029 68 122 6 3029 68 46 9290	2430 68 5666 515 3029 68 2430 11448 18	1.6
3 15038 283 12 3207 12 392	3 3455 12 10263 515 3310 392 18	0
3 6580 314 12 392	65 12106 428 418 12 392 18	0
11678 515 122 21 39 2101 4049	11678 21 39 2101 4049 18	4.4
39 15039 515 5448 1991 12 392	39 4107 1991 12 392 18	3
39 3569 12 15040 12 39 2256 15041 11908	39 15042 12041 12 39 959 9943 18	1.6
3 625 511 37 2251 68 39 15043 524	39 625 511 37 2705 68 39 272 515 524 18	4.6
788 428 4603 68 3 1665 515 4598 12 18	4603 68 3 1665 515 4598 12 18	4.2
39 4897 11148 515 15044 12 39 1535 515 963	39 4897 11148 12 3 1535 8132 16 2256 1961 12 1767 18	3.4
3 3455 12 4788 515 8956 392	3 3455 12 3575 392 18	0.2
164 186 6 11864 10172 392 1079 18	3 3455 12 3575 392 18	0.6
3 3455 12 6041 2748 12084	3 3455 12 2967 61 130 112 243 130 18	2.4
3 3455 12 12069 392 18	3 3455 12 4326 392 18	0.8
3 1144 12 2035 21 1817	3 1144 12 2035 5808 18	4
4431 39 3402 515 15045 12 392	1393 3 383 6 3781 6 515 5342 12 392 18	0
1180 392 68 515 5470 392 198 8 12310 4238 18	1180 392 68 515 5470 392 198 8 11666 30 3081 12310 4238 18	3.8
3 3455 12 5161 515 15046 3 524 12 146 960	39 4193 2257 314 12 3 3801 12 146 960 18	0.2
39 2629 515 1144 12 15047 6 7352	39 1144 12 2035 15048 30 2629 181 3262 18	4
11550 2236 515 8739 11551 198 39 5135 515 5175 515 11552 2666 39 5135 428 11550 8739 198 39 113 551 18	2236 515 8739 11551 198 39 5135 515 5175 515 11552 2666 39 5135 18	4.2
51 186 3 2874 112 4620	51 515 463 26 3 2874 18	2
146 15049 2607 12 392	39 4107 1991 12 392 18	0.8
4615 7958 428 108 7297 12092 2423 12095	108 7297 12092 2423 12095 18	4.4
3 3455 12 15050 3 6119 12 392	3 3455 12 12248 109 198 392 18	0.8
1861 15051 428 6909 280 363 45 2202 262 365 428 3018 18	1861 15051 428 6909 280 363 45 2202 262 365 18	4.2
3 1144 12 2035 1568 18	3 1144 12 2035 7449 18	0.6
3 3455 12 11989 6049 30 1216 18	3 3455 12 2470 30 11580 7012 18	0
6430 5623 198 77 8 3810 39 3846 428 224 5423 324 18	6430 363 5623 365 198 77 8 3810 39 3846 18	4.8
39 2482 515 4193 12 392	39 8265 222 12 392 18	0
6909 21 39 2101 219	1978 21 39 2101 219 18	1.4
3 3455 12 4650 6 3086 146 960	4650 515 8939 1064 363 21 51 365 18	3
363 3029 68 365 984 21 1360 515 9069 18	984 21 1360 515 9069 18	4
3 5333 1144 12 15052 514	3 14257 3455 12 5714 18	0.4
117 258 12 6 145 2080 68	117 258 12 428 11876 39 2080 68 18	4.6
3 3455 12 3315 392 1079 18	3 3455 12 12064 392 515 5623 18	1
5229 3269 12 2500 1564 198 39 2160	363 2160 2223 365 358 115 37 1265 21 39 2160 30 37 15053 515 5229 26 455 18	4.2
582 21 2363 515 3388 18	582 21 3388 515 2363 18	5
961 363 63 3 3430 12 39 974 12 1767 365 112 392	961 363 63 3 3430 12 39 974 12 1767 365 112 392 3616 515 1207 18	3.5
3 3455 12 11621 515 2869 392 12 1997	3 3455 12 10263 515 3310 392 18	2.25
3 5448 3455 12 1023 21 146 6169 68 15054 515 3206 18	3 3455 12 7714 21 146 6169 68 15054 515 3206 18	4.8
11991 515 12200 363 5100 6 12201 6 12202 6 515 12203 365 198 3 4975 18	11991 515 12200 363 5100 515 12201 515 12202 365 198 3 4975 18	4.4
3 4592 15055 515 2863 12 392	3 3455 515 170 12 301 3767 12 392 18	0
3 3455 12 3731 392	3 3455 12 2421 392 18	0
146 6006 515 15056 112 392	146 4952 2299 8 3326 392 18	0
12257 6 335 68 6823 1144	335 68 39 6823 1054 18	4.8
3455 519 15057 515 52 106 98 9197 18	224 15058 515 3455 52 106 98 9197 18	3.6
3 3455 12 1883 39 12079 26 392 18	3 3455 12 12069 392 18	0.75
2399 3 3123 515 15059 12 392	117 39 41 515 2764 12 392 18	0
3 3455 12 3883 6 4650 392	3 3455 12 12126 392 18	0.4
3 3455 12 12196 6 12197 515 903 392	3 3455 12 12069 392 18	0.4
3 3455 12 1883 39 12079 26 392 18	3 3455 12 10263 515 3310 392 18	0.4
3 3455 515 170 12 301 3767 12 392 18	3 5448 524 12 392 18	0.4
3 4467 12 39 8301 21 39 76 254 12 62	3 2283 418 226 39 76 62 18	0.4
39 2509 2391 12 4890	146 15060 4483 12 392 18	0
3029 68 65 146 11843	3029 68 2399 6316 2344 18	0
3473 515 3029 68 3473	2956 515 3029 68 3473 21 7207 18	3.6
3 3455 12 7022 6 11988 392	3 3455 12 12069 392 18	0.6
579 198 2035 1805 515 12045 8 557	569 2285 428 579 198 2035 12045 8 557 18	3.8
39 1995 15061 243 68 938 26 61 33 11713	39 764 12 1418 1995 76 8 5973 12 39 15062 15061 39 2241 938 26 623 11713 226 39 14973 126 18	3.4
3 3455 12 3731 392	3 3455 12 12077 392 18	0.8
3 3455 12 2315 6 12324 6 12325	3 3455 12 15063 392 18	0.8
3956 8 15064 2423 3 7372	9465 8 15064 2423 3 7372 18	4.5
3 6888 12 39 7035	3 2341 2080 12 39 7035 18	0.8
363 3029 68 365 5384 39 2110 508 6 1997 6 515 5359	3029 68 5384 39 1079 515 2110 5324 18	3.8
363 3029 68 365 2399 513 8908 515 15065	3029 68 2399 2917 515 2872 18	1.2
3 3455 12 6041 515 12103	3 3455 12 2869 5623 515 392 18	0.2
13977 515 509 6 2341 63 15066 15067	39 287 509 12 3 1270 18	4
15068 8 170 12 12297 18	15068 8 170 12 12297 30 15069 18	3.8
3 3455 12 15070 392 4097	3 3455 12 6278 392 18	1.2
96 3 2607 68 46 47 26 146 123 4739	96 97 98 37 68 46 47 26 146 123 4739 18	4.6
117 2795 95 161 2098	117 39 2795 2227 12 146 2098 13771 15071 18	3.8
46 21 371 5448 1817 52	46 21 371 5448 1817 52 428 117 1817 18	4.8
3 3388 12 2035 15072	3 3388 12 2035 12 5686 317 18	1
6097 39 713 112 146 5248 6 3158 6 515 12243 18	6097 39 31 12 515 112 18	3.4
1861 39 2101 158 151 15073 39 2940 515 2887	145 146 3265 515 15074 12 18	1.4
3 3388 12 2035 15072	3 3455 12 15075 21 39 51 18	0
39 3549 515 2493 12 392	39 3549 515 2493 12 392 363 3081 12 2563 515 4890 515 1368 365 18	3.8
302 515 15076 39 1855	302 3 14104 12 146 6757 428 21 11705 18	2.6
625 511 15077 514 21 3186 3257	39 625 511 37 21 1078 18	0.6
3 3455 12 12252 39 4193	3 3455 12 7478 363 3864 52 4674 365 18	0.6
3 3455 12 12223 515 15078 18	3 3455 12 15079 515 12248 515 15080 18	0.6
3 3455 12 15081 3 15082 12 392	3 3455 12 9628 3 12039 12 392 8 12477 453 11075 18	1.2
3 3455 12 1883 39 12079 26 392 18	3 3455 12 6444 109 5623 515 392 18	0.4
3 3455 12 4788 515 8956 392	3 3455 12 12237 515 8939 18	0
6680 515 2187 6 63 21 11904 515 2407	6680 6 63 21 11904 515 39 2407 18	4.4
2788 363 63 48 365 2423 1767 18	122 63 48 2423 39 11628 18	1.4
12192 515 12193 6 63 6497	12192 515 12193 6 63 21 1325 6497 18	4
520 39 15083 515 122 21 39 15083 2486 18	68 5425 515 122 21 39 15083 2486 18	4.8
15084 186 1230 8 1374 61 33 15085 428 12238 68 55 392 18	15084 186 1230 8 1374 61 33 15085 18	4
5808 15086 13095 446 8 5107	39 790 12 5808 15086 13095 1675 8 5107 18	4.6
569 515 15087 21 39 1086 11834	569 21 39 1086 15088 18	4.6
3 4467 12 39 8301 21 39 76 254 12 62	3 4467 12 39 8301 15089 15090 8 15091 3 2112 12 3 254 2363 544 62 18	2.6
3 6580 314 12 392	3 1022 314 12 182 18	0.2
3 3455 12 11580 8 9086 5623 515 392 18	3 3455 12 12076 5623 515 392 18	0.2
3 3455 12 8063 515 15092	3 1230 12 1883 392 186 2832 18	2
46 408 226 515 26 1031 12 392	3029 363 5623 365 68 11684 392 18	0
3 11842 515 11843 12 392	3 3455 12 10263 515 3310 392 18	0
363 3029 68 365 117 39 3811 15093 159 6 11864 8 4221 18	117 39 3811 15093 159 18	3.4
8370 6 10194 6 3547 52 6 515 63 48 52 15094	518 6 8370 6 3547 515 15095 52 515 63 48 52 15094 18	4.2
3 3455 12 452 293 3 2850 12 392 18	3 3455 12 13924 21 3 2625 12 39 3158 18	1.2
3 3455 12 11989 410 515 1241 68 5623	3 3455 12 5573 564 68 39 4193 18	0.2
39 4592 4598 12 2610 6 2132 8687	39 4598 12 246 2610 363 2132 8687 365 21 39 2361 283 18	4.2
3 3455 12 8063 515 15092	3 3455 12 3575 392 18	0.2
3 5448 15096 12 3 4146	3 5448 524 12 392 18	0.4
39 4152 283 515 1021 12 392	39 4152 15097 3 15098 12 392 18	4.2
791 39 5747 515 2729	791 39 5747 428 1701 8 4536 515 1665 18	3.4
3 3455 12 4788 515 8956 392	3 3455 12 15079 515 12248 515 15080 18	0.4
68 6672 515 10517 21 6277 12	6672 515 128 21 1174 12 18	4
1216 6 5344 6 4941 6 515 46 4400 112	3029 68 2726 515 46 4400 112 18	2.2
224 515 3206 8 4674 515 1370	68 463 1519 8 4674 515 1370 18	2.8
363 3029 68 365 4444 515 4489 109 21 1990	3029 68 1405 515 156 226 39 15099 2591 18	0.6
3 3455 12 12267 6 4886 6 4885	3 3455 12 3310 3 2607 515 2076 18	0.75
11800 52 6373 30 15100 11443 10394 363 63 12 146 709 365 18	11800 52 6373 30 15100 11443 10394 18	4.8
363 3 7615 12 365 39 7035 18	3 2296 4738 12 39 7035 18	2.8
3 3455 12 2967 2486 515 8939 11780 18	3 3455 12 4980 515 6155 109 8 1975 18	0
3 3455 12 9141 3461 11720	3 3455 12 6181 3 4001 515 974 18	0
3 1144 515 1054 12 2629 515 2035 7711 18	3 1054 12 2035 4985 18	0.6
122 68 39 1022 524 6 12133 392	1022 3 5503 12 363 13998 10449 365 18	0.4
3 3455 12 3864 39 3614	3 3455 12 177 39 980 18	0.4
363 3029 68 365 1978 2769 515 4168	847 1358 515 3979 2769 30 12036 18	0.4
3 3166 3455 12 177 392 1079 18	3 3463 3455 12 177 392 12100 18	0.8
117 515 2399 485 12163 515 8908	117 6285 112 1230 515 317 18	1
3 4238 12 4326 515 15101 392	3 3455 12 4326 392 18	4
3 4229 15102 12 392	108 3 2080 12 392 18	1.6
6951 146 1230 52 146 5565 68 12142 18	117 39 4695 12 52 3 5565 68 12142 18	2.4
289 3029 515 4639 12 466 5772	289 15103 115 185 466 5772 18	4.6
3 3455 12 3883 6 4650 392	3 3455 12 4465 515 12262 392 18	2.2
68 5880 11824 515 14136 8982 519 2557 5448 1817 18	68 5880 11824 515 14136 8982 18	3.8
3 1144 12 2035 3487 52 2848 18	3 1144 12 2035 1247 18	0.4
3 3530 12 3 1535 33 4193	3 5556 314 12 3 4746 33 4193 18	0.2
3 3455 12 12069 392 18	3 3455 12 2657 392 18	1.4
518 52 39 563 69	518 52 39 563 428 3602 39 563 68 18	4.6
15104 39 4452 515 13958 5819 428 15105	117 39 4452 515 13958 5819 18	3.8
15106 21 39 2110 15107 18	2236 21 39 2110 3071 18	0.2
3 3455 12 9316 6 15108	3 3455 12 3315 392 1079 18	0.6
3 3455 12 4431 39 3463	3 3455 12 4431 39 4406 11075 18	0.4
46 408 226 515 26 1031 12 392	8264 515 5952 3 3883 311 12 392 18	0.4
3 3455 12 4650 6 3086 146 960	3 3455 12 4326 392 18	0.2
3 11842 515 11843 12 392	65 39 11680 808 392 18	0
145 146 12160 515 168 112 1230 18	145 146 12160 112 1230 18	4.2
3 2204 515 5438 21 73 392 1077 51	3 3455 12 11430 392 186 2715 18	0.2
15109 428 15110 515 224 26 63 39 6270 18	145 15111 515 2355 6270 18	3.4
122 198 61 3524 68 243	122 198 61 51 68 243 18	5
3 3455 12 12069 392 18	3 3455 12 9027 392 18	0.4
145 39 15112 15113 68 363 392 365 18	145 39 1514 363 12 392 365 18	2.8
39 3973 511 37 39 11887 21 233 4238	289 1079 3973 21 233 4238 18	4
3846 3 8929 515 15114 18	3846 3 8929 428 21 8760 18	3.8
3 4238 12 12085 515 12086 392	3 3455 12 4465 515 12262 392 18	0.2
3 6888 12 39 7035	3 2296 4738 12 39 7035 18	4.6
146 960 11961 3 11962 12 5623 515 392 18	3 5162 12 15115 392 18	0.6
46 39 168 6 3029 6 515 15116 12	5207 63 39 168 515 3029 515 15116 12 18	4.4
1840 515 122 198 39 524 6 14352	430 198 39 524 515 886 18	2.6
3 3166 3455 12 177 392 1079 18	3 3455 12 2657 392 112 3 375 62 428 15117 392 1079 18	3.8
146 2071 12 15118 233 5317	3 3455 12 2657 392 18	0.4
363 3029 68 365 11597 2399 6623	3029 68 2399 4743 2038 18	1
39 15119 6 1144 12 11082 6 15120	146 2069 115 284 45 13824 453 2341 3781 18	3.2
3 3455 12 4431 129 39 4739 6 886 6 515 9928 18	3 3455 12 4431 129 363 39 4739 515 886 515 9928 4391 18 365 18	4.8
3 15038 283 12 3207 12 392	11783 2549 515 9928 12 392 18	0.6
224 392 515 5623 4097 198 12254	224 392 515 2919 52 11780 12254 18	3.2
2999 21 3 520 12 4165 5317	514 21 3 520 12 2707 515 12506 18	0.6
39 1144 12 12115 68 5508	39 1144 12 4229 6814 18	0
3 3455 12 1883 39 12079 26 392 18	3 3455 12 15121 515 15122 392 18	1.4
3 3455 12 12069 392 18	3 3455 12 12126 392 18	0.4
65 39 398 4954 68 55 392	65 39 2198 515 4954 68 72 392 18	3.2
224 21 363 5078 515 11550 365	224 363 688 6 3561 515 692 365 186 39 1855 18	1.8
3 3455 12 12104 12105 392	3 3455 12 12267 515 4885 515 12268 392 18	0.2
14063 52 39 15123 15124	14063 52 146 10445 15125 18	2.4
146 12213 9001 515 11355	146 12213 9001 515 6369 363 63 21 39 1532 365 18	4
146 12217 515 9883 12 392	39 2830 447 4897 3868 12 392 18	1
11583 6 11584 6 515 11585 11586 6 63 12 39 4622 18	11583 515 11584 515 11585 11586 18	3.6
2316 6 3143 3524 515 12039	12040 63 2035 428 3143 3 12039 12 5623 515 392 18	4.4
3 3455 12 15070 392 4097	3 3455 12 2657 392 18	0.6
146 6006 515 15056 112 392	146 620 68 575 515 55 392 18	0
11355 198 39 11860 524	68 11355 515 207 198 39 11860 524 18	4.2
4790 21 39 9237 515 15126 18	4790 21 39 54 515 9237 18	4.4
11678 515 122 21 39 2101 4049	7912 21 39 2101 4049 18	1
3 3455 12 12069 392 18	3 3455 12 6278 392 18	0.8
145 39 12220 6006 112 428 518 129	145 39 12220 6006 515 4399 112 18	4.4
3 15032 4238 115 61 284 68 15127 514 18	3 15032 4238 21 70 2848 115 42 55 68 15127 514 18	4.2
3 3455 12 12223 515 15078 18	3 3455 12 4465 515 12262 392 18	0.2
3 3455 12 8063 515 15092	3 3455 12 6417 485 4090 18	0.4
3 3455 12 12069 392 18	3 3455 12 12077 392 18	0
15128 2649 12 3 11999 2559	3 2296 363 15128 365 2649 12 3 2559 18	4.8
3 4238 12 12085 515 12086 392	3 4238 12 8956 5623 515 392 18	0
3 3455 12 4650 6 3086 146 960	3 3455 12 12233 515 4946 5623 18	0.4
39 124 115 2205 3003 1213 11549	39 124 115 8664 39 3003 1213 428 2978 68 1082 9108 18	3.8
108 3467 52 515 1455 129	108 3467 515 15129 52 18	4.6
8050 4541 21 3 2975 12 39 12173	39 8050 9254 363 21 4123 515 2975 515 764 515 2076 365 18	2.6
39 4883 4092 515 11974 12 392	39 8265 222 12 392 18	3.2
3 3455 12 3731 392	3 3455 12 15063 392 18	0
363 3029 68 365 2399 3088 515 388	117 3088 515 485 3088 18	4.4
5644 12096 428 224 4097 3 5333 4674 12 515 7743 10109 18	224 4097 3 5333 4674 12 515 7743 10109 18	4.2
145 146 12160 515 168 112 1230 18	145 146 3265 515 15074 12 18	0.2
772 515 335 211 23 966 3 2874	772 211 23 966 3 2874 18	4
3 3455 515 170 12 301 3767 12 392 18	3 1144 12 2035 12272 12 392 18	0
3 3455 12 9796 5623 515 392 112 2035 226 6679	3 1230 12 1883 392 186 2832 18	0
3547 515 506 39 5448 960 15130 515 15131	3547 515 506 15130 515 13747 18	3.8
39 15132 428 3 542 6 15133 6 515 2062 326 12 39 15041 515 15134 77 6 2471 515 12065 18	3 326 115 37 1015 21 39 2414 515 2940 515 366 4391 6140	3.8
3 4238 12 4326 515 15101 392	3 3455 12 12267 515 4885 515 12268 392 18	4.2
39 1024 3549 52 15135 112 3284	39 3010 15136 112 3 1024 3284 12 4366 515 3084 18	4.2
5396 39 974 314 2769 236 63 68 11754	5396 2769 236 63 68 11754 18	4
11707 12061 2901 12062 515 10304	11707 12061 3 4865 12 233 2901 12062 515 10304 18	4.2
46 39 4637 515 2940 39 2670 21 392	3 3455 12 9330 392 18	0.2
3 8201 2598 1856 15137 30 12941 21 39 146 1358 8763	3 2598 226 73 12941 30 15137 1517 3 2133 21 146 1358 8763 18	4.8
279 515 99 392 198 5623	3 3455 12 11015 392 515 5623 18	1
3 3455 12 12196 6 12197 515 903 392	3 3455 12 2257 515 10058 392 18	0.8
5463 26 5623 33 8819 515 2285 428 1216 26 3 2285 515 8819 18	1216 26 3 2285 30 8819 18	3.2
6680 52 2092 3730 515 4674	15138 52 2092 3730 515 4674 18	3.8
3 3388 12 11663 52 15139 30 15140	3 3388 12 45 2035 391 515 12152 18	0.4
3 3388 12 2035 496 6 12190 12 2698	3 3388 12 2035 496 30 12190 12 2292 18	4.8
12868 6 7513 515 15141 1856 5448 9806	39 7513 115 15142 515 13543 1794 363 3081 392 446 68 5572 1519 515 15143 39 3212 365 18	3.6
3 2890 12 3 1360 12 392 6 4245 6 453 4123 6 2152 515 2363	1393 5959 392 2255 515 1022 18	4.4
39 4107 12136 12 392	39 354 68 55 392 18	0.2
463 21 39 2361 51 515 3657 3524	3029 68 46 21 146 3685 51 6 1144 6 515 5162 18	3
3 1230 12 15144 15145	3 11610 12 12130 5356 18	0.4
3 11594 515 15146 12 392	65 12106 428 418 12 392 18	0.2
363 3029 68 365 984 21 4190 18	3029 68 3800 21 6601 18	3.6
3 4238 12 12085 515 12086 392	3 3455 12 10263 515 3310 392 18	0
3 3455 12 4788 515 8956 392	3 3455 12 2257 515 10058 392 18	1.4
3846 26 146 11831 428 11745	3029 68 3846 26 146 11831 515 5135 18	3.6
2940 15147 186 756 515 15148	506 186 756 515 15148 18	3.8
3 14858 515 2832 12 392	3 5448 524 12 392 18	1
3 3455 12 3864 39 3614	3 3455 12 1703 15149 18	0.4
3 3455 12 4071 515 15150 392	3 3455 12 11534 515 11535 392 18	0.6
1206 2326 6 1089 515 6358 5623 515 392 15151	3 3455 12 12076 5623 515 392 18	0
3 3455 12 4650 6 3086 146 960	3 3455 12 9027 392 18	0.6
991 515 996 3317 12 5623 515 39 3158	5620 115 1992 21 39 1993 12 524 515 11546 18	2.8
3 7598 5843 12 39 7035	3 2296 4738 12 39 7035 18	1.6
3 75 12 6417 513 515 2255	75 515 353 12 6417 513 515 2255 18	4.2
3 12072 4738 12 39 7035	3 2296 4738 12 39 7035 18	4.2
5052 68 1325 11812 8 11951 515 8780 18	5052 68 1325 11812 515 11952 8 11951 515 11953 18	4.2
3 3455 515 11928 12 4126	3 4013 12 3254 515 4238 115 54 46 13907 18	0
3 3455 12 9796 5623 515 392 112 2035 226 6679	3 3455 12 11015 392 515 5623 18	0.8
145 39 2241 3265 68	5396 30 3846 236 63 68 145 146 2341 3265 18	3.2
3 1144 12 2035 1568 18	3 1144 12 2035 1247 18	0.8
3 75 12 15152 3 3040 6 11864 63 39 219 12 2848 18	10158 2045 63 146 11938 515 219 12 2848 18	4.2
39 1229 3103 115 7207 15153	39 1229 3103 115 7207 4720 2780 1042 18	3
3 3455 12 9796 5623 515 392 112 2035 226 6679	3 3455 12 12076 5623 515 392 18	0
4032 6 15154 515 15155 68 39 2204 6 247	15155 515 15156 11780 68 1079 515 2110 307 18	4.6
3 3720 226 73 39 10311 15157 6 8663	3 3720 226 73 39 10311 15157 226 1535 388 18	3.6
3 3166 3455 12 177 392 1079 18	3 3455 12 3575 392 18	0.6
785 515 772 363 63 48 365 52 39 6201 18	1311 52 515 63 48 52 39 603 18	0
3 3455 12 3731 392	3 3455 12 9330 392 18	0.2
15158 21 39 4779 68 6162 39 2502	15158 21 68 579 198 881 39 2502 18	3.8
363 3029 68 365 1206 68 2433 26 39 4193	3029 68 1206 109 21 39 15159 18	1.4
2235 515 2493 52 1767	518 515 8117 52 1767 18	1.8
2607 115 54 46 4313	3 2607 115 54 46 4313 18	5
4198 515 65 39 2241 4319 515 596	65 515 4198 39 2101 4319 515 520 18	4.4
39 11148 12 991 7035	39 11148 112 7035 1856 671 18	4.8
3029 68 46 515 2296 2262 6 2236 21 4512 515 1990 18	4444 515 2236 21 4512 515 1990 18	4.2
39 2079 515 524 2144 68 557	224 515 65 39 524 2144 68 557 18	3.4
3 15038 283 12 3207 12 392	3 3455 12 9027 392 18	0
3 4122 1054 515 1144 12 392	3 3455 12 2869 5623 515 392 18	0.2
484 4252 68 285 5237	484 4252 30 15160 236 63 68 285 5237 18	4.66666666666667
39 476 11610 515 13759 12 392	145 2101 2332 68 392 18	3.2
524 21 3061 13156 8 39 457 4040	363 1137 3061 365 39 524 26 3 4271 12 15161 18	2.8
3 3455 12 15162 11631 3461 18	3 3455 12 15163 183 3461 18	2
3029 39 11588 515 15164 3262 68	3029 39 11588 515 15164 3262 515 5611 18	4
3 3455 12 6041 515 12103	3 3455 12 9027 392 18	0.8
15165 1230 6 3029 146 2069	5207 63 3 13972 3029 12 18	4.2
1206 129 6 63 12 10311 515 688	1206 129 6 63 12 39 10311 18	3.6
363 3029 68 365 2399 513 8190 428 2433 515 224 61 33 10645 18	2399 513 8190 6 2433 6 515 224 61 33 10645 18	4.4
15155 68 39 2327 5591 515 15166	15155 68 39 2327 5591 18	4.2
15167 4467 12 3 974 12 39 2035 6 15168	5010 2017 112 3 974 12 39 3166 2035 18	2.4
3029 11832 1230 428 11087 4097 198 5473 7584	11087 515 15169 4097 198 1388 6 11906 6 515 5473 7584 18	3.2
117 129 392 12065 515 12066	117 129 392 11927 515 12066 18	5
430 68 515 198 39 51 515 247	847 198 39 126 515 1813 18	2
3 3455 12 3731 392	3 3455 12 6760 392 18	1.2
39 6643 515 14544 12 3166 3655	39 1380 506 12 3180 18	0.2
1792 52 515 63 48 52 39 9833	1792 6 9341 6 515 11973 198 6198 515 5508 18	3.8
2099 11967 1181 12 10253	3 2099 1181 12 514 21 10253 18	4.8
3 3455 12 3731 392	3 3455 12 3575 392 18	0.4
363 3029 68 365 122 15170 2285 30 2816	3029 68 122 2285 30 2816 18	4.4
3 1144 12 2035 21 1817	3 1144 12 2035 8703 18	1.2
3 3455 12 12069 392 18	3 3455 12 10263 515 3310 392 18	0.4
3 3455 12 4071 515 15150 392	3 3455 12 15079 515 12248 515 15080 18	0.2
223 3 2080 12 392 18	108 3 2080 12 392 18	4.6
224 39 417 515 269 21 342 12 39 13797 232	224 39 417 21 3 342 12 39 13797 232 18	4.6
3 3455 12 4946 5623 515 392	3 3455 12 5573 4674 68 12139 392 18	0.2
1393 363 5608 365 1856 920 30 3278 2112	6179 5608 1856 920 30 3278 2112 18	4.6
3 4238 12 12085 515 12086 392	3 3455 12 11534 515 11535 392 18	2.4
363 3029 68 365 46 5424 515 15171	3029 68 46 15172 515 3063 18	0.4
5471 112 39 2241 3781	542 392 112 39 2241 2670 515 3781 515 5824 18	4.2
68 5553 515 6680 5623 515 392	3 3455 12 6444 109 5623 515 392 18	2.6
363 3029 68 365 520 39 4128 21 2782 3657 515 5448 1990 18	3029 68 65 6 21 3 3657 258 515 5448 258 18	2.2
39 7528 15088 515 4483 12 392	4483 12 3 383 515 2080 515 3388 515 908 12 392 18	4.2
55 392 2045 2043 61 33 15173	55 392 115 61 7723 68 46 2043 61 33 15174 18	4.6
363 3217 365 39 12041 2780 73 61 37 3319 68 2940 363 2429 63 14007 365 18	363 8769 365 39 12041 2780 73 61 457 37 26 3 8323 18	4.2
3 3455 12 11430 360 3780 6 11810 360	3 3455 12 12135 515 11810 18	4.2
39 4680 1235 30 453 14165	3 4680 30 271 15175 511 176 3 12074 764 12 39 1144 18	3.8
3 3455 12 4946 5623 515 392	3 3455 12 6278 392 18	0.75
3 4229 15102 12 392	3 3455 515 170 12 301 3767 12 392 18	0.4
46 515 65 39 3388 12 2035	3 3388 12 2035 7943 18	2.6
3405 8 12027 515 12026	3405 515 553 8 12027 515 12026 18	4.4
3 3455 12 4788 515 8956 392	3 3455 12 5573 4674 68 12139 392 18	0
4432 4430 63 39 3973	4432 4430 63 39 3973 515 4040 18	4.4
39 11791 115 11792 39 8976 5124 6 3081 52 39 9151	11791 115 11792 3 8976 5124 12 39 6313 18	4
3 3455 12 3315 392 1079 18	3 3455 12 6760 392 18	0.8
3 3455 12 4946 5623 515 392	3 3455 12 12076 5623 515 392 18	0.2
164 186 6 11864 10172 392 1079 18	39 168 112 9205 392 266 18	0.6
39 15176 3217 12 8726 39 2180 2285 30 2816	39 15177 3217 21 73 39 2180 37 7810 2285 30 2816 18	3.6
1206 129 6 63 12 10311 515 688	224 129 6 63 12 15178 515 7526 18	0.2
3029 68 46 4839 21	3029 68 46 7918 515 3063 18	0.4
3 3455 12 11691 61 130 112 243	3 3455 12 2967 61 130 112 243 130 18	3.75
3 3455 12 12069 392 18	39 219 515 170 68 274 392 18	0.6
3 3455 12 15081 3 15082 12 392	3 3455 12 12076 5623 515 392 18	0.8
2607 12 62 115 392 37 10331	62 2780 73 233 1230 37 15179 18	3.8
4212 39 3071 6 2535 515 2486 12 1230 6 2429 11984 18	4212 363 39 3071 6 2535 6 515 2486 12 1230 365 18	3.8
146 2450 515 11738 256 6 2313 515 11739 18	146 2450 515 11738 256 18	4.4
3 3455 12 12104 12105 392	3 3455 12 2257 515 10058 392 18	0.2
3 3516 511 15180 26 39 388 12 39 965	3 3516 12 39 3548 18	4.6
39 2018 112 2224 39 251	3 6997 1230 12 2224 39 251 18	3
3029 68 122 52 39 15181 515 63 48 52 39 15181	518 52 11468 515 63 48 52 11468 18	0
146 14119 12 39 75 515 4238	39 4040 12 39 841 4674 18	0.4
146 4006 446 112 11574 7035	3 4006 142 39 625 515 9943 54 46 11575 52 18	4
10571 26 6 1791 6 515 15182 8 9411 30 15183 18	10571 26 515 4597 3081 8 9411 30 15183 18	4
15184 21 3388 515 2363	582 21 3388 515 2363 18	2.8
3 3455 12 15070 392 4097	3 3455 12 12064 392 515 5623 18	0.2
3 4122 1054 515 1144 12 392	3 2069 11652 12 3 113 12 392 18	1.8
15068 6 4467 515 164 8 15063 4097 226 3 4193	15068 515 164 8 15063 4097 226 39 4193 18	4
392 2045 15185 56 9213	392 14664 68 3 4001 18	0.6
3 3455 12 3731 392	3 3455 12 6992 392 18	1.6
3673 15186 12 146 158 515 2267	39 3673 1991 12 146 3024 15187 2267 18	3.8
986 515 1050 129 63 48 52 39 5124	285 52 515 63 48 52 39 15188 18	0.8
363 3029 68 365 1393 198 39 5556 68 39 10311 18	2399 10311 515 5306 151 15189 18	4
363 3 3455 12 177 365 39 5591 12 392 18	3 3455 12 177 129 70 4001 293 392 18	1
39 15190 12 392 6 9946 63 39 15191	392 3565 12 3 250 377 18	3.2
363 3 3455 12 177 365 39 5591 12 392 18	3 3455 12 5307 515 301 3767 12 392 18	0.4
11786 6 515 725 68 39 1142 6 11787 6 515 1309	11786 68 39 1309 515 11787 18	4.2
7573 515 10036 12 510 52 39 3944 3254	39 2313 10036 12 510 52 246 726 18	4.4
1103 198 3296 6 1213 515 11543	1103 198 3296 515 11753 18	4.4
3 451 515 2607 12 392	3 3455 12 9027 392 18	0
3 3455 12 12127 226 39 2101 51	3 3455 12 1883 392 21 39 2101 51 18	1.4
5191 12 3011 15192 8 39 1082	3 1377 13500 3633 8 39 1082 515 3064 888 18	3.4
788 515 506 2472 21 653	788 515 506 2816 21 653 18	4.8
117 39 2159 2292 12 392	117 39 2159 2292 12 18	4
3 3455 12 4071 515 15150 392	3 12217 12 233 2607 8 12223 392 18	0.2
39 1135 12 4263 15193	39 4409 12 4263 15193 18	3.8
3 3455 12 12069 392 18	3 3455 12 12267 515 4885 515 12268 392 18	0
3 3455 12 4650 6 3086 146 960	3 3455 12 15194 39 2848 18	0
3 3455 12 3883 21 39 15195 4049 18	3 3455 12 3883 15196 30 21 39 15197 4049 18	3.6
3 3455 12 12135 6 11430	3 3455 12 2421 392 18	0.2
11550 986 198 39 1022 524 18	986 198 39 1022 68 39 344 524 18	4.2
3 3455 12 4650 6 3086 146 960	3 3455 12 12077 392 18	0.2
146 984 21 4123 63 2604 3037 1181 12 62	3 4092 12 984 21 4123 3037 1181 62 18	4.6
788 3248 515 15198 12 392	3 375 314 515 4738 12 392 18	0.6
3 3455 12 12151 515 9723 392	3 3455 12 6992 392 18	0.6
2493 52 1767 112 9878 6 63 52 7098 6 12312 6 515 12313 18	2493 52 1767 6 63 52 7098 515 12312 515 12313 18	3.8
7111 6 15199 515 5051 392	3 3455 12 12069 392 18	0.4
3029 68 46 4839 21	3029 68 46 2264 515 9079 18	1.8
3 3166 3455 12 177 392 1079 18	3 3455 12 177 515 12289 4856 18	0.6
3 2341 2080 12 146 2071 12 7035 18	3 2341 2080 12 39 7035 18	4.4
46 76 68 6 1206 186 3 9928 12	1206 186 3 9928 12 18	4.4
6909 21 39 2101 219	11786 68 21 39 2101 219 18	1.2
65 515 46 5096 52 15200	3 1144 12 2035 5096 52 15201 183 18	1.6
3 3455 12 8063 515 15092	3 3455 12 6041 515 12103 18	1.8
46 408 226 515 26 1031 12 392	117 39 41 515 2764 12 392 18	0
46 21 515 3143 7035 52	122 515 3143 21 39 1079 3524 18	0.4
15155 11780 68 1079 515 2110 307 18	15155 515 15156 11780 68 1079 515 2110 307 18	4.8
46 408 226 515 26 1031 12 392	146 620 68 575 515 55 392 18	0
39 3584 12 392 6 2197 39 959 2607	39 3584 12 183 13924 39 501 5796 18	2.4
6201 52 515 63 48 52 39 15202	1791 52 515 63 48 52 39 15203 18	0
15204 515 15205 12 3 1112	39 11706 12 3 1112 18	4.4
15206 39 3913 52 783	15206 363 15207 365 52 2617 8421 783 18	3.8
3 3455 12 15208 62 30 2999 68 392	3 3455 12 12076 5623 515 392 18	0.6
9522 392 8 5410 68 39 3825	521 515 12067 363 39 399 621 365 8 15209 39 5534 621 515 5410 52 243 3825 18	3.6
314 6 2430 6 515 847 10036 52 363 392 365 18	314 428 2430 515 847 10036 52 18	4.6
463 2701 26 39 12245	463 39 1079 15210 26 18	4
3 3455 12 4788 515 8956 392	3 3455 12 6278 392 18	0.8
117 904 515 280 513 11588	117 363 904 515 280 365 11588 515 15211 18	2.4
11991 515 12200 5100 6 12202 6 515 146 960 198 3 4975 18	11991 515 12200 363 5100 515 12201 515 12202 365 198 3 4975 18	4.4
3824 3 5225 12 39 974 12 1767	3824 3 5225 12 363 39 974 12 1767 365 52 39 15212 4271 18	3.2
145 39 12156 509 12	12157 515 145 39 12156 509 12 18	4.4
39 15213 11907 9410 515 11675	39 9410 115 37 3342 515 14000 21 39 3868 12 2887 18	3
3 3455 12 6041 515 12103	3 3455 12 343 515 4126 515 11929 18	0.8
65 39 398 4954 68 55 392	65 39 398 4954 515 1791 68 55 392 18	4.8
3 4238 12 343 3728 21 1389 68 212 392 515 5623 18	3 3455 12 5307 515 301 3767 12 392 18	0.2
625 511 37 39 991 15214	39 4948 511 37 15215 21 3 124 12 243 18	3.6
569 515 51 21 15216	569 515 5289 21 15216 18	4.6
3 3455 12 9796 5623 515 392 112 2035 226 6679	3 5240 12 5623 515 392 18	0.4
77 63 39 15217 363 3547 3322 30 15218 365	77 63 39 15217 515 15219 18	3.8
3 3455 12 7022 6 11988 392	3 3455 12 2257 515 10058 392 18	0.6
3 15220 6 6760 12 39 126	3 15220 12 39 126 18	5
15221 515 15222 52 15223 515 15224	1089 63 48 52 15223 18	4
39 991 9987 6 2197 1377 515 2313	39 2313 515 1377 991 1813 515 14370 18	3.8
12191 515 393 68 46 3 517	393 68 46 3 517 18	4.2
122 21 598 39 219 63 68 1764	117 39 3504 4536 21 39 1079 3071 236 63 68 1764 18	4
3 1144 12 2035 14124 18	3 3455 12 8765 392 18	0
430 8 11809 515 11810	11808 515 430 8 11809 515 11810 18	4.4
363 3029 68 365 2399 39 14667 515 63 11301 18	3029 68 2399 4743 2038 18	0
1734 6 6097 428 263 515 2910 112 39 2361 3781	289 283 506 4481 112 39 2361 3781 18	2
3 3455 12 510 2470 1062	3 3455 12 8765 392 18	0.2
68 7974 4430 68 146 8639	15225 4430 12 39 9242 18	0.2
3 3455 12 10172 146 11907 77	3 3455 12 10172 2159 477 18	2.8
3 1144 12 2035 21 1817	3 1144 12 2035 7449 18	0.6
2768 15226 6 2725 515 5810 2411	2768 15226 515 2725 2411 18	3.8
146 15227 515 124 115 14550 15228	39 1185 3403 115 14550 1410 18	4
3 3455 12 11989 12160 68 5623	3 3455 12 15229 428 11989 12160 18	4
3 4238 12 12085 515 12086 392	3 3455 12 12085 15230 18	2.2
117 4845 21 3 4193 12 18	117 1325 4845 186 3 4193 12 18	3.8
117 39 4695 52 3 5565 68 12142 18	224 129 52 3 8884 18	0
3 3455 12 6041 515 12103	3 3455 12 12135 515 11810 18	0.4
15184 21 3388 515 2363	46 2092 68 21 3388 515 4208 18	1.2
335 68 21 2837 515 3463	335 21 2837 515 3463 68 392 18	5
3 3455 12 12069 392 18	3 3455 12 8765 392 18	0
4049 12 15231 6 11756 5623 515 392	3 5240 12 5623 515 392 18	4.4
3 3455 12 12103 515 4595 392	3 3455 12 10263 515 3310 392 18	1
4328 15232 146 748 68 39 1144 515 4238	463 146 748 68 39 1144 515 146 4238 18	4.2
122 3 974 2797 30 1519 186 39 12165 8441 524	122 515 6097 11780 21 39 12165 30 12166 524 18	3.8
11829 14186 428 11560 39 15233 6 3088 3561 198 39 4639 18	11560 39 15233 3088 3561 519 15234 18	2.8
3 3455 12 12180 2285 392 12181 9211 18	3 3455 12 2657 392 18	0.2
791 515 3029 68 791 3 3215 551 6 304 392	146 3455 363 515 5620 68 3455 365 115 10341 5623 18	0.2
39 3569 12 1229 3103	39 1181 12 1229 3103 18	3.8
3 3455 12 1883 39 12079 26 392 18	3 1144 12 3810 21 515 15235 18	0.2
39 625 511 2610 515 12340 10018	39 625 511 2610 4720 18	3.8
117 5048 112 39 2241 3781	927 68 39 1380 3781 18	4.2
738 52 14853 6 2770 6 15236	738 52 14853 515 1553 18	3.8
65 3 250 1997 6 46 515 2399 4129 68 392 566	3143 392 63 2035 2648 2144 68 392 566 18	2.2
39 1144 12 8022 515 4191 18	153 186 466 8022 515 4191 18	3.4
39 3003 11385 112 4285 6 63 4977	39 3003 11385 112 15237 515 15238 4977 18	4
39 508 8 73 61 13500 37 15239 112 243 6 14060 1819 13501	3 508 8 73 61 13500 37 15239 112 243 428 5934 1819 13501 68 224 51 18	4.8
3 4592 15055 515 2863 12 392	3 4592 75 12 8433 1519 39 15240 12 392 18	1.8
3 3455 12 3864 146 960	3 3455 12 6041 515 12103 18	0.8
39 14177 4842 421 26 5237 515 15241 18	3 14177 5824 12 3 15242 12 160 2110 4921 18	4.4
3 3455 12 12180 2285 392 12181 9211 18	3 3455 12 12077 392 18	1.2
1881 21 11332 515 1374 11332 18	239 11332 68 61 33 195 6 112 2042 18	1.2
39 1616 515 15243 10151 12 392	184 63 314 12 392 18	0.6
1594 515 4164 392 68 39 2361 3781	927 68 39 1380 3781 18	4.6
2316 515 584 109 5623 515 392	3 3455 12 2869 5623 515 392 18	0.6
39 1144 12 2035 12131	3 1144 12 2035 12176 18	0.2
93 515 15156 68 3 15244 11675 12	15156 68 39 15244 11675 18	4.4
39 1184 8796 12 39 5	39 1325 1836 8796 12 39 5 18	1.4
3 3455 12 3731 392	3 3455 12 2657 392 18	0.8
363 3029 68 365 2399 39 5306 6 63 151 15189 18	117 363 39 5556 2792 365 10311 6 63 8 15245 18	4.8
520 2039 21 146 15246 4049	520 15247 363 112 365 21 146 15246 4049 18	4.4
2316 515 584 109 5623 515 392	3 3455 12 6444 109 5623 515 392 18	1
3 3455 12 5573 9647 68 3 585 30 11736	39 520 12 585 9647 21 73 3 8627 176 15248 21 7299 30 187 5119 18	3
122 63 48 7725 68 2549 61 33 4049 515 3071 12 4536 18	2787 63 48 7725 68 2549 61 33 12038 18	4
12207 112 11756 7733 26 11713 12 39 15249	392 363 63 7012 365 1265 8 61 1076 363 3 15250 365 112 3 5435 12 243 363 3 15249 365 18	3.8
117 5048 112 39 2241 3781	2235 52 363 392 365 2132 112 39 2241 3781 18	4
3 3455 12 3731 392	3 3455 12 12237 515 8939 18	0.6
3029 68 122 6 3029 68 46 9290	3029 68 13183 68 3 2482 18	1.6
146 12241 12 392 6 4979	146 12241 12 233 15251 4238 18	1.8
3 1144 12 2035 14124 18	3 1144 12 2035 1568 18	0.6
363 3029 68 365 847 129 515 2430 68 5342	2950 11688 515 15252 63 39 1181 18	4
3 2749 12 39 15253 7697	3 2296 4738 12 39 7035 18	0
2035 21 39 9094 1144 515 1054	46 21 233 2327 1144 515 1054 18	2
3 3455 12 15254 6 15255	3 3455 12 15254 11550 18	4.2
3533 6 117 8 2315 9907 515 2715	117 8 2315 9907 30 2715 18	4
263 39 15256 112 392 18	145 39 1514 363 12 392 365 18	0.6
263 39 15256 112 392 18	3 3455 12 12248 109 198 392 18	0
15257 515 582 3 4013 12	582 3 4013 515 1360 12 18	4.8
3 3455 12 4946 5623 515 392	3 3455 12 9027 392 18	0.2
3 3455 12 15050 3 6119 12 392	3 3455 12 11841 3 11843 12 392 18	0
3 3455 12 11989 12160 68 5623	3 3455 12 12064 392 515 5623 18	1.8
146 4663 115 525 4453 515 15116 112 39 524	3 15116 112 233 3455 515 9534 18	3.2
8501 12 39 13998 9410	363 2887 365 3 8501 12 39 13998 9410 18	5
3029 515 9149 68 3473 68 3 2874	2956 515 3029 68 3473 21 7207 18	2.8
122 515 6449 21 39 15258 2655	68 122 515 3029 68 122 21 39 15258 6 15083 6 515 15259 2486 18	4.4
1180 515 2239 146 2133 515 158 1714	3029 68 8739 21 243 314 12 3 789 18	2.6
3 3455 12 3810 146 3505	3 3455 12 177 39 980 18	0.8
39 3158 12 510 2705 68 39 3066	39 3066 2705 68 3832 39 2407 18	2.6
13799 6 39 15260 515 2629	1311 363 39 2020 6 2911 6 515 12178 365 18	1.4
15261 6 524 6 1206 68 2433	3432 186 39 524 6 2132 26 39 4193 515 2874 18	3.4
11808 515 430 8 11809 515 11810 428 4067 8 11430 18	11808 515 430 8 11809 515 11810 18	3.8
3 3455 12 3731 392	3 3455 12 11015 392 515 5623 18	0
51 917 26 428 520 3 4152 12 515 46 15262 68 18	520 3 4152 12 428 46 15262 68 18	4.4
3 1997 12 39 13500 33 15263 68 243 13500	3 1078 112 15264 13500 12 61 634 112 13500 12 243 18	3
3 15265 15266 12 146 11735 446 68 3824 15267	3 15265 15266 115 37 8982 68 146 11735 112 5825 15267 18	3.8
3 3455 12 3731 392	3 3455 12 12069 392 18	0.8
3 3455 12 15254 6 15255	3 3455 12 12077 392 18	0.4
510 511 176 4832 6 519 2099 6744	16 510 511 176 753 68 673 261 18	0
3 3455 12 1883 39 12079 26 392 18	145 2101 2332 68 392 18	0.4
3 3455 12 4071 515 15150 392	3 4238 12 12235 515 11989 392 18	0.2
3 3455 12 3731 392	3 3455 12 6278 392 18	4.4
11642 21 515 63 48 21 39 846	11981 21 515 63 48 21 39 4117 18	1.6
117 39 4695 52 3 5565 68 12142 18	117 393 52 3 5565 68 12142 18	3.2
3 3455 12 15268 183 186 11877	3 3455 12 15269 183 186 2002 515 11877 12 3 250 3569 18	4.2
689 21 515 26 39 15270 1348	689 21 515 63 48 21 39 15270 1348 18	4
3 3455 12 6041 515 12103	3 3455 12 12069 392 18	1.4
1358 68 2704 12 178 11719 30 7302 671	1358 363 39 51 365 68 2704 12 178 11719 30 7302 671 18	4.6
156 779 52 3 5565 68 2212 515 6358 18	156 779 52 3 5565 68 6358 18	4.2
3 5135 3207 12 146 960	3 5135 12 146 960 18	4
146 15049 2607 12 392	146 12150 12 3 1997 12 392 18	2.8
518 4044 428 520 39 518 808 428 11765 808 18	520 39 15271 518 363 808 365 18	3.6
114 142 77 515 11807 176 266	114 142 77 37 266 18	4.2
3 3455 12 15070 392 4097	3 3455 12 12069 392 18	0.6
224 9928 12 8 5333 1370 363 112 1244 365 18	224 7096 9928 12 63 39 1244 6 8 5333 1370 18	3.6
4642 808 515 463 21	3132 112 12226 515 4054 18	0.2
3029 68 3846 198 61 2486 515 317 68 243	3886 198 61 625 515 51 68 243 18	2.4
3 3455 12 3864 39 3614	3 3455 12 15075 21 39 51 18	0
3 3455 12 4946 5623 515 392	3 3455 12 12248 109 198 392 18	0.2
3 3455 12 452 293 3 2850 12 392 18	3 3455 12 12248 109 198 392 18	1
3846 198 146 15272 330 4488 524	3029 68 9661 198 146 15272 515 4488 524 18	3.6
3 3455 12 3731 392	3 3455 12 9027 392 18	0.2
3 12322 515 3 12323 12 392	3 748 515 12276 12 392 18	1
3 3455 12 9628 515 12089	3 3455 12 12248 109 198 392 18	0.6
39 1995 11060 39 256 515 11566 6 63 68 146 15273 18	39 1995 11060 146 15273 10313 656 68 146 15274 18	3.8
3 883 283 12 146 960	3 5135 12 146 960 18	4.6
3 3455 12 3731 392	3 3455 12 8227 52 392 18	0.6
3 3455 12 3731 392	3 3455 12 10263 515 3310 392 18	0.4
3 3455 12 1883 39 12079 26 392 18	3 3455 12 9330 392 18	0.4
3 3455 12 12151 515 9723 392	3 3455 12 12267 515 4885 515 12268 392 18	0.6
65 39 2509 515 13759 418 6 15275 8 146 13912 18	65 39 2509 515 13759 418 18	4
46 39 1226 515 12241 12 428 65 63 39 2080 18	46 39 1226 515 12241 12 18	4.2
3 476 2855 515 11075 12 392	3 476 11551 11075 12 392 18	4.4
72 6 622 6 30 15276 3 2080	72 30 15276 3 383 515 2080 12 18	4.8
117 515 263 392 112 39 2241 5342 18	117 392 6 2132 112 39 2241 5342 18	4
108 3767 12 63 48 52 1767 363 11694 365	108 3767 12 63 48 8 15277 18	3
3 3455 12 15050 3 6119 12 392	3 3455 12 6041 515 12103 18	0.6
1393 515 15156 68 5048 1079 515 2110 307	15155 515 15156 11780 68 1079 515 2110 307 18	4.4
3 3455 12 11989 12160 68 5623	3 3455 12 12233 515 4946 5623 18	0
39 7073 52 39 15278 454 68 1792 3 1139	39 7073 52 39 15278 8786 454 68 1792 3 15279 18	4
1216 6 5344 6 4941 6 515 46 4400 112	2910 515 46 4400 112 18	4
1919 544 243 515 557 68 12187 39 2729	6261 112 392 428 13794 21 39 2387 428 3824 11780 544 557 18	3.2
3 3455 12 12069 392 18	3 3455 12 3575 392 18	0.6
6981 515 430 363 198 39 3524 365 112 317 18	430 198 39 524 515 886 18	1.6
3 3455 12 15280 2698 6 5356 68 392	3 3455 12 8227 52 392 18	0.2
5463 26 5623 33 8819 515 2285 428 1216 26 3 2285 515 8819 18	5463 26 5623 33 8819 515 2285 18	4
3 3455 12 2315 6 12324 6 12325	3 3455 12 4221 3461 18	3.4
39 5556 13136 960 52 14105 1860	39 5556 3868 12 392 363 2132 2470 495 14105 1860 365 18	3.2
3 11673 12 146 15281 198 61 2161 68 243	3 3455 12 3883 198 61 51 68 243 18	0.2
3 3455 12 4946 5623 515 392	3 3455 12 10509 5623 68 549 18	0
3154 9036 515 3308 39 3868 515 2424 6 2429 68 927 39 2110 3781 18	15106 236 63 68 117 5048 68 927 39 1079 515 2110 3781 18	4.4
39 13499 515 15282 511 11979 39 959 8639	146 15282 511 11979 959 5760 18	4.25
15283 12 392 63 15284 30 611 428 11550 687 3979 18	15283 12 363 392 15284 515 611 365 18	4
3 1144 12 2035 14124 18	3 1144 12 2035 12132 18	0.4
970 68 4193 428 2399 4101 515 2038	1978 515 2399 4101 428 117 39 4976 18	3.6
346 52 15285 515 12274	2245 8 11646 515 11136 18	0
5051 21 4674 515 5824 6 15143 6 11821	5051 21 4674 515 5824 18	3.8
3 3455 12 12104 12105 392	3 3455 12 8765 392 18	0
3 3455 12 12151 515 9723 392	3 3455 12 12208 515 12209 515 322 392 18	2.2
39 3667 12 5066 68 46 15286 30 2920 360	39 3667 12 5066 363 2017 515 4386 4391 18 365 68 46 15287 515 15286 18	4.6
3 3455 12 12069 392 18	3 3455 12 9330 392 18	0.6
3 3455 12 11015 392 6 3663 15288	3 3455 12 11015 392 515 5623 18	3.2
463 21 39 2361 51 515 3657 3524	463 186 39 2101 51 515 3657 3524 18	4.6
3 3455 12 11841 39 11842	3 3455 12 11841 3 11843 12 392 18	4.4
3 3455 12 11989 6943 6 4431 1241	3 3455 12 15289 5121 18	1.8
5051 21 4674 6 1314 6 515 5824	5051 21 4674 515 5824 18	4.6
518 52 1538 15290 428 3821	108 26 3186 12 363 5709 6 11305 6 1691 6 3103 6 4391 18 365 18	1.4
3 3455 12 4071 515 15150 392	3 3455 12 5307 515 301 3767 12 392 18	0
39 454 515 1031 12 39 11936	9874 112 39 3936 363 3081 39 3936 21 3 1031 12 39 11936 365 18	3.8
363 3029 68 365 2025 515 122 21 2110 2671	68 3029 68 2025 30 156 21 2110 2671 18	4.6
3029 68 11674 21 39 2110 11675	3029 68 11674 21 39 4786 11675 18	2.4
3 3455 12 12223 515 15078 18	3 3455 12 4550 61 130 68 243 18	0.8
96 2326 515 3547 419 330 9968	96 2326 515 3547 419 18	4
2235 39 1243 515 69 112	2235 39 11886 515 11885 112 18	1.4
3 3455 12 4071 515 15150 392	3 3455 12 12267 515 4885 515 12268 392 18	0
146 14119 12 39 75 515 4238	39 126 14178 68 39 2361 4238 18	0.4
117 15291 428 145 363 1079 365 2848 515 2999 68	145 1079 2848 515 2999 68 18	3.8
