3 4238 12 3826 515 2035 5016	3 8050 75 12 10291 613 18	4
1836 8786 11529 446 21 11530	1836 11531 12 8786 446 68 2025 3615 12 3569 21 11532 18	3.8
11533 105 1831 2341 3217 30 5538 9345 11361	1831 3 2341 11361 6 3846 6 30 5538 146 6816 11361 18	4.2
3 3455 12 11534 39 2670 68 5623	3 3455 12 11534 515 11535 392 18	1.8
117 8944 515 1103 198 6848	117 8944 515 1103 198 6848 515 11536 18	4
2473 11537 515 2473 109	1326 68 55 392 428 2473 392 11537 18	4
39 991 506 515 11538 12 4920	146 11539 10036 12 510 515 671 18	3.6
3 1480 314 12 39 11540 18	3 1480 314 12 39 11540 115 2392 3 11541 18	4.4
3664 68 39 1022 388 428 11542	3664 68 39 1022 388 515 520 39 6055 18	3
263 616 515 2160 6952	263 616 6 3154 39 2160 31 18	4.6
1303 198 11543 6 620 6 515 39 5195	282 7352 515 146 11544 198 39 149 515 614 68 18	3.2
363 3029 68 365 11545 3 157 1975 30 11546 12 18	1078 11547 515 52 11548 5565 428 1089 3 157 1975 30 11546 12 5623 18	4.4
39 124 115 2205 3003 1213 11549	39 124 115 8664 39 3003 1213 428 2978 68 1082 9108 18	3.4
11550 2236 515 8739 11551 198 39 5135 515 5175 515 11552 2666 39 5135 428 11550 8739 198 39 113 551 18	2236 515 8739 11551 198 39 5135 515 5175 515 11552 2666 39 5135 18	4.4
3022 11553 515 11554 428 11555 18	68 3022 11553 515 11554 18	5
263 392 21 3 4001	520 39 7528 1894 12 392 115 37 45 2647 515 115 37 45 3 517 18	3.6
363 3029 68 365 2399 513 2759 515 11556	68 117 513 4024 515 2759 18	4.8
11557 515 1103 198 39 5195 6 1388 6 515 614	1103 198 39 5195 6 6779 6 515 11558 18	3.8
39 8868 3780 12 1532 515 8734	39 11559 4738 12 39 8734 18	4.2
363 3029 68 365 11560 39 8265 11561 12 3561	11560 39 8265 11561 12 3561 18	4.2
4489 68 3 11562 6 3663 2497 515 11563	3308 3 4467 12 363 392 365 8 2497 18	3.2
122 21 39 3158 515 10336	122 63 39 8500 515 21 39 3158 18	4.4
39 7096 11564 6 11565 12 39 11566	39 7096 11564 363 198 39 11566 515 524 4391 365 18	4.8
146 11567 428 3 3388 12 2035 11568 515 8649 287 18	3 3388 12 2035 11568 515 8649 287 12 11569 18	4.8
2759 11570 198 61 33 11571	2759 11570 515 2563 198 61 33 11571 18	4.6
4790 6 579 21 7034 6 317 11572	579 21 7034 30 1792 198 5508 6 11573 6 1993 6 515 7853 18	3.6
146 4006 446 112 11574 7035	3 4006 142 39 625 515 9943 54 46 11575 52 18	4.6
146 9943 115 11576 39 959 3003 2069	289 9943 115 2205 5356 30 480 112 39 5342 515 2069 18	4
11577 10459 515 9606 39 625 112 39 524	1216 39 625 112 39 524 18	4.2
209 68 3674 8 1380 512 515 10386 6 12 146 8156 515 11563 428 3763 11578 18	209 68 3674 8 1380 512 12 10386 6 12 146 8156 515 11563 18	5
182 52 3 520 12 39 1836 11531	39 447 1836 5621 11579 39 3780 12 208 18	1.4
3 11580 5843 12 39 11581 11582	363 4808 365 3 2077 21 39 11581 11582 115 2669 3 250 11581 2670 63 3 2558 11582 18	4
791 39 5747 515 2729	791 39 5747 428 1701 8 4536 515 1665 18	3.6
11583 6 11584 6 515 11585 11586 6 63 12 39 4622 18	11583 515 11584 515 11585 11586 18	4.5
314 6 2430 6 515 847 10036 52 363 392 365 18	314 428 2430 515 847 10036 52 18	4.8
39 11587 76 68 5623 112 6943	39 11587 76 68 39 9363 363 2132 3 3315 12 3 141 4271 68 46 2547 365 18	3.6
117 485 501 6 8566 515 476	1912 198 2241 1784 112 485 476 1784 18	1.6
363 3029 68 365 11561 515 1358 6 2132 52 39 11588 159	11561 1358 52 39 11588 6 11589 159 18	4.8
117 363 11590 365 1353 12 11591 18	117 11590 1353 68 2470 18	3.4
3 1176 396 12 1853 1082	3 396 12 39 1853 1082 18	4.8
68 3029 68 2399 7715	2399 7715 515 318 428 3473 6569 18	4.2
485 2472 21 39 8658 515 11592 4049 18	122 2472 8 8659 30 8635 18	4
145 129 256 515 9928 68 243	145 129 515 628 68 11593 68 3 764 515 9928 12 243 18	4.4
1206 63 39 4452 11594 6 46 11595	1206 63 39 4452 11594 428 2212 11596 18	4.6
3 2069 12 11597 11598 198 2594	3 2069 12 11599 30 11597 11598 198 2667 18	5
474 5424 6 4962 6 11600 6 515 11601 293	46 376 515 474 5424 515 11601 293 39 138 515 11602 247 515 2069 18	4
2788 21 515 46 11603 95 39 11604	2788 1814 39 11604 311 18	3.8
263 39 11605 515 4191	117 39 11605 12 515 263 4191 21 18	5
3 1144 12 2035 11606	3 1144 12 2035 11606 515 2470 39 272 18	5
39 11607 12 39 3166 515 5094	39 11607 2050 39 3166 515 5094 18	4.8
363 3657 365 11608 6 10307 6 117 1380 363 515 11609 365	46 39 2509 2377 6 5796 6 515 11610 428 327 21 39 160 1617 258 18	1.75
11448 515 1134 2552 39 2952	2788 515 46 9812 21 39 2952 18	4
363 3029 68 365 3473 515 11611 68 39 1022 51 6 388 6 515 1997	3473 515 11542 68 39 1022 51 515 388 18	4.2
3 4208 68 6955 183	3 4208 68 6955 1057 11612 18	4
146 4843 7099 11613 52 39 1888 159 6 63 48 21 39 11614 18	6909 52 39 1888 159 6 63 48 21 39 11614 18	3.4
3 2795 12 392 11615 544 39 4193	3 159 12 11616 363 63 26 39 3823 515 21 146 2098 515 8772 365 18	3.2
85 112 30 108 392 112 1103 18	85 112 30 108 1103 428 46 39 11617 18	2.6
39 476 1054 12 11618 12 39 508 515 530	3 476 1054 12 974 30 4001 18	1.6
146 283 11619 8 3033 515 7135	146 283 11620 515 6582 8481 8 3033 515 7135 18	4.4
6278 3 10424 515 603 12 39 3217 8 39 4637 12 609	6278 3 10424 21 39 572 3217 8 39 4637 12 609 18	4.4
3 3455 12 11621 146 11622	3 3455 12 2869 515 11621 392 63 39 860 112 39 351 515 6679 515 5620 68 6951 4391 6140	3
1792 515 128 129 544 8296 515 756	1792 515 1663 112 63 39 11623 18	2.8
39 5162 12 11624 515 11625 1856 510 18	39 5162 12 11624 515 11625 1856 510 428 4969 4273 61 11626 4273 3 261 18	4
1822 198 146 222 6 1230 515 5508	1822 515 6430 198 146 222 515 1230 18	4
156 1064 3 11627 12	3800 1064 3 11627 12 18	4.8
224 21 363 5078 515 11550 365	224 363 688 6 3561 515 692 365 186 39 1855 18	0.8
2025 363 63 48 365 8 6547 2423 39 11628	2025 8 6547 2423 39 11628 515 261 11629 7955 68 2025 109 11630 11631 18	4.2
39 11632 1118 115 37 552 4620 10726	39 1118 2379 11632 56 552 4620 10726 18	5
4136 129 3 75 12	4136 129 3 1665 12 428 2599 18	5
2235 4979 112 428 1367 8 61 33 3838 6 2535 6 515 6812 2302 428 11633 18	2235 4979 112 428 3404 63 2382 12 428 1367 8 61 33 3838 6 2535 6 515 6812 2302 18	4.8
39 2160 31 115 8664 508 1216	363 2160 2223 365 39 31 4833 112 476 1216 12 3 11634 12 39 2160 18	4.2
3 3780 12 62 12 39 7096 11635	39 62 5592 2780 73 32 37 39 7096 11635 12 392 18	4.4
11636 11637 12 3 8599 21 39 8603 7792	39 11638 11637 4536 12 3 8599 63 21 8408 515 11639 18	3.4
117 485 11640 6 2269 6 515 11641 18	117 485 11640 6 2269 6 515 11641 8 4550 392 566 428 7156 18	3.8
11642 21 515 63 48 21 39 846	11642 63 48 21 39 846 18	4.6
117 11643 515 7297 10928 5959	2187 52 146 3505 12 7297 11644 18	4.2
463 1519 8 4674 6 11645 6 515 1370 6 63 12 39 625 428 2245 8 11646 515 11136 18	2245 8 11646 515 11136 18	3.75
847 129 39 5556 6 2132 186 39 1855	3029 68 156 186 39 1855 18	2.8
39 4536 363 5448 515 3657 365 2285 198 146 1314 18	39 4536 2285 198 146 1314 18	4.6
3 3455 12 1883 392 68 317 18	3 1230 12 1883 392 186 2832 18	4.6
363 3029 68 365 11647 6 46 226 10645 6 2355 39 11648 4049	11649 30 986 3 11650 12 18	0.4
39 5448 11651 12 7706 11529 6 2197 1538	11651 11652 12 146 11653 5471 38 12 11529 12 208 515 8786 18	3.2
146 11654 3778 12 514 11655	146 11654 3778 12 514 11655 112 4366 11656 515 3084 11657 18	3.6
11658 5135 314 12 146 11659	3 11660 6117 6228 5135 12 146 11659 18	4.6
146 2069 115 185 5623 515 392 68 1876 18	146 2069 115 185 5623 68 1876 18	3.8
3018 39 3369 515 4113	5644 21 3 4276 12 146 11661 515 3911 18	0.8
1144 12 2035 8703 6 11662 293	3 11610 12 2035 8703 428 3883 515 11663 2123 30 11664 18	4.6
3029 68 2399 11665 515 1464	3029 68 46 1464 30 11666 18	4
225 2423 39 3972 515 233 261 2159 2411 363 112 596 365 18	225 2423 39 3972 515 261 2159 2411 18	4.6
3 6888 12 39 7035	3 2296 4738 12 39 7035 18	5
1404 515 11667 26 991 515 3635 4276	156 68 273 112 3635 515 1185 473 18	4
11668 3158 12 11406 226 39 1514	39 1813 12 11406 515 11669 226 39 363 2132 3003 365 1514 18	4.4
145 11670 11671 515 11672 112 2051	2235 146 11670 11673 12 39 2077 515 2611 18	3.6
2473 68 5623 779 61 33 769 18	2473 515 145 8 24 779 61 33 769 18	3.6
3029 68 11674 21 39 2110 11675	3029 68 11674 21 39 4786 11675 18	3
11676 6 9890 6 515 11677 26 392	11676 68 11678 21 39 2101 219 18	3.8
1912 39 1710 21 3 1626 808 392	2788 1153 515 6121 808 18	0.4
145 4097 392 115 37 45 2170	145 129 35 37 45 10179 2170 18	4.2
363 3029 68 365 2399 513 567 6 11679 515 4496 18	2399 513 567 515 11679 18	4.6
65 39 11680 515 11681 808 392	65 39 11680 808 392 18	4.4
11682 515 222 39 11683 2069	11684 363 63 12 4927 30 11685 365 18	1.4
3 4049 21 73 392 515 11686 2814 515 11687	75 515 4049 12 11688 515 11448 18	4
3 2069 12 3100 68 39 2950 6 6760 392	3 2069 12 392 6760 18	4
335 68 39 2047 1144	335 68 146 2196 1144 18	4.4
3 1646 4469 6 3081 3 674 2780 3 1361 1126	3 1646 4469 363 3081 3 6834 4469 2780 3 1137 1361 1126 365 18	4.6
363 3029 68 365 2399 11689 515 11690	51 106 98 39 3614 26 18	4
3 3455 12 11691 61 130 112 243	3 3455 12 11692 146 4129 625 515 130 21 3 51 12 243 18	3.4
4189 428 520 39 7528 345 12 392	520 39 7528 345 12 392 115 37 11693 515 3657 18	3.4
3018 39 3369 515 4113	3018 39 3369 21 5790 68 18	3.4
5289 39 5195 6 626 515 11694	5289 39 5195 6 2782 626 515 11695 18	5
146 1377 4181 515 11696 6 2132 6406	289 3868 12 77 115 37 11697 515 6555 18	2.8
3 522 11698 5773 12 8250 12 146 11699	3 11700 12 11701 21 39 11698 506 12 11702 12 39 2361 11699 428 3 587 8250 5773 12 146 11699 18	3.2
11703 515 11704 52 39 3019	11703 515 11704 39 470 515 5471 26 39 3972 52 39 3019 18	4.6
363 11705 365 3 4276 12 146 11699 68 9951 544 11706 18	363 11705 365 3 1054 21 73 146 11699 54 11707 11706 18	3.8
39 10336 12 8699 515 8964	39 3158 12 8699 515 8964 18	5
39 1181 12 11708 1035	363 11709 365 39 1181 12 1035 2092 68 39 2455 11710 3037 3754 11711 18	3.8
39 881 1096 21 5602 544 2904 33 5207	363 5602 365 39 3216 11652 12 881 39 3217 151 70 2904 245 9946 18	3
39 8822 11712 26 39 7379 26 11713 12 5623 566	5623 571 26 39 7379 68 2100 3 726 12 5623 566 18	4.4
3 3455 12 3810 146 3505	3 3455 12 3810 392 115 37 3904 18	4.6
772 515 335 211 23 966 3 2874	772 211 23 966 3 2874 18	4.8
39 11637 9828 6 63 39 11714	39 11430 515 11637 9828 115 275 39 447 8786 11715 30 39 11716 52 39 4642 1689 18	3.4
4539 515 4978 183 12 2110 11717 515 11718	4978 4285 515 2610 1374 1700 12 2110 11719 30 11717 18	3.8
2787 9473 30 11720 363 95 39 3656 365 63 151 11721 515 808 3788 11722 18	2787 9473 30 11720 6 63 151 11721 6 515 2423 8600 18	3.8
575 11723 7297 2698 68	575 11723 30 2132 11724 7297 2698 68 18	3.4
1303 363 688 515 2999 365 63 39 353 12 39 494 5032 515 5448 11725 363 2429 21 39 11694 258 365	1303 363 688 515 2999 365 63 39 353 12 39 494 5032 515 5448 11725 18	4.4
11726 39 2940 515 11727	11728 39 1514 12 39 2940 6 112 2042 18	4.8
39 11729 524 21 5162 68 261 3047 6 63 21 3451	39 524 76 8 453 3524 68 3 2482 12 146 960 18	1.4
1144 12 2035 2 2549	3 1144 12 2035 4578 515 11730 18	3
39 2952 2502 26 3003 6224	146 11731 2502 3800 808 3003 6224 18	4.8
2607 115 54 46 4313	3 2607 115 54 46 4313 18	5
224 5333 1230 68 1231 3651 112 39 1107	9822 5333 11732 544 428 333 39 927 544 18	4.2
122 186 30 546 21 39 2361 524	463 186 39 2101 51 515 3657 3524 18	3
3756 1096 21 11733 515 8409	3 3756 1096 115 11734 3 3961 21 11733 515 8409 18	4.4
146 11735 12 9647 3055 68 585 30 11736	146 11735 12 9647 115 37 446 68 692 515 11737 3 585 30 11736 18	3.8
363 3029 68 365 2025 515 122 21 2110 2671	68 3029 68 2025 30 156 21 2110 2671 18	4.91666666666667
146 2450 515 11738 256 6 2313 515 11739 18	146 11739 256 68 392 18	3
11740 392 198 39 4639	3455 12 301 515 11741 392 598 63 5838 515 39 10311 198 39 4639 18	2.8
5068 515 117 2038 8 11742 6 1230 6 515 681	5068 11743 30 11744 8 1039 515 681 18	4.6
738 3 1480 314 12 39 2180 4431 23 2472 11745	738 363 3 1031 314 12 39 2180 21 5605 6 6153 6 515 8409 365 4431 23 39 2472 11745 18	4.8
3 3455 12 3092 6 11746 3145	3 3455 12 3092 515 11746 514 18	5
11747 6240 12 2887 38 26 233 5191	39 8762 11579 39 11748 115 245 38 8 11749 515 4709 18	0
146 11750 11751 515 11752	146 11751 115 44 46 1923 18	3.6
117 6798 515 485 6798 6 2399 485 6798 6 2132 21 1994 12 4856 515 2210 18	117 6798 515 485 6798 6 12 4856 30 2210 18	4.6
1103 198 3296 6 1213 515 11543	1103 198 3296 515 11753 18	3.6
5396 39 974 314 2769 236 63 68 11754	5396 2769 236 63 68 11754 18	4.6
39 3029 515 4639 12 11755 6 80	4800 115 185 80 515 4235 7899 18	3.2
39 1144 12 146 1370 11756 515 11757 39 11758	3 4238 12 11756 515 11759 2549 808 392 18	3.6
122 363 63 48 365 8 11760	1206 63 48 8 8649 18	0.6
75 6 515 11761 21 39 11762 3804	3763 6 75 6 692 6 11763 6 515 11761 21 39 11764 3804 18	4.2
996 385 105 986 996 99 6 11765 3 514 2493 6 515 986 1518 68 222 11766	3875 105 986 99 6 11765 3 514 2493 6 515 986 1518 6 779 39 254 12 11767 18	4.8
429 6 11768 6 515 332 68 46 11769	11768 52 39 201 7099 6 598 63 4551 6 30 1767 18	3
11770 186 1230 515 2592 186 9308 6 2197 63 48 8 11771 428 85 112 3 1241 515 4876 12 18	279 11772 363 392 198 2919 365 428 85 112 1241 515 4876 18	2.4
3 3455 12 8726 39 6153	363 6153 365 3 3455 12 8726 39 6153 8 39 8879 68 39 5856 18	3.6
847 3 4341 363 12 39 974 314 365 8 11773 428 1314 392 566 18	847 3 4341 363 12 39 974 314 365 8 11773 18	4.6
11774 515 11775 428 506 4481 515 3979 112 39 2241 3781 515 317 18	506 4481 515 3979 112 39 2241 3781 515 317 18	4.8
363 1238 68 365 3617 68 11776 6 3449 515 3256	4432 4430 63 39 3973 515 4040 18	2.8
145 39 2241 3265 68	5396 30 3846 236 63 68 145 146 2341 3265 18	3.4
2910 11777 6 63 779 39 11778 428 2768 515 11779 11780 18	2910 11777 6 63 779 39 11778 18	4.4
68 6358 21 515 63 48 21 39 11781 428 11782	6358 21 515 63 48 21 39 11781 18	4.6
146 11783 6 11784 3158 12 510	146 11783 3158 12 510 18	4.8
1206 186 7448 6 1404 21 756	46 11785 428 46 515 1206 186 7448 18	4.4
11786 6 515 725 68 39 1142 6 11787 6 515 1309	11786 68 39 1309 515 11787 18	4.6
2235 52 39 11788 515 11789	2235 363 11790 365 52 39 11788 12 39 2901 2161 18	3.4
39 11791 115 11792 39 8976 5124 6 3081 52 39 9151	11791 115 11792 3 8976 5124 12 39 6313 18	4.4
788 428 4603 68 3 1665 515 4598 12 18	4603 68 3 1665 515 4598 12 18	4.85
3029 5623 33 2698 6 478 6 2837 68 3846 21 243 3071	3046 21 146 11793 6 11794 515 11795 2655 18	0
3 3166 3455 12 177 392 1079 18	3 2069 115 2771 226 3 3315 12 392 18	0
122 515 6981 21 39 11796	122 3461 21 39 11796 515 63 48 21 39 11796 18	4.6
11797 61 33 4975 52 11798 6 11799	11797 61 33 4975 30 11571 52 11798 18	4
2235 515 11800 4007 52 5055 18	2235 515 11800 52 5055 18	4.6
117 515 263 392 112 39 2241 5342 18	117 109 12 5822 363 2197 21 146 11801 4049 365 18	2
11802 3710 3906 5648 8 685	3 11802 3374 115 146 320 37 3319 68 575 428 5163 8 382 515 8 685 18	4.8
11803 11804 26 2609 4684 8 2699	3788 11803 11804 21 11805 30 3645 4684 8 11806 18	4.2
114 142 77 515 11807 176 266	114 142 77 37 266 18	4.4
11808 515 430 8 11809 515 11810 428 4067 8 11430 18	11808 515 430 8 11809 515 11810 18	4.4
11811 109 12 4467 515 186 1325 11812	2399 1117 6 3619 6 515 11205 8 1035 18	2.8
39 593 8609 9000 6 11813 6 11814 515 11815	39 593 466 9000 363 2197 21 3 520 12 39 11540 515 11814 365 18	4.4
363 3029 68 365 11597 2399 6623	3029 68 5079 1836 515 6623 18	4.2
122 515 11816 160 4347 515 11817	3800 515 122 160 4347 515 11817 18	4.7
1766 515 302 68 46 4406 515 11818 18	1766 68 46 4406 515 11818 18	4.8
363 3029 68 365 46 11819 52 392	2235 52 39 9874 515 3029 68 46 5096 18	2.8
5289 63 39 4943 6 156 11820	5289 6 63 26 61 33 2285 18	3.4
363 3029 68 365 2025 186 9566 6 11821 6 515 9877 4007 8 11822 18	2025 186 9566 8 11822 18	3.2
11312 26 105 11823 186 11824 428 117 11825 515 2872 18	11823 186 428 117 11825 515 2872 18	4.6
11826 515 738 52 9069	11826 515 738 52 466 9069 18	4.6
11827 11828 515 1795 12 392	363 685 365 39 256 515 5333 3776 12 392 428 39 6204 9724 52 392 18	4.2
46 8949 428 46 39 5448 515 11694 4639 12 3561 18	11829 8803 6 95 39 4089 515 39 3561 18	4.6
3 3086 5317 12 146 960	11830 5317 12 146 960 1064 453 297 11831 18	3.6
39 11832 1867 6 9046 515 11833	363 9048 365 39 625 33 9046 515 11833 18	4.4
11834 6 11835 515 687 360 52 515 63 48 52 3 8773 515 11836	68 11834 6 164 360 6 515 687 52 515 63 48 52 3 8773 515 11836 18	5
11837 515 11838 6 156 4580 6 46 8108 489 392	6121 8 6 808 6 515 2 519 177 1817 18	1.2
3 11839 314 12 39 721 515 8486 8852	3 6967 314 12 39 8852 68 73 3 8463 37 8982 18	4.2
3846 21 68 108 392 21 3011	68 3846 21 363 2690 515 11840 365 30 6459 392 21 3011 18	4.4
3 3455 12 11841 39 11842	3 3455 12 11841 3 11843 12 392 18	5
2144 11844 12 39 5237	2144 11844 515 11845 12 39 5237 18	4.4
1861 515 11846 21 39 1079 520 515 2161	1393 198 61 520 515 5191 186 243 18	2.8
11847 6 68 117 3642 428 11848	2399 515 117 11780 3642 2344 18	3.6
39 77 283 112 7520 515 3544 77	1325 11849 142 11850 515 7520 176 266 18	3.8
3473 1856 16 11851 671	46 11852 1856 16 11851 671 18	4.6
6137 808 52 39 2101 2629	11853 52 39 2101 2629 18	4.6
11854 129 6 63 48 52 39 11855	11854 129 8 204 61 33 4642 515 39 11855 2043 3 4193 18	4
3 1230 12 11856 233 261 991 515 1229 4674 18	3 1229 1230 12 11857 3 4479 33 788 18	4.2
11355 515 207 428 11858 11859 18	68 11355 515 207 198 39 11860 524 18	2.4
363 3029 68 365 11861 515 8437 52 39 11862 12 10311	8437 52 39 11862 12 10311 18	4.6
68 122 363 3 396 515 974 365 4347 11863 515 4097 363 198 392 365 18	68 122 363 3 396 515 974 365 4347 11863 515 4097 18	4.6
39 2327 11828 12 39 2558	61 12 1412 2715 515 11812 115 5048 52 557 68 9881 39 2558 960 18	3.8
3449 515 10194 363 63 48 365 52 3671 6 11864 68 518 3 4193 12 146 960 18	3449 515 10194 52 515 63 48 52 3671 18	4.4
122 198 61 3524 68 243	8123 198 61 51 515 254 68 243 18	3.4
68 117 39 466 7528 515 5448 6169	117 39 466 6169 226 39 7528 515 5448 4181 18	4.8
11865 8 7022 68 1003 26 3 4271	3735 8 7022 68 1003 26 3 4271 18	3.2
4044 317 129 39 5563	317 129 3 2558 2493 12 18	4.8
3821 30 1792 39 11866 6 1311 198 11563 515 5508	1311 21 7034 198 11563 6 5508 6 515 6198 18	4.4
39 2243 11867 6356 5714 16 1503 12 11868	39 11869 11870 6356 5714 39 11871 11872 68 3 5208 12 3 3281 18	2.8
153 39 10491 226 428 224 39 8265 225 226 515 3189 11817 18	153 39 10491 226 428 224 39 8265 225 226 18	5
146 1626 4674 1229 1181 6 2255 489 39 11873	146 1626 4674 1181 2255 489 39 11873 18	4.5
11874 52 5623 566 33 4238	9877 3 1920 515 11875 12 18	0.4
11876 68 515 6097 186 11877	6097 515 1389 8 2002 515 11877 18	4.4
46 859 515 11641 6 1404 3122 112 330 63	1766 9970 515 5048 428 1404 3122 18	4.8
3763 39 2792 52 233 7099 428 239 146 7099 68 18	3763 52 146 7099 428 239 363 146 7099 365 68 18	4.6
3533 6 117 8 2315 9907 515 2715	117 8 2315 9907 30 2715 18	4.8
117 11878 6 515 6221 6 1374 5003	3029 68 2399 5003 515 6221 18	2.4
2235 39 1243 515 69 112	1367 68 39 1243 428 11876 39 1243 112 18	3.5
5011 68 1626 63 68 4498 6 11847 6 515 2346 68 7360 18	5011 68 4498 515 4652 1626 236 63 68 4498 515 11847 18	4.4
3 3455 12 11879 39 9242	3 3455 12 3498 39 9242 18	5
1216 8 8874 26 515 544 392 5556	1216 8 8874 544 392 5556 515 11880 18	5
45 11881 21 3495 233 3657 130	1326 68 117 514 21 39 1185 428 117 39 1993 515 1326 68 7873 18	0.2
39 4441 11735 112 2424 6 11882	39 4441 5436 112 2424 515 4465 515 11883 18	3.4
11884 515 2235 39 11885	11884 21 39 11886 515 11885 18	4.8
39 3973 511 37 39 11887 21 233 4238	289 1079 3973 21 233 4238 18	4.6
11888 8 6547 39 4520 2423 515 1064 392	11888 8 6547 2423 39 3936 515 1064 392 18	3.4
4271 129 515 117 5534 428 2592 186 5473 11889	51 21 39 4271 515 6097 236 63 68 46 5534 515 8868 18	4.6
3 3455 12 11890 515 11891 39 2454	3 3455 12 11892 428 11893 4268 21 11894 1389 18	2.8
430 11895 198 39 10311 515 1855	430 39 11582 198 39 10311 18	4.8
5397 11896 63 48 6898 112 39 540	5397 11896 6 63 211 146 11897 18	5
96 3 2607 68 46 47 26 146 123 4739	96 97 98 37 68 46 47 26 146 123 4739 18	4.6
10902 6 117 7526 68 21 3011 112 503	5470 8 11898 428 10561 8 170 12 39 6204 9262 18	2
39 661 5135 112 7100 515 11899	39 6683 112 2917 7100 18	2.2
39 1325 573 515 11900 76 68 11901 226 39 1076	11900 11652 12 39 1325 573 76 68 39 9140 226 39 1076 18	5
3800 226 39 11902 11903 2591 6 63 112 4497 18	3800 226 39 11902 11903 2591 18	5
6680 515 2187 6 63 21 11904 515 2407	6680 6 63 21 11904 515 39 2407 18	4.6
3 11905 30 11906 12 11907 11908 1374 11909	10172 39 345 52 11909 18	3.6
3031 1676 12 39 4680 1082	3 1676 1675 8 39 1215 18	3.6
363 3029 68 365 1393 198 39 688 68 39 10311 18	3029 39 688 515 11910 68 1393 186 39 10311 18	5
146 2832 115 671 5066 2148 68 2241 5639	146 2832 115 11911 5066 186 671 2148 68 39 2327 11912 18	4.4
4674 68 156 4097 8 11913 61 1444 18	4674 68 156 4097 8 11913 18	4.4
3 11914 363 6574 365 3388 392 275	3 11915 2036 8 1035 11916 21 3 4341 18	2.8
9831 515 122 392 21 1389 68 5666 18	3029 68 156 26 515 68 46 6099 515 506 21 2832 18	3.2
1636 11917 1814 39 4193 6 7852	1636 11917 1814 39 4193 428 2346 68 8188 3 2874 18	4.6
2032 515 2549 11918 30 2197 11919 18	2032 515 2549 11920 515 11919 18	4
3029 68 46 11921 515 5078 11922 18	3029 68 46 11921 515 11922 18	5
11923 6 5207 63 146 2042 12	5207 63 39 170 12 11924 392 18	3.8
3 4238 12 5307 39 5563	3 3455 12 10263 392 11925 18	1.6
6121 363 39 6103 365 2423 515 186 6 26 515 63 48 26 39 36	6103 26 515 63 48 26 39 36 18	3.6
2967 61 130 112 243	3 3455 12 2967 61 130 112 243 130 18	4.6
2406 12 1332 6 45 11926	2406 12 1332 515 11625 18	5
3533 6 117 8 2315 9907 515 2715	463 3461 109 12 11927 515 4592 5822 515 2715 18	4
3 3455 515 11928 12 4126	3 3455 12 343 515 4126 515 11929 18	4.2
146 4405 3904 63 4979 6 39 4271 12 9316	39 2408 515 4405 3904 63 4979 115 392 37 2471 18	4.2
6447 52 39 3898 2792	6447 52 39 3898 2792 6 598 63 11930 18	4.2
11931 6 11932 68 39 11933 885	11931 68 39 11933 1611 18	4.8
2596 6 2178 6 515 11934 392 21 3 1355	117 39 4113 293 428 92 21 788 18	3.6
1144 515 2009 3 2080	145 39 562 112 3 2080 12 39 2077 18	4.4
11935 4168 186 10311 515 11936	11935 4168 186 39 10311 236 63 68 8437 6 8427 6 515 11937 18	3.6
39 382 11060 317 515 11938 12 7012 2 2101 1994 515 307 18	39 382 11060 317 515 11938 12 7012 2780 39 2327 62 112 39 2327 11939 18	3.8
6121 515 463 39 11940 2423 39 3897 21 39 11941	6121 8 170 2423 39 3897 21 39 11941 18	4.4
3029 68 2355 39 1054	463 186 39 2101 1144 428 3029 68 46 21 39 2101 1144 18	4
3 4417 12 178 2704 12 2172 1789	39 506 5831 178 30 523 3 2704 12 16 515 485 76 1789 18	4.25
11942 11943 52 10311 323 4305	518 52 10311 211 4305 18	2.2
986 68 39 344 2999 388 363 63 21 4160 365	986 68 39 344 2999 388 18	5
117 2101 3 5620 515 7853 12 428 11944	117 2101 12 3 5620 515 7853 12 18	4.8
5342 21 39 2361 4049 151 3883	65 2101 2332 151 11945 18	1.8
39 506 12 11812 12 11946 77 112 4976	39 506 12 11812 12 11946 77 11947 68 46 3058 68 3658 1885 515 3659 18	4.2
39 625 511 1077 8184 6 2197 39 3635	5623 511 1077 11948 11949 18	4.2
1206 186 9308 428 3005 453 8304 515 117 146 11950 18	3005 453 8304 515 117 146 11075 18	4.2
5052 68 1325 11812 8 11951 515 8780 18	5052 68 1325 11812 515 11952 8 11951 515 11953 18	4.66666666666667
11954 6 2316 6 515 72 90 12 39 630 222	11955 3045 112 363 146 11956 515 39 11957 365 18	1.2
6951 515 11958 39 11	6951 363 39 7137 11959 365 11960 18	4.2
146 960 11961 3 11962 12 5623 515 392 18	11963 3 11962 12 515 10572 3 1626 11964 12 18	4.6
3 1454 2187 12 61 960 68 243	3 5317 12 61 960 2144 68 243 18	2
3455 21 11965 52 2210 6 11966 6 515 6912	3455 21 11965 52 5623 33 2210 6 11966 6 515 6912 18	5
578 515 11967 1997 12 4366 515 3084	3 920 1997 515 5305 12 392 18	3
39 11688 1181 12 39 2256 1176 9943 6 39 11968	39 1325 1181 9946 63 314 12 515 63 3 11969 12 39 2256 1176 4536 18	4.4
4202 63 39 2557 11970 515 353 428 65 63 39 4452 11594 18	6755 6 4202 6 515 43 63 39 2557 11970 515 353 18	2.8
5790 52 4054 515 5958	5790 515 3763 52 4054 6 5958 6 30 11971 18	4.6
3 3455 12 3731 392	3 3455 12 6278 392 18	4
6284 226 146 2672 428 207 1814 39 311 18	68 11355 515 207 198 39 11860 524 18	3.4
11972 515 11973 3 1665 515 11974 12	2287 3 1665 515 1103 4536 12 18	3.2
3 3455 12 3100 68 2433 779 39 11975 18	3 3455 12 3100 1519 68 3 4746 363 515 261 4193 365 18	0.8
463 1519 8 4674 515 1370 428 1206 1519 26 515 579 1519 8 11976 317 12 1370 18	1206 1519 26 515 579 1519 8 11976 317 12 61 33 1370 18	4.2
430 11977 3715 8 8644 39 368 36 1064 23 30 3864	430 11977 3715 8 8644 39 368 36 1064 23 30 3864 226 3 36 18	5
11978 6 6133 6 515 2549 392	371 3 2486 12 428 11978 515 2549 18	4.6
5448 4674 115 9788 2052 3461	3 4674 8 73 61 960 11979 243 18	3.8
276 52 2148 68 4495 515 11980	276 52 21 39 4495 219 18	3.6
11981 21 39 11982 9874 18	518 52 39 11982 11983 18	4.4
4212 39 3071 6 2535 515 2486 12 1230 6 2429 11984 18	4212 363 39 3071 6 2535 6 515 2486 12 1230 365 18	4.8
39 11985 5080 11986 68 39 7573 515 11987	39 11985 1078 8 39 703 515 1487 808 30 380 3 1078 112 2563 30 8790 18	4.2
3 3455 12 7022 6 11988 392	3 3455 12 11989 39 11990 18	1.2
1912 21 30 11991 1626 2423 11992 18	1912 1626 186 6 30 11991 109 12 6 3 11992 18	5
2657 316 12 39 2277	3 3756 316 12 39 2145 257 18	5
363 6153 365 11222 3 69 11099 68 108 214 109 18	11222 3 69 11099 68 108 214 109 18	4.6
363 3029 68 365 122 10675 6 2197 177 39 287 6 11588 159	1454 52 39 11993 5317 18	2
510 11668 3461 21 39 11638 4536	39 1076 12 510 11668 112 8630 18	3.6
39 11994 515 11995 6 2197 11302	39 11994 115 11996 510 515 2052 18	4.4
11997 1336 198 7645 1429 68 5370 7195 6 3 11998 11999	3 2559 363 12000 198 7645 1429 68 5370 7195 365 2148 68 11998 11999 18	4.6
3602 3653 68 117 12001 30 8949 18	3602 3653 68 21 1389 68 117 12001 30 8949 18	5
39 938 6 39 3003 30 5333 6041 12 835	39 938 68 5786 3 7697 12 39 524 515 1176 886 18	3.8
2187 39 2101 5591 6 507 12 3982 6 4136 6 3720 6 4391 18	2187 39 2101 3982 515 4136 18	3.4
68 8370 52 1629 515 1515	8370 363 39 5716 33 12002 365 52 1629 515 1515 18	3.6
11876 68 39 2361 4181	11876 68 39 2241 4181 18	5
2473 12003 52 1294 342 12 1718	2473 1713 515 12003 52 1294 342 12 1718 18	4.6
146 11699 12004 52 243 12005 11699 515 12006	146 5094 515 1118 115 12007 30 2392 39 11617 428 23 284 45 5435 30 37 2197 12008 8 3 10036 18	3.4
117 12009 21 62 515 2832	117 12010 30 3882 21 62 515 4049 18	4
11642 21 515 63 48 21 39 846	3897 129 515 11642 6 21 515 63 21 39 1674 18	5
3 12011 12012 12 1626 198 7372 515 4975	12011 12012 2423 3 7372 515 4975 18	4.8
39 991 508 12 3119 6 2356 30 2319	3 508 12 3119 30 2356 30 2319 18	4.4
579 392 2982 6 1311 12013 1054	579 21 7034 30 1792 198 5508 6 11573 6 1993 6 515 7853 18	4.2
39 353 515 232 12 39 630 3029 515 1054	3 232 12 146 2069 3081 63 2144 68 146 5248 18	2.8
5790 392 2384 515 5105 68 2726	5790 392 63 11602 515 2384 18	4.8
146 984 21 4123 63 2604 3037 1181 12 62	3 4092 12 984 21 4123 3037 1181 62 18	5
65 39 466 12014 6 12015 6 515 4954 112	65 39 466 12014 515 12015 112 18	5
579 392 515 5623 2 2549 428 2950 392 198 6643	2950 112 39 355 6 63 48 109 12 1632 515 1197 18	2.8
212 109 515 1359 6 2429 779 39 12016 515 1684 18	212 109 6 2659 6 515 1359 52 3220 6 2132 8 177 146 1090 515 261 6169 18	4.4
392 115 12017 68 302 39 2101 2408 18	392 115 12017 68 3018 515 302 18	3.75
39 11986 12018 112 3 317 12 6224 515 12019 18	39 11986 12018 112 3 317 12 6224 515 12019 363 446 112 2833 365 18	4.4
5470 198 39 12020 7955 6 63 12 596 26 39 2160 18	5470 515 12021 198 39 12020 7955 428 63 12 596 26 39 2160 18	4.8
9173 428 12022 515 2138 2344	12022 26 39 1079 6 2132 12023 6 5672 515 117 1079 515 95 1079 18	4.25
9598 105 5470 1564 330 904 198 12024 12025 515 52 39 8670 12 3561	5470 1564 198 12024 12025 18	3
3405 515 553 8 12026 6 12027 6 515 177 485 12028 18	3405 515 553 8 12027 515 12026 18	3.8
12029 515 3128 68 1861 515 5564	3128 515 5065 68 1861 515 5564 18	5
738 9473 6 3081 52 39 12030 515 5621 18	738 9473 6 3081 52 3 12030 515 39 12031 18	4.6
39 12032 12033 11945 8 12034 12035	289 2952 12032 8 39 6674 2098 18	3.4
847 1358 515 3979 2769 30 12036 428 2025 515 3029 68 2025 428 156 68 11812 18	2025 515 3029 68 2025 10675 18	4.4
3029 68 3933 363 4836 515 2118 365 428 46 9294	3029 68 3933 6 63 12 4836 515 2118 18	4.2
363 3029 68 365 46 11720 8982 515 5809 18	3029 68 46 11720 8982 18	4.4
39 12037 515 240 4976 3 2171 6 12038 515 1665 12 392	39 12037 515 240 4976 3 12038 515 1665 12 146 960 18	4
2316 6 3143 3524 515 12039	12040 63 2035 428 3143 3 12039 12 5623 515 392 18	3.4
463 515 506 186 6 1856 515 2748	463 515 3639 186 392 18	2.8
39 625 515 130 21 3 2670 12 2035 39 3748 112 392 566	39 625 515 130 115 1077 515 54 224 3 51 12 243 18	4.2
12041 12 39 604 115 3378 2216 4580 3874 33 451	39 27 21 39 604 5714 5397 8745 68 2216 4580 3 3874 33 451 18	4.6
12042 26 39 12043 12044 515 2493 18	12042 26 39 12043 12044 18	4.8
2235 6 986 6 515 2493 3145 68	5470 515 2235 514 112 18	4.4
146 1377 52 6270 68 11958 233 3251 12 991 4238	146 1377 4400 112 2549 30 3144 12 39 2361 4238 515 283 12 3003 3254 18	4.2
3 3455 12 10172 2159 477 18	3 4238 12 1883 392 21 2159 520 18	4.6
224 515 3206 8 4674 515 1370	224 515 3206 8 4674 18	5
156 779 52 3 5565 68 2212 515 6358 18	156 779 52 3 5565 68 6358 18	4.6
146 1377 3417 544 39 12045 12046 5508	39 12047 3417 68 748 392 115 37 12048 18	3.2
430 12049 6 12050 6 8244 6 4341 6 4633	430 8244 515 4633 198 18	4.2
3837 3156 68 672 6 12051	146 3837 3156 68 6261 18	3.2
12052 515 12053 6 3081 2 3 12054 18	12052 515 12053 12055 515 8751 6 3081 2 3 12054 18	4.8
145 39 12056 11075 68 6 12057	145 39 12056 11075 68 18	4.9
3 12058 6 12059 12060 12 146 960	3 506 12 11631 501 68 16 515 485 1789 18	0
3 4521 4494 12 146 11699 515 10304	11707 12061 3 4865 12 233 2901 12062 515 10304 18	1.8
10827 6 12063 12 392 515 5623	3 3455 12 12064 392 515 5623 18	0.6
117 129 392 12065 515 12066	117 129 392 11927 515 12066 18	4.8
12067 515 506 3 62 12 363 39 10431 365	12068 129 21 3 520 12 39 4466 18	0
3 3455 12 11691 61 130 112 243	3 3455 12 12069 392 18	0
3 6580 314 12 392	3 375 314 515 4738 12 392 18	4
3 1144 12 2035 21 1817	3 1144 12 2035 8703 18	1
3824 3 62 515 4512 12	117 6623 8 12070 3 4598 515 2863 12 18	0
263 146 5804 287 21 392 18	3 3455 12 9330 392 18	0.6
122 515 3029 68 122 52 39 3504 6 12071 4536 18	1003 6 515 122 52 39 3504 4536 18	4.4
3 12072 4738 12 39 7035	3 2296 4738 12 39 7035 18	5
1513 350 12 146 2069 515 4238	117 39 1840 198 146 2648 12073 515 4238 18	0.6
3 3455 12 12074 6 12075	3 3455 12 12076 5623 515 392 18	0.4
3 3455 12 3883 6 4650 392	3 3455 12 12077 392 18	0
3 1144 12 2035 12078	3 1144 12 2035 2872 18	0
569 21 39 76 1144 515 247	263 30 1078 52 39 4181 515 5342 18	0
3 3455 12 1883 39 12079 26 392 18	3 5240 12 5623 515 392 18	1.2
4307 129 363 63 48 365 52 39 4368 18	12080 63 48 52 39 12081 18	0.4
4432 4430 63 39 3973	4432 4430 63 39 3973 515 4040 18	4.6
3 3455 12 10172 2159 477 18	146 3455 12 12082 515 3702 3 12083 18	0.2
3 1144 12 2470 433 6 12084	3 3455 12 10509 5623 68 549 18	0
3 4238 12 12085 515 12086 392	3 3455 12 12077 392 18	0
3 3455 12 12087 515 12088 392	3 3455 12 10263 515 3310 392 18	0.6
3 3455 12 9628 515 12089	3 1144 12 12090 1023 146 5428 18	0.2
3 3455 12 11989 410 515 1241 68 5623	3 3455 12 343 515 4126 515 11929 18	0
3 1144 12 2035 12078	3 11610 12 2035 64 12091 18	1
2235 7297 12092 2423 12093 12094 18	108 7297 12092 2423 12095 18	1.4
3455 515 55 392 21 5032 68 392	3 2826 12 392 115 275 448 6619 515 3619 129 18	0.4
3 3388 12 2035 391 112 392	3 3455 12 2967 61 130 112 243 130 18	0.6
1792 52 515 63 48 52 39 9833	2025 52 515 63 48 52 146 11735 18	0
5644 12096 428 224 4097 3 5333 4674 12 515 7743 10109 18	224 4097 3 5333 4674 12 515 7743 10109 18	4.6
12097 2919 515 2399 3236 11824	46 21 233 2327 1144 515 1054 18	0.2
12098 186 3 4001 515 39 247	8210 30 12099 21 243 4628 515 247 18	0.8
3 3166 3455 12 177 392 1079 18	3 3463 3455 12 177 392 12100 18	1.26666666666667
463 129 52 392 12101	463 129 52 392 515 2919 12101 18	4.26666666666667
3 4049 21 73 392 515 11686 2814 515 11687	3 3455 12 6444 392 109 8 8834 515 9141 18	0
3524 12102 198 3 5425	39 11828 2991 198 3 2558 18	0
3 3455 12 6041 515 12103	3 3455 12 343 515 4126 515 11929 18	0.8
122 515 3029 68 122 52 39 3504 6 12071 4536 18	122 515 3029 68 122 52 39 3504 12071 5317 18	5
3 3455 12 12104 12105 392	65 12106 428 418 12 392 18	0
3 2795 12 392 11615 544 39 4193	3 3455 12 5573 564 68 39 4193 18	1.2
363 3029 68 365 520 39 4128 21 2782 3657 515 5448 1990 18	3029 68 65 6 21 3 3657 258 515 5448 258 18	2.6
11355 198 39 11860 524	68 11355 515 207 198 39 11860 524 18	4.7
3 3455 12 3883 6 4650 392	3 3455 12 6547 198 61 1144 515 51 68 3 141 18	2.2
117 146 12107 515 4156	224 2374 21 12079 112 18	0
146 2450 12108 311 12 2788	146 2450 4271 12 2788 515 1161 18	4.2
11678 21 39 2101 219 6 12109 12110	11678 21 39 2101 219 18	4.4
117 12111 6 485 8908 6 63 8 12112 12 12113 11631	117 3898 515 12114 6 63 8 12115 68 1626 428 34 446 12116 18	0.2
3 12058 6 12059 12060 12 146 960	3 3463 3455 12 12117 18	0
39 5448 4800 515 8574	108 1385 12118 515 9847 18	2.8
9680 8 105 3455 21 11965 52 2210 6 11966 6 515 6912 18	3455 21 11965 52 5623 33 2210 6 11966 6 515 6912 18	4.8
74 6 4954 515 12119 68 55 392	39 11680 515 4663 293 392 496 18	0
225 226 515 8264 392 515 5623	3 4107 11075 12 392 515 5623 18	2.4
3 383 6 12120 515 5328 12 392	1393 3 383 6 3781 6 515 5342 12 392 18	1.2
117 258 12 6 145 2080 68	117 258 12 428 11876 39 2080 68 18	5
122 6 8123 515 5289 392 515 5623	39 170 515 576 8 73 392 37 2465 515 11575 18	2
3 1144 12 2035 12078	3 1144 12 2035 21 5824 515 2035 12121 18	0.4
3 3455 12 11989 410 515 1241 68 5623	3 3455 12 11841 3 11843 12 392 18	0
10587 109 105 6097 112 12122 77 68 46 266 8 557 18	12123 112 12122 77 68 46 266 8 557 18	4.2
11888 363 63 48 365 52 39 12124 515 12125 18	263 30 1078 52 39 4181 515 5342 18	0
3029 68 46 4839 21	3029 68 46 11720 8982 18	1.2
3 3455 12 3883 6 4650 392	3 3455 12 2421 392 18	0
3533 6 117 8 2315 9907 515 2715	117 8 2315 9907 30 2715 18	4.8
363 3029 68 365 2726 226 39 2352 62	142 42 102 226 39 2361 62 18	0.2
3 3455 12 4788 515 8956 392	3 3455 12 8227 52 392 18	1
3 3455 12 4788 515 8956 392	3 3455 12 12126 392 18	0.2
363 3029 68 365 2399 513 8190 428 2433 515 224 61 33 10645 18	2399 513 8190 6 2433 6 515 224 61 33 10645 18	4.2
3 3455 12 12127 226 39 2101 51	3 11974 12 39 12128 12 2025 2715 18	0.8
3 3455 12 12129 186 61 33 1368	3 11610 12 12130 5356 18	0
39 1144 12 2035 12131	3 1144 12 2035 12132 18	0
11355 198 39 11860 524	68 11355 515 207 198 39 11860 524 18	4.7
363 3029 68 365 46 346 52 3504 1905	68 2592 515 5291 3461 515 52 392 566 18	0
2473 11537 515 2473 109	12133 6 748 6 515 224 109 18	1.8
2967 61 130 112 243	3 3455 12 2967 61 130 515 524 112 243 18	4.8
5052 68 1325 11812 8 11951 515 8780 18	5052 68 1325 11812 515 11952 8 11951 515 11953 18	4.66666666666667
463 186 515 579 21 39 11490	2592 186 39 2110 1144 18	0
3 3685 515 12134 130 18	3 1480 314 12 182 18	0
3 3455 12 9628 515 12089	3 3455 12 12135 515 11810 18	0.4
39 4107 12136 12 392	39 4107 1991 12 392 18	4.6
11550 12137 52 146 2904	146 11783 12138 12 510 52 39 501 3781 18	0
3 11842 515 11843 12 392	3 3455 12 5573 4674 68 12139 392 18	0
3 3166 3455 12 177 392 1079 18	3 3455 12 4326 392 18	0
363 3029 68 365 2025 515 122 21 2110 2671	68 3029 68 2025 30 156 21 2110 2671 18	4.91666666666667
39 1144 515 3455 12 12140 12141	3 3455 12 3092 515 11746 514 18	0
1393 3 2080 12 363 5623 33 365 262 52 5565 68 12142 18	117 39 4695 12 52 3 5565 68 12142 18	2.4
3 3455 12 4788 515 8956 392	3 3455 12 12069 392 18	0.4
463 129 52 392 12101	463 129 52 392 515 2919 12101 18	4.26666666666667
3 3455 12 12143 6 12144 392	3 3455 12 8547 146 960 52 3 763 18	0.4
363 3029 68 365 1978 2769 515 4168	3029 68 2726 515 46 4400 112 18	3
224 1230 515 11678 21 39 2101 219	11676 68 11678 21 39 2101 219 18	4.2
3 1144 12 2035 12078	3 1144 12 2035 8703 18	0.8
146 2071 515 1230 12 2035 11818 18	1367 4054 112 428 224 186 509 18	0
3 3455 12 11924 6049 6 1216 12 392	3 3455 12 10263 392 11925 18	0.4
3 3455 12 1883 392 68 317 18	3 4238 12 8956 392 198 1993 515 6198 18	0.6
12145 515 12146 52 8039 515 39 12147 4049 428 12148 428 46 5058 2666 5623 18	12145 515 12146 52 8039 515 39 12147 4049 428 12148 18	4.4
12149 515 770 337 68 274 392	146 12150 12 3 1997 12 392 18	0
3 3455 12 12151 515 9723 392	3 3455 12 3810 12 39 625 8 4674 18	0
3 1144 12 2035 11606	3 1144 12 2035 12132 18	0
3 3388 12 2035 391 112 392	3 3388 12 45 2035 391 515 12152 18	1.8
39 625 511 12153 515 3211 4347	39 625 511 12154 52 557 21 233 4238 515 12155 18	0
3 1144 12 2470 61 33 3730 6279	3 1144 12 2035 5808 18	0
3 3455 12 12087 515 12088 392	3 3455 12 6278 392 18	0
145 39 12156 509 12	12157 515 145 39 12156 509 12 18	4.46666666666667
146 12158 515 12159 222 18	3 3455 12 6992 392 18	0.4
3 3455 12 12087 515 12088 392	3 3455 12 8765 392 18	0
3 3455 12 11989 12160 68 5623	3 3455 12 11015 392 515 5623 18	0
3 3455 12 1883 392 68 317 18	3 3455 12 12069 392 18	1.9
3 4616 515 69 520 12 39 2077	3 12112 12 146 2904 33 3868 198 3 12161 3186 18	0
46 515 1206 186 7448	12162 515 1206 186 2035 18	1.6
117 515 2399 485 12163 515 8908	117 515 2399 485 4897 515 5488 18	2.4
122 515 6097 11780 363 12164 365 21 39 12165 30 12166 524 18	122 515 6097 11780 21 39 12165 30 12166 524 18	5
12167 3029 68 2399 7725 68 273 18	12097 8 146 620 428 3029 68 46 12168 18	0
12169 428 3029 68 46 12170 8 363 61 33 365 383 18	358 115 275 448 12171 8 233 4592 75 18	0.8
4107 1991 12172 8 4642	39 4107 1991 12 392 18	2.8
39 625 511 37 39 4040 12 3 648	39 625 511 37 39 4040 12 39 8306 18	0.4
518 515 2285 52 9238 18	5068 515 12173 52 39 2512 18	0
3 1144 12 2035 3487 52 2848 18	3 1144 12 2035 3165 515 1646 515 2106 18	0
225 226 515 8264 392 515 5623	3 3455 12 12064 392 515 5623 18	0.4
145 39 12056 11075 68 6 12057	145 39 12056 11075 68 18	4.9
146 12174 515 12175 12 392	51 2 7652 515 2142 152 2326 18	1
279 515 99 39 1707 198 5623 428 11100 5623	117 39 279 515 99 112 392 68 2919 18	3.6
3 3455 12 3883 6 4650 392	3 3455 12 177 129 70 4001 293 392 18	0.4
3 1144 12 2035 11606	3 1144 12 2035 12176 18	0
506 2816 63 146 4865 515 12177	10865 3 12178 6 3129 6 515 1920 12 18	0
3 3455 12 9628 515 12089	3 3455 12 11989 39 11990 18	0
3 3455 12 3315 392 1079 18	3 3455 12 12126 392 18	0
363 3029 68 365 2025 515 122 21 2110 2671	68 3029 68 2025 30 156 21 2110 2671 18	4.91666666666667
102 21 3 11464 63 39 7053 515 12179	5644 21 3 4276 12 146 11661 515 3911 18	0.2
3 3455 12 12180 2285 392 12181 9211 18	3 3455 12 11015 392 515 5623 18	0
2592 6 3618 6 515 4674 68 1831 146 6779 311 515 12182 30 5384 39 256 2486 12 1230 18	2592 6 3618 6 515 4674 68 1831 39 1107 515 6779 2486 12 2848 6 7584 6 30 5384 39 256 61 18	5
363 3029 68 365 3800 226 39 11902 11903 2591 18	3800 226 39 11902 11903 2591 18	4.2
363 3029 68 365 1404 515 12183	3029 68 117 39 11993 159 18	0.4
3432 515 276 52 392	463 515 3639 186 392 18	0.8
3029 68 3846 198 61 2486 515 317 68 243	3886 198 61 625 515 51 68 243 18	0.6
961 363 63 3 3430 12 39 974 12 1767 365 112 392	961 363 63 3 3430 12 39 974 12 1767 365 112 392 3616 515 1207 18	4
622 30 12184 3 2576 12 392 515 2919	39 7513 115 921 3 5317 12 392 18	0
2212 61 33 297 515 243 33 311	156 61 33 297 219 428 122 3979 18	3.6
3 1144 12 2035 21 1817	3 1144 515 2408 12 2035 146 3123 18	0.4
3 3455 515 170 12 301 3767 12 392 18	3 3455 12 5307 515 301 3767 12 392 18	5
506 2816 63 146 4865 515 12177	506 515 85 112 39 2101 2598 18	0.8
12185 198 39 991 5819 515 5572	1103 198 3296 515 11753 18	2.2
3 3166 3455 12 177 392 1079 18	3 3463 3455 12 177 392 12100 18	1.26666666666667
3 1144 12 2035 12078	3 1144 12 2035 1247 18	0.6
146 2071 515 1230 12 2035 11818 18	3 1990 142 39 12041 515 12186 1996 18	0.6
6867 3 4366 105 12187 3777 6 791 39 2729	12187 3777 515 791 39 5960 2729 18	4
3 3455 12 12188 515 5939 5623	3 3455 12 11015 392 515 5623 18	3.7
145 39 12156 509 12	12157 515 145 39 12156 509 12 18	4.46666666666667
3 12189 12 3 1112	3868 363 392 611 365 52 39 1079 314 18	0
11678 515 122 21 39 2101 4049	46 12190 12 515 65 39 2101 2124 18	0
122 515 11816 160 4347 515 11817	3800 515 122 160 4347 515 11817 18	4.7
12191 515 393 68 46 3 517	393 68 46 3 517 18	4.8
39 1320 515 4152 12 146 960	542 6 2910 6 30 5289 109 363 146 2069 365 18	0
3 3455 12 11989 12160 68 5623	3 3455 12 2869 5623 515 392 18	0.75
3 3455 12 3315 392 1079 18	3 3455 12 10263 392 11925 18	0.4
12192 515 12193 6 63 6497	12192 515 12193 6 63 21 1325 6497 18	4.5
12194 428 85 112 233 596 515 1230 18	3 3455 12 6547 392 68 243 625 18	0.75
3 3455 12 4980 515 6155 109 8 1975 18	3 3455 12 3092 515 11746 514 18	0.4
3 3455 12 3315 392 1079 18	3 3455 12 9330 392 18	0.8
122 198 61 3524 68 243	122 198 61 51 68 243 18	4.8
506 2816 63 146 4865 515 12177	5011 68 4498 515 4652 1626 236 63 68 4498 515 11847 18	0
3 1230 12 8874 515 12195 146 960	3 3455 12 6041 515 12103 18	0
3 3455 12 1883 39 12079 26 392 18	3 3455 12 4326 392 18	0
3 1144 12 2035 12078	3 1144 12 2035 5808 18	1.3
39 11594 6 232 515 353 12 392	65 39 11680 808 392 18	0
3 3455 12 12196 6 12197 515 903 392	3 3455 12 2967 61 130 112 243 130 18	0
3 3455 12 4788 515 8956 392	3 3455 12 5573 4674 68 12139 392 18	0.4
5051 21 4674 6 1314 6 515 5824	5051 21 4674 515 5824 18	5
3 3455 12 9796 5623 515 392 112 2035 226 6679	1206 186 3 9928 12 392 3673 515 3657 18	0
39 6770 515 168 112 392	39 5162 115 2205 3 2441 112 392 18	2.8
279 515 99 392 198 5623	3 3455 12 11015 392 515 5623 18	1.4
4432 4430 63 39 3973	4432 4430 63 39 3973 515 4040 18	4.6
3 3455 12 4650 6 3086 146 960	3 11610 12 12130 5356 18	0.4
12198 6 2509 520 515 4467 12 392	39 8165 5796 515 10151 12 392 18	3.6
3800 12199 363 3029 68 365 1206 68 3 2874	3029 68 1206 68 3 2874 18	4.6
11991 515 12200 363 5100 6 12201 6 12202 6 515 12203 365 198 3 4975 18	11991 515 12200 363 5100 515 12201 515 12202 365 198 3 4975 18	5
146 12204 12 183 515 510	3 4107 11075 12 392 515 5623 18	0
12205 3 520 515 12206 12	1393 3 12207 515 524 12 18	0.4
3 3455 12 4788 515 8956 392	3 3455 12 12208 515 12209 515 322 392 18	0.4
3 3455 12 4788 515 8956 392	3 3455 12 10263 515 3310 392 18	0.6
9831 515 122 392 21 1389 68 5666 18	3455 515 122 226 920 4136 18	1.2
3 75 12 6417 513 515 2255	3 12210 75 12 12211 11423 358 18	0.4
3 1144 12 2035 12078	3 1144 12 2035 2286 515 626 18	1.2
970 515 12212 12213 2 39 4592 4674 598 63 39 8301 18	970 515 12212 12213 2 3 2032 12 39 4592 4674 598 63 39 8301 18	4.8
117 39 980 515 12214 68 52 39 2241 748 21 2594	117 39 11148 112 428 2235 52 39 11148 18	1.4
3 4238 12 12085 515 12086 392	3 3455 12 3092 515 11746 514 18	0
5291 236 63 68 520 39 485 5183 4563	5291 236 63 68 520 39 2558 428 4539 18	4.6
223 3 2080 12 392 18	108 3 2080 12 392 18	5
3 12106 3388 12 392	39 2830 447 4897 3868 12 392 18	0.4
4939 515 2068 3 12215 1997 12 392	8264 515 5952 3 3883 311 12 392 18	0.4
463 21 39 4879 524	463 21 39 8477 524 18	0.8
39 3549 515 2493 12 392	39 959 515 12216 2493 12 392 18	4.8
223 3 2080 12 392 18	2910 363 3 3119 12 392 365 186 146 3861 18	0
146 12217 515 9883 12 392	146 12150 12 3 1997 12 392 18	1
3 3455 12 9628 515 12089	3 3455 12 12218 515 12219 18	0
145 39 12220 6006 112 428 518 129	145 39 12220 6006 515 4399 112 18	4.4
224 5333 1230 544 6 63 21 653	5572 515 11888 186 39 12221 18	0
3 3455 12 9998 112 515 5312 4366 515 3084 18	3 3455 12 12222 109 515 12223 186 4585 18	0
2592 68 39 2101 1035	2592 68 39 2101 10154 1144 18	0
11835 515 164 52 39 11588 11735	11835 515 164 2423 52 39 11588 11735 18	5
363 3029 68 365 3800 226 39 11902 11903 2591 18	3029 12210 5772 68 30 117 6106 515 12224 18	0.4
3 219 392 12225 68 39 4467	97 392 37 266 515 97 23 4821 18	0
622 30 12184 3 2576 12 392 515 2919	39 12226 12 3 11718 12 392 515 2919 18	0.4
117 12227 515 12228 5959 146 1230 515 9534 18	117 12227 515 12228 2666 146 1230 515 2535 515 9534 18	4.8
146 7099 515 124 115 12229 392	146 11666 1238 68 274 392 18	0
3 2069 12 10043 515 12230 392	3 3455 12 12126 392 18	0
430 198 39 51 515 198 886	430 198 39 2387 515 2502 18	1.2
363 3029 68 365 2399 513 8190 428 2433 515 224 61 33 10645 18	2399 513 8190 6 2433 6 515 224 61 33 10645 18	4.2
1103 363 198 7513 365 6 2956 6717	39 11032 12231 12232 2795 18	0
3 3455 12 4650 6 3086 146 960	3 3455 12 12233 515 4946 5623 18	0.4
430 68 515 198 39 51 515 247	430 515 4674 109 198 39 524 18	2.8
3 3455 12 3315 392 1079 18	3 3455 12 4326 392 18	0.6
3 3388 12 12234 3561 26 2627 12 146 960	3 4238 12 8956 5623 515 392 18	0
3455 12 3883 515 6936 392	3 3455 12 10263 515 3310 392 18	0
3 3455 12 4788 515 8956 392	3 4238 12 12235 515 11989 392 18	0
3 3455 12 1883 392 68 317 18	3 3455 12 12069 392 18	1.9
1912 39 1710 21 3 1626 808 392	108 3 2080 12 392 18	0
3 3455 12 12236 3810 3 756	3 3455 12 6444 3 4479 68 8208 18	2.6
3 3455 12 6041 515 12103	3 3455 12 12237 515 8939 18	0
12238 5623 68 55 392 2423 363 2197 12239 515 4406 365 1354 515 12240 18	12238 5623 68 55 392 2423 363 2197 4406 515 12239 365 1354 515 12240 18	5
4990 68 12040 392 63 472 363 45 39 625 365 18	3 764 68 317 392 515 5623 18	0
146 12241 12 392 6 4979	3 12242 12 392 1859 18	1.4
3 3455 12 3260 392 33 3388	3 3455 12 2657 392 18	0
263 39 1079 12243 8 1883 5822 515 2704 3461	263 8 1883 5822 515 2704 3461 18	4.4
1325 8786 2615 26 12244 12 39 8630 12245	392 115 8395 26 3 4193 12 1767 18	0
3 3455 12 9796 5623 515 392 112 2035 226 6679	3 3455 12 1883 392 21 324 1389 2344 18	0.4
3 1144 12 2035 21 1817	3 1144 12 2035 7449 18	0
2607 115 54 46 4313	3 2607 115 54 46 4313 18	5
3584 12 2017 30 1168 68 5207 63 12246 12 596 7615	3 314 12 3 476 3003 2264 21 39 4639 12 596 515 12247 18	2.6
3846 6 5396 515 11888 363 63 48 365 52 39 3682	224 109 515 129 52 515 63 48 52 39 11854 18	0
3 3455 12 12087 515 12088 392	3 3455 12 12248 109 198 392 18	3.8
2399 515 3029 68 2399 5588	2399 515 3029 68 2399 3788 515 10311 18	1.2
65 3 6204 170 68 5470 6 189 6 515 55 392	3 12249 4117 1064 39 3823 515 3727 3756 18	0
3 3455 12 12236 3810 3 756	3 3455 12 3575 392 18	0
3 3166 3455 12 177 392 1079 18	3 3455 12 6278 392 18	0.6
463 129 52 392 12101	463 129 52 392 515 2919 12101 18	4.26666666666667
363 3029 68 365 2726 226 39 2352 62	3029 68 6915 808 39 4193 18	0
39 1325 6 4783 11828 12 392	12250 446 21 3 2831 12 392 18	0.4
46 76 68 6 1206 186 3 9928 12	1206 186 3 9928 12 18	4.4
463 129 52 392 12101	463 129 52 392 515 2919 12101 18	4.26666666666667
117 39 12251 2795 6 11864 63 3 353 12 9141 515 8780 18	65 39 4013 428 46 9970 12 12248 808 39 2101 3126 6 63 12 39 6313 18	0.2
51 515 4328 63 48 21 39 4556	11981 21 515 63 48 21 39 4117 18	1.4
3 3455 12 12252 39 4193	3 3455 12 5573 564 68 39 4193 18	0.6
122 515 6097 11780 363 12164 365 21 39 12165 30 12166 524 18	122 515 6097 11780 21 39 12165 30 12166 524 18	5
4990 68 12040 392 63 472 363 45 39 625 365 18	3 3463 3455 12 177 392 12100 18	0.6
3 3455 12 12196 6 12197 515 903 392	3 3455 12 4010 515 12253 18	0
3 3455 12 6041 515 12103	3 3455 12 2657 392 18	0.4
3 3455 12 1883 392 68 317 18	3 3455 12 1883 392 12254 18	1
1404 515 11667 26 991 515 3635 4276	108 515 12255 363 514 515 261 6744 365 198 5623 18	0
3 2204 515 5438 21 73 392 1077 51	3 3455 12 2657 392 18	0
3 1144 12 2035 12078	3 3455 12 4326 392 18	0
788 428 4603 68 3 1665 515 4598 12 18	4603 68 3 1665 515 4598 12 18	4.85
3029 515 2399 12256 1144 6 117 515 2399 220	3029 68 222 515 6380 515 117 6496 515 6494 68 18	1.8
430 198 39 51 515 198 886	430 198 2888 515 9308 18	1
3 3455 12 4788 515 8956 392	3 3455 12 6278 392 18	0
108 515 212 2285 428 12257	108 515 212 2285 428 12257 3 317 12 18	4.6
5790 392 2384 515 5105 68 2726	1393 5959 392 2255 515 1022 18	0.2
146 960 11961 3 11962 12 5623 515 392 18	146 2318 68 3 5435 12 5623 515 392 18	0
5289 109 515 522 146 4238	5289 109 515 6951 146 1230 18	4.2
12258 6 3664 6 515 3432 198 515 63 48 198 1035 515 1993 12 12259 428 2399 513 8908 18	12258 6 3664 6 515 3432 198 515 63 48 198 1035 515 1993 12 12259 18	4.4
3029 68 3846 198 61 2486 515 317 68 243	3029 363 39 10311 365 68 12260 515 12261 18	0
363 3029 68 365 1978 2769 515 4168	3029 68 1978 21 39 1079 520 18	1.6
3 3455 12 12188 515 5939 5623	3 3455 12 4465 515 12262 392 18	0.4
3 3455 12 3883 6 4650 392	3 3455 12 6992 392 18	0
3 3455 12 4788 515 8956 392	1912 129 146 12206 515 3400 112 392 18	0
363 3029 68 365 1206 3979 6 2025 6 515 3890	3029 68 46 12263 6 12264 6 515 12265 18	1.4
430 198 39 51 515 198 886	430 198 39 2387 515 2502 18	1.2
145 39 12156 509 12	12157 515 145 39 12156 509 12 18	4.46666666666667
3 3455 12 12266 146 960 186 3 1626	3 3455 12 12267 515 4885 515 12268 392 18	0.8
3 3455 12 4788 515 8956 392	3 3455 12 6041 515 12103 18	0.2
3 3455 12 12269 6 12270	3 3455 12 4326 392 18	0
3 4238 12 12271 68 46 5623 515 392 566	3 4238 12 8956 5623 515 392 18	0
117 146 1894 515 159 4476 428 463 186 5175	117 39 11605 12 515 263 4191 21 18	0
3 3455 12 4650 6 3086 146 960	3 3455 12 8547 146 960 52 3 763 18	0.2
3 3455 12 12143 6 12144 392	3 3455 12 10263 515 3310 392 18	1
363 3029 68 365 3800 226 39 11902 11903 2591 18	3800 226 39 11902 11903 2591 18	4.2
6121 62 21 39 2361 51 515 219	11876 39 1079 62 30 51 112 146 2069 18	0.4
363 3029 68 365 46 5096 52 392 18	145 5623 3583 112 392 18	0
363 3 3455 12 177 365 39 5591 12 392 18	3 1144 12 2035 12272 12 392 18	0.4
3154 178 3 337 596	3154 178 3 337 596 2893 39 520 18	3.8
12273 1144 12 12274 293 392	3 3455 12 6041 515 12103 18	0
3 3455 12 9628 515 12089	3 3455 12 2257 515 10058 392 18	0.2
3 3029 515 12275 12 392	3 748 515 12276 12 392 18	0
6162 12277 515 3846 4481 6 3081 198 3 2062 2978 12 2698 515 2486 12 4663 18	6162 12277 515 3846 4481 3081 198 3 2062 2978 12 2698 515 2486 12 4663 21 2424 6 583 6 515 4200 18	4.4
39 2204 515 247 115 12278 515 12279	39 1616 10151 12 392 115 37 4435 1617 18	0
263 146 5804 287 21 392 18	65 146 4663 293 392 18	0
65 39 12280 52 39 398 3283 5237 428 2828 4197 2552 61 33 12280 18	65 39 12280 52 39 398 3283 5237 6 598 63 783 515 8398 18	3.2
9659 515 51 21 10036 52	46 515 3455 21 10036 52 18	3
39 1118 2061 1774 3 1031 12 3 1118 18	39 398 3529 12 1626 18	0
3 3455 12 12252 39 4193	3 3455 12 4431 7096 6943 18	0
3 3455 12 12087 515 12088 392	3 3455 12 2657 392 18	0.4
2607 115 54 46 4313	3 2607 115 54 46 4313 18	5
11428 748 12 39 2700	463 21 3 4001 12 5623 18	0
3 1230 12 8874 515 12195 146 960	3 1054 12 5007 515 3 1144 12 2035 6316 18	0
3 3455 12 12188 515 5939 5623	3 3455 12 12281 515 3228 515 1682 18	1.8
12192 515 12193 6 63 6497	12192 515 12193 6 63 21 1325 6497 18	4.5
3 4405 12 39 12282 3904 63 2471	3 1230 12 11856 392 115 42 12283 515 5451 52 18	0
3 3455 12 12284 39 2061	3 1144 12 2035 2286 515 626 18	0
3 3455 12 4788 515 8956 392	3 3455 12 6760 392 18	0
146 283 115 37 883 78 233 2256 3207 18	146 283 115 37 9867 883 78 233 2256 3207 18	4.8
5052 3 2598 12 392	3 4092 12 233 12232 2069 18	0
146 2071 515 1230 12 2035 11818 18	3 4411 515 2408 12 2035 1114 18	0
3 1144 12 2035 21 324 1389	3 1144 12 2035 2286 515 626 18	0
3 1144 12 2035 12078	3 1144 12 2035 5808 18	1.3
3 1230 12 8874 515 12195 146 960	39 2371 12 510 515 183 61 8519 243 18	1.2
3 3455 12 12285 2942 112 146 709	3 3455 12 9657 63 112 7873 515 39 880 18	0.4
3 3455 12 12087 515 12088 392	3 3455 12 9330 392 18	0.4
3 1144 12 2035 11606	3 1144 12 2035 7449 18	0.8
65 21 4001 63 39 542 515 3781	12286 52 39 4368 6 236 63 68 429 515 12287 18	0
3 3455 12 12269 6 12270	3 3455 12 5615 12288 18	0
2143 12 1750 6092 3461	39 974 12 1750 511 176 6092 3461 18	5
788 428 4603 68 3 1665 515 4598 12 18	4603 68 3 1665 515 4598 12 18	4.85
463 21 5317 515 122 68 3455 428 117 8703 515 485 8703 18	392 9946 63 39 518 515 4876 18	0
3 3455 12 11430 360 3780 6 11810 360	3 3455 12 177 515 12289 4856 18	0
3 3455 12 3883 6 4650 392	3 3455 12 8765 392 18	0
363 3029 68 365 2025 515 122 21 2110 2671	68 3029 68 2025 30 156 21 2110 2671 18	4.91666666666667
518 52 39 563 69	122 52 39 12290 5317 18	0.2
3 1144 12 2470 433 6 12084	3 3455 12 3100 68 3040 779 39 11975 18	0.6
3 3455 12 4788 515 8956 392	3 3455 12 11841 3 11843 12 392 18	0.8
11678 515 122 21 39 2101 4049	11678 21 39 2101 4049 18	4
3 2385 515 12291 12 392	3 5614 115 1992 198 2869 392 18	0
1734 112 330 463 68 1230 515 317	117 6285 112 1230 515 317 18	4.4
3029 68 46 4839 21	3029 68 46 2264 515 9079 18	2.2
39 3569 12 1229 3103	39 1181 12 1229 3103 18	4.4
6121 186 8 12292 515 12293	3 3455 12 4326 392 18	2.6
39 4152 283 515 1021 12 392	39 12294 2042 12 392 18	0
3 4238 12 12085 515 12086 392	3 3455 12 11534 515 11535 392 18	4.4
3 3455 12 3315 392 1079 18	3 3455 12 6760 392 18	0.6
3 3388 12 12234 3561 26 2627 12 146 960	3 3901 26 73 146 620 1366 46 3177 18	0
11163 428 12295 52 392 238 21 9308	463 129 52 392 515 2919 12101 18	0
3 3455 12 3883 6 4650 392	3 3455 12 5307 515 301 3767 12 392 18	0.4
3 1144 12 2035 12078	3 1144 12 2035 1568 18	1
3 3455 12 12074 6 12075	3 4092 12 3883 363 3081 8396 515 4490 365 18	0
3 3388 12 2035 391 112 392	3 3455 12 177 129 70 4001 293 392 18	0.4
3 3455 12 6041 515 12103	3 3455 12 6278 392 18	0
46 21 371 5448 1817 52	46 21 371 5448 1817 52 428 117 1817 18	5
3 51 78 73 146 1370 275 764	3 3455 12 4550 61 130 68 243 18	0
3 6580 314 12 392	3 12296 138 451 12 392 18	2.6
312 515 518 52 515 63 48 52 12297	518 52 515 63 48 52 39 11412 18	2.8
3 3455 12 1883 392 68 317 18	3 3455 12 2657 392 18	0.4
12203 6 2782 21 39 4578 515 12298 2655 18	392 12299 515 2303 198 146 2196 18	0
3 3455 12 1883 39 12079 26 392 18	3 476 11551 11075 12 392 18	0
3 3455 12 12151 515 9723 392	3 3455 12 6278 392 18	2
363 3029 68 365 2025 515 122 21 2110 2671	68 3029 68 2025 30 156 21 2110 2671 18	4.91666666666667
3 3455 12 1883 392 68 317 18	3 311 6384 8 146 960 3883 2423 1990 18	0
39 12058 12300 515 12301 4152 12 392	39 5162 115 2205 3 2441 112 392 18	0
3 3455 12 11691 61 130 112 243	3 3455 12 12302 61 130 52 243 18	0.8
3 3455 12 4788 515 8956 392	3 3455 12 10263 515 3310 392 18	0.6
3 3455 12 9628 515 12089	3 1144 12 2035 7449 18	0.4
3 3455 12 5573 564 68 39 4193	3 3455 12 12266 39 5683 18	0
11678 515 122 21 39 2101 4049	11678 21 39 2101 219 18	4.2
5052 68 1325 11812 8 11951 515 8780 18	5052 68 1325 11812 515 11952 8 11951 515 11953 18	4.66666666666667
3 3455 12 9628 515 12089	3 3455 12 12303 39 1853 515 7304 115 275 448 12304 18	0
463 26 11332 6 63 26 61 33 1139 515 974 18	5289 6 63 26 61 33 2285 18	0
10827 6 12063 12 392 515 5623	3 4107 11075 12 392 515 5623 18	1
788 428 4603 68 3 1665 515 4598 12 18	4603 68 3 1665 515 4598 12 18	4.85
3588 515 12305 6 63 21 39 12306 12 392 515 146 409 12 4890 18	39 11594 12 5623 33 9632 515 12 39 2361 506 12 3180 18	0
122 186 30 546 21 39 2361 524	12307 26 39 2361 51 515 12308 18	2.6
363 3029 68 365 122 2285 30 2816 515 2482 68 2482	122 2285 30 2816 515 12309 18	4.2
1180 392 68 515 5470 392 198 8 12310 4238 18	1180 392 68 515 5470 392 198 8 11666 30 3081 12310 4238 18	4
1144 12 2035 12311 6 8843	3 3455 12 8765 392 18	0
3 2795 12 392 11615 544 39 4193	3 2069 12 392 3891 363 2197 5294 365 18	0
3 3455 12 12087 515 12088 392	3 3455 12 12077 392 18	0.2
2493 52 1767 112 9878 6 63 52 7098 6 12312 6 515 12313 18	2493 52 1767 6 63 52 7098 515 12312 515 12313 18	4.4
12314 515 12315 39 12316 3883 960	9998 112 515 5312 4366 515 3084 18	0.8
363 3029 68 365 2399 4743 4744 18	2399 515 3029 68 2399 5588 18	0
3 3166 3455 12 177 392 1079 18	3 3463 3455 12 177 392 12100 18	1.26666666666667
12205 3 520 515 12206 12	1367 3 520 515 12206 12 18	4
5498 109 21 3 520 12 39 11748 515 12317 18	122 2423 52 515 63 48 52 39 11063 18	0
3 3455 12 12180 2285 392 12181 9211 18	3 3455 12 4071 428 177 392 8674 515 12318 18	0
3 4238 12 12085 515 12086 392	3 3455 12 2257 515 10058 392 18	1.2
2540 428 618 21 39 12319 4049 18	618 21 39 12319 4049 18	4.4
2238 21 39 2101 4049 6 1272 6 515 2391	3 2296 515 11802 21 146 11700 515 790 18	0
3 3455 12 12188 515 5939 5623	3 3455 12 6041 515 12103 18	0.4
12320 515 6981 4592 2242	6981 6 63 12 4592 2242 18	4.6
463 129 52 392 12101	463 129 52 392 515 2919 12101 18	4.26666666666667
11937 515 12321 52 39 2792 18	117 39 312 515 3615 26 39 4193 18	0.2
3 3455 12 4650 6 3086 146 960	3 3455 12 4550 61 130 68 243 18	0
117 6240 26 39 4193	117 39 312 515 3615 26 39 4193 18	4.4
3 3455 12 1883 392 68 317 18	3 3455 12 12064 392 515 5623 18	0.8
3 12322 515 3 12323 12 392	3 62 254 115 37 2045 304 112 2657 515 5718 392 18	0
68 117 6285 6 5048 109	117 6285 112 1230 515 317 18	4
3 3455 12 12104 12105 392	3 3455 12 12267 515 4885 515 12268 392 18	0.8
3 3455 12 11691 61 130 112 243	3 3455 12 4550 61 130 68 243 18	1.4
3029 68 122 2472 52 4674 18	5075 515 122 198 39 11985 551 515 2486 18	3.8
3 4049 21 73 392 515 11686 2814 515 11687	3 2607 8 73 392 5226 18	0
10739 8 4650 515 3086	122 8 4650 808 515 3086 18	1.8
3 3455 12 12087 515 12088 392	3 3455 12 10263 515 3310 392 18	0.6
3029 68 46 21 39 1144 515 3524	463 186 39 2101 51 515 3657 3524 18	2.2
1792 52 515 63 48 52 39 9833	1311 52 515 63 48 52 39 603 18	0.4
3 3166 3455 12 177 392 1079 18	3 3455 12 6278 392 18	0.6
3 12072 4738 12 39 7035	3 2296 4738 12 39 7035 18	5
3 10930 12 39 11487 1118	3 2890 12 392 33 1997 515 5305 18	0
74 6 4954 515 12119 68 55 392	3423 515 2198 68 55 392 18	4.6
3 4238 12 12271 68 46 5623 515 392 566	3 3455 12 12076 5623 515 392 18	0.6
2493 52 1767 112 9878 6 63 52 7098 6 12312 6 515 12313 18	2493 52 1767 6 63 52 7098 515 12312 515 12313 18	4.4
3 3455 12 2315 6 12324 6 12325	363 12326 365 5201 33 3455 12 12327 3 4146 186 9308 18	0.2
3 4238 12 12271 68 46 5623 515 392 566	3 3455 12 11015 392 515 5623 18	1
3 3455 12 12188 515 5939 5623	3 3455 12 11015 392 515 5623 18	3.7
463 129 52 392 12101	463 129 52 392 515 2919 12101 18	4.26666666666667
