1989 1990 1991 1992 21 3 1993 12 3 1389 73 3 1994 176 21 3 1995 18	48 39 385 1996 21 3 1995 6 3 1997 24 46 1998 21 3 1989 18	1
1999 21 960 2000 2001 37 39 219 68 520 1079 2002 1374 2002 115 65 238 448 2003 18	3 2004 12 1999 21 960 2000 2001 37 68 2005 3 2006 12 2007 616 519 2008 18	1
68 2009 1848 1989 1990 2010 6 2011 39 1995 37 2012 8 39 1989 18	39 1995 37 2013 63 39 1989 18	5
2014 2015 2016 245 2017 779 1558 1880 2014 30 37 39 2018 446 21 2019 2020 18	63 146 1377 2016 6 2014 729 2016 37 472 21 178 384 2021 12 2019 18	3
48 39 385 2022 21 3 1995 547 453 1997 21 3 1989 37 1998 18	39 1995 37 2013 63 39 1989 30 673 2023 2024 68 39 2025 385 18	2
2026 2027 363 39 2028 482 365 37 3 2029 2019 12 39 6 76 482 18	2026 2027 363 482 2028 39 365 37 3 2029 2019 12 482 76 39 18	3
3 2030 2031 275 39 371 2032 26 35 3 562 12 3 385 170 18	3 219 115 39 729 385 729 37 2003 29 26 3 2031 18	5
2033 6 3 135 31 135 37 3 2034 542 12 1230 115 37 2035 2036 18	2033 6 3 135 31 135 37 3 2034 542 112 1230 115 37 2036 18	5
2033 6 3 135 31 135 37 3 2034 542 112 1230 115 37 2036 18	2037 6 3 135 31 135 37 3 2034 542 112 1230 115 37 2036 18	5
61 12 3 304 2038 2039 37 2040 2041 363 273 3 2042 2043 365 18	61 12 3 304 2038 2044 37 1785 2040 2041 18	4
23 37 135 630 135 21 3 258 115 23 284 45 224 186 509 289 596 293 482 18	23 284 45 224 186 509 289 596 293 482 30 2037 37 2045 2046 2047 2048 18	3
3 2049 532 112 2050 2051 321 30 2052 63 2053 12 2054 37 1785 3 1989 1990 532 18	39 138 317 112 39 1989 1990 532 37 112 2055 30 2056 12 596 18	1
2057 68 2058 3 1997 12 3 2034 1855 2059 18	2060 3 2061 12 146 2034 1855 609 18	1
32 176 16 2062 1505 112 2063 2001 18	32 176 1479 2064 21 2063 2001 105 1429 18	1
2027 363 39 365 6 515 3 2019 115 3 1837 37 39 2065 2066 12 289 261 596 18	23 37 2067 446 68 2068 3 2019 12 61 2069 2015 821 232 76 115 39 630 2069 2070 18	1
112 2071 6 39 2072 2073 226 146 2074 37 327 1785 39 31 18	112 2071 6 39 2075 2073 12 2072 226 146 2074 37 327 1785 39 31 18	4
60 54 46 391 151 3 2076 12 407 39 2077 2022 37 45 2045 496 18	61 12 3 390 496 2078 12 316 2079 37 453 2080 68 2081 18	0
2058 1997 12 2034 1855 2059 18	2082 2061 12 146 2034 1855 18	4
23 245 375 446 21 3 2083 596 2055 508 18	23 37 446 21 596 2055 30 245 375 446 21 3 2083 596 2055 508 18	4
21 1989 1990 532 6 3 321 198 73 3 596 37 68 46 2084 176 2013 63 2053 18	3 1989 1990 532 275 1412 2085 18	1
39 385 73 1996 21 3 1995 275 39 1997 21 3 1989 12 1998 18	3 1389 21 73 3 1994 1978 21 3 1995 37 1207 21 3 1989 1990 1991 18	1
1989 1990 1991 1992 21 3 1993 12 3 1389 73 3 1994 176 21 3 1995 18	21 3 1989 1990 532 39 1995 37 2013 63 39 1989 18	1
3 2086 219 68 225 226 1999 37 63 146 2046 2087 37 39 377 12 2048 1298 18	146 2042 12 60 2088 21 2089 37 39 2090 251 18	0
48 39 385 2091 21 39 1995 6 453 1997 21 3 1989 37 45 2092 68 2093 18	39 1995 37 2013 63 39 1989 6 52 673 2023 2094 68 39 2025 385 18	2
1989 1990 1991 1992 21 3 1993 12 3 1389 73 3 1994 176 21 3 1995 18	436 3 2095 37 3 390 496 2096 73 37 446 21 3 2097 2098 18	0
39 1995 37 2013 63 39 1989 6 52 673 2023 2094 68 39 2025 385 18	3 2099 158 37 68 2100 673 1995 63 39 1989 12 2101 2102 2077 2103 18	2
2033 6 3 135 31 135 37 3 2034 542 112 1230 115 37 2036 18	779 60 6 23 37 1374 60 68 584 3 304 2104 311 18	0
39 1995 37 2013 63 39 1989 18	3 1989 1990 532 176 3 321 73 176 2013 63 2046 2105 12 262 2048 18	2
3 1997 12 39 1989 37 1998 48 39 385 1996 21 3 1995 18	39 385 73 1996 21 3 1995 275 39 1997 21 3 1989 12 1998 18	4
39 316 115 37 2106 68 8 405 2107 52 920 2095 2108 39 920 2079 2109 18	39 415 68 39 316 37 1805 63 39 938 12 1216 18	1
1412 2110 203 12 2111 227 2112 6 34 2038 63 363 385 365 2113 6 65 448 1923 18	261 203 12 2111 227 2112 6 515 2113 6 65 448 1923 18	4
39 1995 37 2013 63 39 1989 6 52 673 2023 2094 68 39 2025 385 18	3 1997 12 39 1989 37 1998 48 39 385 1996 21 3 1995 18	2
2027 363 482 365 363 2114 3 2115 2116 365 37 3 2047 515 2117 2019 12 482 18	2027 363 482 365 37 3 2047 515 2117 2019 12 482 6 30 2118 63 39 2115 2116 18	5
3 2095 37 2119 2120 6 30 23 37 414 115 3 2095 2112 2121 2122 2123 18	3 2095 29 26 3 2095 2124 30 2076 12 178 2107 115 65 2125 68 23 18	1
21 476 6 133 54 458 39 251 52 2034 2126 1374 39 2127 75 105 1429 18	21 39 2077 6 133 54 458 39 251 52 2034 2126 1374 39 2127 75 18	5
21 3 1989 1990 532 39 1995 37 2013 63 39 1989 18	39 138 317 112 39 1989 1990 532 37 112 2055 30 2056 12 596 18	1
61 12 453 2078 37 2128 2129 2130 76 2131 18	23 37 2132 446 68 2068 2129 2130 76 2131 18	5
48 39 385 2022 21 3 1995 6 3 1994 1997 21 3 1989 37 1998 18	673 2133 21 3 1989 2134 39 2110 2135 18	1
2136 6 3 1389 21 73 3 1994 1978 21 3 1995 37 1207 21 3 1989 1990 1991 18	39 385 73 1996 21 3 1995 275 39 1997 21 3 1989 12 1998 18	1
1412 2110 203 12 2111 227 2112 6 34 2038 63 363 385 365 2113 6 65 448 1923 18	405 2110 203 12 2128 227 2112 6 34 2038 63 363 385 365 2113 6 65 448 1923 18	4
68 2137 3 2016 6 133 2138 52 3 562 12 2029 2019 18	21 2019 2020 6 3 2047 30 2029 2130 12 16 2139 2072 176 1199 8 2014 729 2016 18	2
3 219 115 39 729 385 729 37 2003 29 26 3 2031 18	3 562 12 385 37 2140 26 3 2031 18	5
453 375 2031 245 21 3 2083 596 2055 508 18	23 245 446 21 3 375 62 21 3 2083 596 2055 508 18	5
23 313 82 224 186 509 289 596 293 482 6 236 23 37 135 2047 135 18	2141 146 960 50 46 2142 68 39 2143 73 37 181 2144 12 23 18	0
1023 60 6 673 2145 316 37 76 39 2146 12 2147 2148 68 453 2149 68 39 961 18	39 2150 12 3 2095 2018 2151 3 2152 12 39 2153 26 97 405 2154 3 316 2155 18	1
2033 6 3 31 37 3 304 542 112 1230 115 37 2036 18	2033 6 3 135 31 135 37 3 2034 542 12 1230 115 37 2035 2036 18	5
60 170 115 1999 37 446 151 2156 65 501 2157 30 227 216 46 463 186 3 2158 18	49 55 45 65 68 46 2159 21 39 2160 2161 18	0
227 2162 176 45 6 2141 6 2163 18	23 37 246 68 2164 30 2165 6 2141 37 2166 63 453 2162 176 45 2163 18	4
3 127 68 2063 2001 37 68 212 3 2061 12 2034 244 18	21 476 6 2063 2001 37 446 26 2167 2168 6 142 3 390 2169 1855 37 2170 18	4
151 39 1995 37 2013 63 39 1989 6 673 2023 2024 68 39 2025 385 18	673 2171 2024 68 39 2025 1994 18	3
2014 2016 37 39 2172 2173 446 68 2068 2029 2130 18	2014 729 2016 2174 3 2029 30 2117 2130 12 16 2139 2072 18	4
2175 2176 2177 68 2178 3 2179 12 3 2180 87 2181 30 87 37 2182 983 2183 18	2176 2184 178 12 271 1992 30 293 2185 983 12 3 62 87 2186 2184 3 1107 1992 18	1
2033 6 3 31 37 3 304 542 112 1230 115 37 2036 18	3 261 2018 37 3 1031 1519 2187 73 37 39 2018 115 2188 2189 30 2190 18	0
23 37 2132 446 68 2068 2129 2130 76 2131 18	23 37 2132 46 446 68 2191 2129 2130 76 2131 18	5
3 2192 1077 98 513 62 633 489 2193 2044 18	3 2018 1077 98 513 62 489 2193 2044 18	5
3 2192 1077 98 513 62 633 489 2193 2044 18	60 37 39 98 2194 2018 489 261 485 2193 2044 18	5
3 562 12 385 37 2140 26 3 2031 18	3 562 12 385 29 26 3 2031 18	5
60 170 115 1999 37 446 151 2156 65 501 2157 30 227 216 46 463 186 3 2158 18	23 37 246 68 2164 30 2165 6 2141 37 2166 63 453 2162 176 45 2163 18	0
2082 2061 12 146 2034 1855 18	317 227 2034 244 68 2195 146 2034 1855 112 3 2196 251 18	2
3 2016 37 2197 446 151 133 65 2131 30 2198 68 2191 2129 2130 18	23 37 2132 446 68 2068 2129 2130 76 2131 18	3
2199 23 37 2200 68 2201 1856 227 2078 6 63 23 37 45 2202 2203 198 2204 18	23 34 2205 39 219 68 2206 2207 68 3 135 37 39 135 1298 1856 2002 18	0
2195 146 2034 1855 198 2119 2112 18	2058 1997 12 2034 1855 2059 18	4
2199 23 37 2200 68 2201 1856 227 2078 6 63 23 37 45 2202 2203 198 2204 18	23 37 246 68 2164 30 2165 6 2141 37 2166 63 453 2162 176 45 2163 18	0
151 39 1995 37 2013 63 39 1989 6 673 2023 2024 68 39 2025 385 18	3 2099 158 37 68 2100 673 1995 63 39 1989 12 2101 2102 2077 2103 18	2
151 39 1995 37 2013 63 39 1989 6 673 2023 2024 68 39 2025 385 18	673 2023 2024 68 39 2025 385 18	3
2208 317 3 2077 68 2209 39 506 12 2210 73 2211 54 2212 68 458 39 251 18	2141 146 960 50 46 2142 68 39 2143 73 37 181 2144 12 23 18	0
2213 2214 2209 2130 21 1994 12 2215 30 2216 12 1632 18	226 3 250 62 6 2214 2209 2130 21 1994 12 2215 30 2216 12 1632 18	5
23 37 446 21 596 2056 6 596 2055 6 2217 30 2218 2219 18	23 37 446 21 596 2056 6 2217 6 2218 2219 30 596 2055 18	5
21 2019 2020 6 2014 729 2016 2174 3 2029 30 2117 2130 12 16 2139 2072 18	2014 729 2016 37 391 21 292 3 353 12 2220 1328 18	1
2221 6 2125 198 70 316 68 557 18	2222 6 2125 68 39 316 73 275 181 2125 68 557 18	1
1989 1990 1991 1992 21 3 1993 12 3 1389 73 3 1994 176 21 3 1995 18	21 1989 1990 532 6 3 321 198 73 3 596 37 68 46 2084 176 2013 63 2053 18	1
21 2160 2223 428 2063 2001 37 39 219 12 2224 2168 2225 12 2226 2162 30 2034 2126 18	2141 6 3 127 21 2063 2001 37 68 1359 3 2061 12 2034 244 18	3
48 39 385 2022 21 3 1995 6 3 1994 1997 21 3 1989 37 1998 18	1989 1990 1991 1992 21 3 1993 12 3 1389 73 3 1994 176 21 3 1995 18	1
21 1989 1990 532 6 3 321 198 73 3 596 37 68 46 2084 176 2013 63 2053 18	2136 6 3 1389 21 73 3 1994 1978 21 3 1995 37 1207 21 3 1989 1990 1991 18	1
112 2071 6 39 2075 2073 12 2072 226 146 2074 37 327 1785 39 31 18	3 2227 2042 434 46 12 39 2075 2073 12 2072 226 146 2074 18	3
1412 2110 203 12 2111 227 2112 6 34 2038 63 363 385 365 2113 6 65 448 1923 18	1412 2110 203 12 2111 227 2112 6 2228 2038 63 363 385 365 2113 6 65 448 1923 18	5
48 39 385 2091 21 39 1995 6 453 1997 21 3 1989 37 45 2092 68 2093 18	48 39 385 2022 21 3 1995 547 453 1997 21 3 1989 37 1998 18	5
39 2229 68 39 316 2230 63 39 938 12 1216 18	39 415 68 39 316 37 1805 63 39 938 12 1216 18	5
60 170 115 1999 37 446 151 2156 65 501 2157 30 227 216 46 463 186 3 2158 18	3 2062 251 37 1074 186 2231 2168 73 176 2232 30 2233 112 1355 317 18	0
390 12 227 2234 2235 146 2046 2236 2048 2135 6 73 37 446 68 2237 243 18	112 2042 6 39 31 434 2238 68 532 2110 1081 12 2239 18	0
112 2071 6 39 2075 2073 12 2072 226 146 2074 37 327 1785 39 31 18	112 2042 6 39 2073 12 2072 226 146 2074 37 327 1785 39 713 18	5
3 1997 12 39 1989 37 1998 48 39 385 1996 21 3 1995 18	673 1995 37 39 1989 142 673 2077 37 39 2023 18	1
3 2016 37 2197 446 151 133 65 2131 30 2198 68 2191 2129 2130 18	23 37 2197 446 68 2068 2129 2130 76 2131 18	4
261 138 2078 112 1989 1990 2010 176 2217 30 34 68 2079 3 2218 12 2030 321 18	21 60 2240 532 3 385 2241 2113 21 3 1995 2053 176 2242 12 2243 30 1634 2244 18	1
3 2245 71 54 46 2119 1374 2014 729 2016 18	2014 729 2016 37 391 21 292 3 353 12 2220 1328 18	1
2026 2027 363 482 2028 39 365 37 3 2029 2019 12 482 76 39 18	2027 363 39 2028 482 365 37 3 2029 2019 12 39 6 76 482 18	3
436 3 2095 37 3 390 496 2096 73 37 446 21 3 2097 2098 18	3 2095 37 39 2246 2247 446 8 2097 68 1359 73 2248 176 485 496 489 557 18	3
2249 6 3 2250 37 2251 68 3 604 12 2252 30 45 68 2097 18	2141 6 3 2250 37 2251 68 2252 604 30 45 68 2097 18	5
60 170 115 1999 37 446 151 2156 65 501 2157 30 227 216 46 463 186 3 2158 18	23 37 2037 446 68 263 2253 1856 61 960 30 243 18	0
21 3 1989 1990 532 39 1995 37 2013 63 39 1989 18	39 1995 37 2013 63 39 1989 6 30 673 2023 2024 68 39 2025 385 18	3
2027 363 482 365 37 3 2047 515 2117 2019 12 482 6 30 2118 68 2254 3 2019 18	2027 363 482 365 363 2114 3 2115 2116 365 37 3 2047 515 2117 2019 12 482 18	4
60 54 46 391 151 3 2076 12 407 39 2077 2022 37 45 2045 496 18	3 2086 219 68 225 226 1999 37 63 146 2046 2087 37 39 377 12 2048 1298 18	0
21 2019 2020 6 2014 729 2016 2174 3 2029 30 2117 2130 12 16 2139 2072 18	2014 729 2016 2174 3 2029 30 2117 2130 12 16 2139 2072 18	4
3 562 12 385 29 26 3 2031 18	3 562 12 39 385 29 26 3 2031 18	5
847 129 3 251 2110 2255 2162 18	39 251 52 2226 2162 170 115 3 250 2162 44 46 446 68 458 405 2110 2256 2168 18	2
1999 37 39 2018 12 2257 1079 2002 1374 2258 2002 18	1999 21 960 2000 2001 37 39 219 68 520 1079 2002 1374 2002 115 65 238 448 2003 18	5
236 3 250 149 2259 52 2260 30 2261 2262 2263 18	593 262 6 2260 30 2199 2262 2263 176 446 112 1994 18	3
32 37 34 2029 2019 73 37 2132 2264 21 3 219 2265 2266 68 673 261 18	3 2095 37 39 2246 2247 446 8 2097 68 1359 73 2248 176 485 496 489 557 18	0
2033 6 3 31 37 3 304 542 112 1230 115 37 2036 18	2033 6 3 135 31 135 37 3 2034 542 112 1230 115 37 2036 18	5
1999 37 39 2099 2267 21 960 2000 2001 18	1999 21 960 2000 2001 37 39 219 68 520 1079 2002 1374 2002 115 65 238 448 2003 18	3
2001 6 21 60 258 6 170 2268 146 2269 542 12 1230 18	2001 6 21 60 258 6 170 2268 146 2269 542 6 146 2247 18	4
3 1989 1990 532 275 233 2270 105 1429 18	3 1989 1990 532 275 1412 2085 18	4
1374 3 1989 1990 532 112 596 2055 2010 178 2107 30 1797 63 2271 2272 2053 18	39 138 317 112 39 1989 1990 532 37 112 2055 30 2056 12 596 18	4
61 12 3 390 2273 2039 37 2040 2041 18	61 12 3 304 2038 2039 37 2040 363 385 2274 1995 2275 365 2041 18	4
39 1995 37 2013 63 39 1989 6 52 673 2023 2094 68 39 2025 385 18	39 1995 275 1991 63 39 1989 18	3
1989 1990 1991 1992 21 3 1993 12 3 1389 73 3 1994 176 21 3 1995 18	3 1389 21 73 1994 1978 21 3 1995 37 1207 21 39 1989 1990 1991 18	4
2027 363 39 365 37 3 2019 12 3 1837 2035 39 2065 363 73 37 609 330 192 365 18	35 37 3 2019 60 1837 37 39 2065 174	2
3 2099 158 37 68 2100 673 1995 63 39 1989 12 2101 2102 2077 2103 18	48 39 385 2022 21 3 1995 6 3 1994 1997 21 3 1989 37 1998 18	1
2037 6 3 135 31 135 37 3 2034 542 112 1230 115 37 2036 18	3 135 31 135 37 3 2034 542 112 1230 115 37 2036 18	5
60 37 2276 446 21 2063 2001 18	32 176 1479 2064 21 2063 2001 105 1429 18	2
261 203 12 2111 227 2112 6 515 2113 6 65 448 1923 18	405 2110 2044 12 2128 227 2112 6 327 2038 63 363 385 365 2113 6 65 448 1923 18	4
23 37 2132 46 446 68 2191 2129 2130 76 2131 18	23 37 446 68 2191 2129 2130 76 2131 18	4
21 2019 2020 6 2014 729 2016 2174 3 2029 30 2117 2130 12 16 2139 2072 18	2014 2016 37 39 2172 2173 446 68 2068 2029 2130 18	3
2027 363 482 365 37 3 2047 515 2117 2019 12 482 6 30 2118 63 39 2115 2116 18	2027 363 482 2028 39 365 37 3 2029 2019 12 482 76 39 18	1
39 2277 2015 821 316 2079 6 37 97 2278 496 2015 23 37 26 3 2145 18	39 2150 12 3 2095 2018 2151 3 2152 12 39 2153 26 97 405 2154 3 316 2155 18	3
21 2160 2223 428 2063 2001 37 39 219 12 2224 2168 2225 12 2226 2162 30 2034 2126 18	2063 2001 37 39 160 2279 2172 2280 6 2197 2281 21 2001 6 112 2224 2282 2168 18	4
3 390 2283 37 2040 2041 18	61 12 3 390 2273 2039 37 2040 2041 18	4
60 2018 37 446 21 3 2097 2284 6 73 902 2285 2286 257 2154 68 2097 18	21 1389 68 2287 2288 6 2097 2289 1294 596 26 3 219 21 73 39 2095 37 2290 18	1
68 274 60 6 3 2291 275 68 2292 2293 30 2294 293 594 2295 12 3 31 18	2208 317 3 2077 68 2209 39 506 12 2210 73 2211 54 2212 68 458 39 251 18	0
2195 146 2034 1855 198 2119 2112 18	3 2296 551 216 46 68 2195 146 2034 1855 198 3 2119 2112 18	4
48 3 385 313 2015 2297 2298 78 3 1995 6 3 1997 21 3 1989 37 2093 18	48 39 385 2022 21 3 1995 6 3 1994 1997 21 3 1989 37 1998 18	3
60 37 39 98 2194 2018 489 261 485 2193 2044 18	3 2018 1077 98 513 62 489 2193 2044 18	4
2027 363 482 365 37 3 2047 515 2117 2019 12 482 6 30 2118 68 2254 3 2019 18	2027 363 39 365 6 515 3 2019 115 3 1837 37 39 2065 2066 12 289 261 596 18	1
1999 21 960 2000 2001 37 39 219 68 520 1079 2002 1374 2002 115 65 238 448 2003 18	1999 21 960 2000 2001 37 142 39 1079 2143 37 2299 1374 2002 73 65 2300 448 2003 18	4
49 34 2301 3 2302 30 2044 12 453 2158 18	3 1079 2002 176 1785 2303 2002 30 49 2301 3 2304 30 2302 12 3 69 2002 18	3
39 385 73 1996 21 3 1995 275 39 1997 21 3 1989 12 1998 18	39 1995 37 2013 63 39 1989 6 52 673 2023 2094 68 39 2025 385 18	2
48 39 385 2022 21 3 1995 6 3 1994 1997 21 3 1989 37 1998 18	39 385 73 1996 21 3 1995 275 39 1997 21 3 1989 12 1998 18	5
3 1389 21 73 1994 1978 21 3 1995 37 1207 21 39 1989 1990 1991 18	21 1989 1990 532 6 3 321 198 73 3 596 37 68 46 2084 176 2013 63 2053 18	1
3 1989 1990 532 275 233 2270 105 1429 18	2305 105 32 37 233 2305 12 1989 1990 532 18	5
2141 6 3 1989 1990 532 275 2270 18	3 2270 12 3 1989 1990 532 176 2033 18	4
3 2018 54 46 2306 151 510 2307 415 68 2308 21 1389 68 986 39 257 33 2095 18	2208 317 3 2077 68 2209 39 506 12 2210 73 2211 54 2212 68 458 39 251 18	0
151 39 1995 37 2013 63 39 1989 6 673 2023 2024 68 39 2025 385 18	68 2009 1848 1989 1990 2010 6 2011 39 1995 37 2012 8 39 1989 18	2
3 2099 158 37 68 2100 673 1995 63 39 1989 12 2101 2102 2077 2103 18	39 385 73 1996 21 3 1995 275 39 1997 21 3 1989 12 1998 18	1
2001 6 21 60 258 6 170 2268 146 2269 542 12 1230 18	2001 170 2268 39 542 12 1230 18	4
2097 2015 821 2309 37 115 23 2155 68 2310 3 2311 12 2286 2312 18	779 60 6 23 37 1374 60 68 584 3 304 2104 311 18	0
60 170 115 1999 37 446 151 2156 65 501 2157 30 227 216 46 463 186 3 2158 18	32 37 34 2029 2019 73 37 2132 2264 21 3 219 2265 2266 68 673 261 18	0
2014 2015 2016 245 2017 779 1558 1880 2014 30 37 39 2018 446 21 2019 2020 18	63 39 2313 2016 2014 2016 37 472 21 178 501 2021 12 2019 18	3
2063 2001 2314 2168 8 2315 3 244 12 2162 18	3 127 68 2063 2001 37 68 212 3 2061 12 2034 244 18	4
1994 176 2011 3 262 515 289 2217 1181 446 68 2316 3 2317 12 39 2051 18	21 60 2240 532 3 385 2241 2113 21 3 1995 2053 176 2242 12 2243 30 1634 2244 18	2
3 1989 1990 532 176 3 321 73 176 2013 63 2046 2105 12 262 2048 18	21 1989 1990 532 6 3 321 198 73 3 596 37 68 46 2084 176 2013 63 2053 18	2
2033 6 3 135 31 135 37 3 2034 542 12 1230 115 37 2035 2036 18	3 2086 219 68 225 226 1999 37 63 146 2046 2087 37 39 377 12 2048 1298 18	0
68 274 60 6 3 2291 275 68 2292 2293 30 2294 293 594 2295 12 3 31 18	3 2318 2035 3 513 62 2319 21 2320 68 261 2321 2044 18	0
2322 176 2323 68 2236 515 2324 623 2325 18	2322 176 2323 68 2278 2236 2015 2325 18	4
23 37 34 1785 3 2129 2019 90 23 37 2303 198 515 29 2326 3 2327 1997 12 482 18	23 37 34 1785 3 2328 2019 90 23 37 2303 198 515 29 2326 3 2327 1997 12 482 18	3
60 54 46 391 151 3 2076 12 407 39 2077 2022 37 45 2045 496 18	23 37 2067 446 68 2068 3 2019 12 61 2069 2015 821 232 76 115 39 630 2069 2070 18	0
2329 1300 960 1999 18	1999 37 61 12 3 2099 2330 12 960 2000 2001 18	1
2208 317 3 2077 68 2209 39 506 12 2210 73 2211 54 2212 68 458 39 251 18	2331 6 39 1079 960 37 38 68 2301 2332 12 2052 73 238 2238 18	0
2333 2302 30 2044 54 46 2334 330 2335 18	21 2329 178 2302 30 2044 176 2336 2333 18	1
61 12 3 304 2038 2039 37 2040 2041 6 2337 8 2338 6 2339 30 2340 18	2040 2041 37 61 12 3 390 64 2038 2039 18	3
21 3 1989 1990 532 39 1995 37 2013 63 39 1989 18	3 1989 1990 532 176 3 321 73 176 2013 63 2046 2105 12 262 2048 18	1
3 1989 1990 532 275 3 1023 2270 105 1429 18	2305 105 32 37 233 2305 12 1989 1990 532 18	3
23 37 2341 68 410 2006 2007 616 52 1294 515 181 2008 18	3 158 12 1999 37 68 2006 3 2007 616 52 1294 515 181 2008 226 178 18	3
23 37 2197 446 68 2191 2129 2130 76 2131 18	3 2016 37 2197 446 151 133 65 2131 30 2198 68 2191 2129 2130 18	4
151 289 2342 37 2343 2344 6 23 54 46 414 30 2345 68 458 243 251 18	23 245 2341 68 2346 2007 616 68 46 446 2344 52 2347 515 181 2348 18	2
3 2004 12 1999 21 960 2000 2001 37 68 2005 3 2006 12 2007 616 519 2008 18	21 960 2000 2001 1999 37 34 2349 26 1161 388 2350 18	1
15 2023 37 2351 1199 68 39 2025 385 18	673 30 15 2023 2024 68 39 2025 385 18	4
3 261 2018 37 3 1031 1519 2187 73 37 39 2018 115 2188 2189 30 2190 18	3 2086 219 68 225 226 1999 37 63 146 2046 2087 37 39 377 12 2048 1298 18	0
2027 363 39 365 6 515 3 2019 115 3 1837 37 39 2065 2066 12 289 261 596 18	2352 2353 12 2095 363 273 3 2043 2354 365 216 2355 39 2019 2356 1856 2357 30 1429 18	0
151 39 1995 37 2013 63 39 1989 6 673 2023 2024 68 39 2025 385 18	3 1997 12 39 1989 37 1998 48 39 385 1996 21 3 1995 18	1
68 274 60 6 3 2291 275 68 2292 2293 30 2294 293 594 2295 12 3 31 18	1994 176 2011 3 262 515 289 2217 1181 446 68 2316 3 2317 12 39 2051 18	0
3 1989 1990 532 176 3 321 73 176 2013 63 2046 2105 12 262 2048 18	3 2270 12 3 1989 1990 532 176 2033 18	2
3 1989 1990 532 37 61 12 227 2044 6 30 23 37 146 2049 532 18	21 1989 1990 532 6 3 321 198 73 3 596 37 68 46 2084 176 2013 63 2053 18	1
3 1989 1990 532 275 3 1023 2270 105 1429 18	3 1989 1990 532 275 233 2270 105 1429 18	5
2141 146 960 50 46 2142 68 39 2143 73 37 181 2144 12 23 18	372 8 2080 115 39 31 54 46 146 2034 542 112 3 2036 1230 18	0
3 1989 37 547 2358 12 3 2275 12 2359 2077 363 2023 365 18	3 2099 158 37 68 2100 673 1995 63 39 1989 12 2101 2102 2077 2103 18	3
2360 1994 176 593 262 6 2260 6 515 2262 2263 18	2360 1994 176 2260 6 593 262 515 2262 2263 18	5
23 284 45 224 186 509 289 596 293 482 30 2037 37 2045 2046 2047 2048 18	23 313 82 224 186 509 289 596 293 482 6 236 23 37 135 2047 135 18	5
3 2095 29 26 3 2095 2124 30 2076 12 178 2107 115 65 2125 68 23 18	12 39 2361 316 37 2362 421 2326 3 2363 12 2364 2125 63 64 63 3 2095 174	3
2195 146 2034 1855 198 2119 2112 18	317 227 2034 244 68 2195 146 2034 1855 112 3 2196 251 18	4
593 262 6 2260 30 2199 2262 2263 176 446 112 1994 18	3 2076 12 2365 262 21 3 2366 2367 3 2368 6 48 262 176 446 112 3 1994 18	3
3 1989 1990 532 275 1412 2085 18	39 1995 275 1991 63 39 1989 18	1
15 2023 37 2351 1199 68 39 2025 385 18	39 1995 37 2013 63 39 1989 6 52 673 2023 2094 68 39 2025 385 18	4
60 170 115 1999 37 446 151 2156 65 501 2157 30 227 216 46 463 186 3 2158 18	2199 23 37 2200 68 2201 1856 227 2078 6 63 23 37 45 2202 2203 198 2204 18	0
60 37 2276 446 21 2063 2001 18	3 127 68 2063 2001 37 68 212 3 2061 12 2034 244 18	2
3 158 12 1999 37 68 2006 3 2007 616 52 1294 515 181 2008 226 178 18	3 158 12 1999 21 2369 2370 68 3 2371 12 1079 2002 52 3 238 2007 2002 18	3
3 2004 12 1999 21 960 2000 2001 37 68 2005 3 2006 12 2007 616 519 2008 18	2141 6 3 127 21 2063 2001 37 68 1359 3 2061 12 2034 244 18	1
39 1995 37 2013 63 39 1989 30 673 2023 2024 68 39 2025 385 18	151 39 1995 37 2013 63 39 1989 6 673 2023 2024 68 39 2025 385 18	5
23 37 472 21 178 501 2021 12 2019 18	63 146 1377 2016 6 2014 729 2016 37 472 21 178 384 2021 12 2019 18	3
3 1389 21 73 3 1994 1978 21 3 1995 37 1207 21 3 1989 1990 1991 18	48 3 385 313 2015 2297 2298 78 3 1995 6 3 1997 21 3 1989 37 2093 18	1
436 23 37 39 2313 2016 6 2014 729 2016 1239 21 178 2283 2021 12 2019 18	63 39 2313 2016 6 2014 729 2016 37 472 21 178 501 2021 12 2019 18	5
3 2192 1077 98 513 62 633 489 2193 2044 18	3 2018 37 485 2372 489 2193 2044 18	5
3 390 2283 37 2040 2041 18	61 12 3 304 2038 2039 37 2040 363 385 2274 1995 2275 365 2041 18	4
60 170 115 1999 37 446 151 2156 65 501 2157 30 227 216 46 463 186 3 2158 18	60 54 46 391 151 3 2076 12 407 39 2077 2022 37 45 2045 496 18	0
3 1997 12 39 1989 37 1998 48 39 385 1996 21 3 1995 18	48 3 385 313 2015 2297 2298 78 3 1995 6 3 1997 21 3 1989 37 2093 18	3
3 1997 12 39 1989 37 1998 48 39 385 1996 21 3 1995 18	3 1389 21 73 3 1994 1978 21 3 1995 37 1207 21 3 1989 1990 1991 18	1
3 219 115 39 729 385 729 37 2003 29 26 3 2031 18	3 2086 219 68 225 226 1999 37 63 146 2046 2087 37 39 377 12 2048 1298 18	0
3 2373 2374 2375 2316 3 2055 2089 12 39 2361 596 2055 508 18	23 37 446 21 596 2055 30 245 375 446 21 3 2083 596 2055 508 18	1
2360 1994 176 2260 6 593 262 515 2262 2263 18	593 262 6 2260 30 2199 2262 2263 176 446 112 1994 18	5
3 1989 1990 532 37 61 12 227 2044 6 30 23 37 146 2049 532 18	3 1989 1990 532 275 3 1023 2270 105 1429 18	1
2037 6 3 135 31 135 37 3 2034 542 112 1230 115 37 2036 18	436 3 2095 37 3 390 496 2096 73 37 446 21 3 2097 2098 18	0
2026 2027 363 39 2028 482 365 37 3 2029 2019 12 39 6 76 482 18	2027 363 482 365 363 2114 3 2115 2116 365 37 3 2047 515 2117 2019 12 482 18	1
2195 146 2034 1855 198 2119 2112 18	2376 3 2034 1855 12 227 2119 2112	5
3 2016 37 2197 446 151 133 65 2131 30 2198 68 2191 2129 2130 18	23 37 2132 46 446 68 2191 2129 2130 76 2131 18	4
2060 3 2061 12 146 2034 1855 609 18	317 227 2034 244 68 2195 146 2034 1855 112 3 2196 251 18	1
3 1989 1990 532 37 61 12 227 2044 6 30 23 37 146 2049 532 18	3 1989 1990 532 275 1412 2085 18	1
48 3 385 313 2015 2297 2298 78 3 1995 6 3 1997 21 3 1989 37 2093 18	2136 6 3 1389 21 73 3 1994 1978 21 3 1995 37 1207 21 3 1989 1990 1991 18	1
151 39 1995 37 2013 63 39 1989 6 673 2023 2024 68 39 2025 385 18	21 3 1989 1990 532 39 1995 37 2013 63 39 1989 18	3
2226 2162 170 115 3 250 2162 176 446 68 458 405 2110 2256 2168 18	39 251 52 2226 2162 170 115 3 250 2162 44 46 446 68 458 405 2110 2256 2168 18	4
3 2030 2031 275 39 371 2032 26 35 3 562 12 3 385 170 18	1994 176 2011 3 262 515 289 2217 1181 446 68 2316 3 2317 12 39 2051 18	2
3 2030 2031 275 39 371 2032 26 35 3 562 12 3 385 170 18	3 562 12 385 37 2140 26 3 2031 18	4
1999 37 146 496 2377 21 960 2378 2001 18	3 2004 12 1999 21 960 2000 2001 37 68 2005 3 2006 12 2007 616 519 2008 18	3
21 2019 2020 6 3 2047 30 2029 2130 12 16 2139 2072 176 1199 8 2014 729 2016 18	2014 729 2016 37 39 2016 12 2019 2020 2379 2380 8 3 2381 1880 2014 18	1
519 39 2382 12 2383 6 598 146 2247 37 2384 68 1326 18	2141 146 960 50 46 2142 68 39 2143 73 37 181 2144 12 23 18	0
236 21 2385 23 37 39 2386 2387 1856 2248 18	23 37 2388 39 2386 2389 18	3
1412 2110 203 12 2111 227 2112 6 2228 2038 63 363 385 365 2113 6 65 448 1923 18	1412 2110 203 65 448 1923 12 2128 227 2112 363 34 2038 63 385 2113 365 18	5
3 261 2018 37 3 1031 1519 2187 73 37 39 2018 115 2188 2189 30 2190 18	436 3 2095 37 3 390 496 2096 73 37 446 21 3 2097 2098 18	0
3 1389 21 73 1994 1978 21 3 1995 37 1207 21 39 1989 1990 1991 18	48 39 385 1996 21 3 1995 6 3 1997 24 46 1998 21 3 1989 18	1
3 2018 1077 98 513 62 489 2193 2044 18	30 2033 3 2018 1077 98 513 62 489 485 2193 2044 18	4
1999 37 61 12 3 2099 2330 12 960 2000 2001 18	21 960 2000 2001 1999 37 34 2349 26 1161 388 2350 18	1
63 39 2313 2016 6 2014 729 2016 37 472 21 178 501 2021 12 2019 18	2014 2016 54 46 446 68 2191 3 2019 115 39 2337 2390 37 2245 18	2
2033 6 3 31 37 3 304 542 112 1230 115 37 2036 18	779 60 6 23 37 1374 60 68 584 3 304 2104 311 18	0
3 2099 158 37 68 2100 673 1995 63 39 1989 12 2101 2102 2077 2103 18	21 3 1989 1990 532 39 1995 37 2013 63 39 1989 18	3
960 2000 2001 37 39 2391 12 2001 115 2392 2393 6 1999 6 30 2394 18	1999 37 39 2099 2267 21 960 2000 2001 18	3
3 1989 1990 532 275 233 2270 105 1429 18	3 2270 12 3 1989 1990 532 176 2033 18	3
23 37 2067 446 68 2068 3 2019 12 61 2069 2015 821 232 76 115 39 630 2069 2070 18	23 37 34 1785 3 2129 2019 90 23 37 2303 198 515 29 2326 3 2327 1997 12 482 18	2
3 2016 37 2197 446 151 133 65 2131 30 2198 68 2191 2129 2130 18	2014 2016 54 46 446 68 2191 3 2019 115 39 2337 2390 37 2245 18	3
60 54 46 391 151 3 2076 12 407 39 2077 2022 37 45 2045 496 18	23 275 181 1298 68 2160 2001 428 2331 23 37 39 75 12 2268 39 2395 2247 18	0
21 2019 2020 6 2014 729 2016 2174 3 2029 30 2117 2130 12 16 2139 2072 18	21 2019 2020 6 3 2047 30 2029 2130 12 16 2139 2072 176 1199 8 2014 729 2016 18	4
61 12 3 304 2038 2039 37 2040 2041 363 273 3 2042 2043 365 18	61 12 3 304 2038 2039 37 2040 2041 6 2337 8 2338 6 2339 30 2340 18	3
23 37 2037 446 68 263 2253 1856 61 960 30 243 18	23 34 2205 39 219 68 2206 2207 68 3 135 37 39 135 1298 1856 2002 18	3
547 6 1374 60 6 3 304 2104 311 54 46 414 6 2396 2397 3 2063 2001 2398 18	3 1848 1519 146 1999 5 42 108 6 3 485 2241 3 2002 2399 18	0
151 39 1995 37 2013 63 39 1989 6 673 2023 2024 68 39 2025 385 18	39 1995 275 1991 63 39 1989 18	3
68 274 60 6 3 2291 275 68 2292 2293 30 2294 293 594 2295 12 3 31 18	23 37 246 68 2164 30 2165 6 2141 37 2166 63 453 2162 176 45 2163 18	0
3 1848 1519 146 1999 5 42 108 6 3 485 2241 3 2002 2399 18	3 2030 2031 275 39 371 2032 26 35 3 562 12 3 385 170 18	0
3 2049 532 112 2050 2051 321 30 2052 63 2053 12 2054 37 1785 3 1989 1990 532 18	3 2270 12 3 1989 1990 532 176 2033 18	2
21 476 6 2063 2001 37 446 26 2167 2168 6 142 3 390 2169 1855 37 2170 18	2141 6 3 127 21 2063 2001 37 68 1359 3 2061 12 2034 244 18	5
23 37 446 21 596 2056 6 596 2055 6 2217 30 2218 2219 18	39 138 317 112 39 1989 1990 532 37 112 2055 30 2056 12 596 18	2
3 2086 219 68 225 226 1999 37 63 146 2046 2087 37 39 377 12 2048 1298 18	23 34 2205 39 219 68 2206 2207 68 3 135 37 39 135 1298 1856 2002 18	0
60 170 115 1999 37 446 151 2156 65 501 2157 30 227 216 46 463 186 3 2158 18	23 37 135 2047 135 21 3 258 115 23 284 45 224 186 509 289 596 293 482 18	0
60 170 115 1999 37 446 151 2156 65 501 2157 30 227 216 46 463 186 3 2158 18	3 2018 54 46 2306 151 510 2307 415 68 2308 21 1389 68 986 39 257 33 2095 18	0
