135 23 216 46 39 351 68 2400 395 18	135 23 216 46 39 351 68 3 2400 18	3
3 2401 12 2402 37 131 2403 30 37 1228 6 21 390 1784 6 68 2404 2405 18	3 71 37 502 6 32 37 39 2406 12 2407 18	0
3 2408 115 2097 37 39 69 112 2409 1564 54 145 39 157 2410 2411 112 3 141 2412 12 2413 18 3 2273 2414 8 2415 2416 6 2417 52 2418 2419 2420 6 2421 3 1355 21 73 39 1130 434 46 2422 523 2423 1564 198 2097 18	3 2408 115 2097 37 39 2409 1564 54 145 39 157 2410 2411 112 3 141 2412 12 2413 18 3 2414 2415 2416 12 3 2273 6 2424 52 2425 2426 6 2427 3 1355 21 73 39 1130 434 46 2422 236 2428 523 2423 1564 198 2097 18	5
30 2429 133 24 2430 68 1142 2431 485 2432 489 3 2433 12 2434 18	30 2429 133 1677 68 1142 485 2432 489 21 3 2433 12 2434 18	2
112 2435 1254 1503 6 3 1990 2436 135 2437 135 2438 21 3 283 18	112 2435 1254 1503 6 3 1990 2439 135 2437 135 275 448 2440 21 1990 18	3
3 2441 2442 2443 2444 6 226 3 279 12 3 2445 12 2446 2447 150 2448 2449 6 275 2450 39 683 26 3 1389 12 3 2441 275 2451 2452 2453 6 112 39 2454 12 1479 2455 2456 18	3 2441 2442 2443 2444 6 226 3 279 12 3 2445 12 2446 2447 150 2448 2449 6 38 39 683 26 3 1389 12 3 2441 2452 39 2451 2453 6 112 39 2454 12 1479 2455 2456 18	5
52 3 829 12 3 2457 888 2458 2459 16 2460 2461 6 3 2462 12 2463 1856 2464 275 2344 2465 2116 2466 6 3 2464 115 65 2467 623 2468 18	52 3 829 12 3 2457 888 2458 2459 16 2460 2461 6 3 2462 12 2463 1856 2464 275 2344 448 2469 2466 6 3 2464 2470 2467 623 2468 18	4
23 37 2471 6 0 225 2472 68 2473 18	23 37 2471 6 0 225 2472 68 623 1303 18	2
2474 2475 30 2392 3 1142 68 3 2476 12 676 1217 2477 18	3 22 676 1217 2477 2478 37 2479 12 1665 21 3 2480 18	2
2481 6 48 256 2482 12 2483 2484 505 18	135 90 23 2484 505 6 135	1
3 2485 150 1679 2399 118 2344	3 2485 6 2207 1679 2399 2486	2
133 1366 46 2487 2488 135 6 2489 2490 2491 211 2492 115 26 1031 12 1244 12 2493 6 2494 1366 34 2235 146 2495 2493 18	133 1366 46 2487 2488 135 6 2496 3 2490 2491 211 2497 115 1244 12 2493 6 2494 1366 34 2235 146 2495 2493 18	5
60 459 82 2202 161 6 56 48 49 55 122 42 23 216 46 167 48 49 2498 42 361 363 2499 3 2500 2501 112 3 2502 365	60 37 45 1107 56 48 49 55 42 122 115 216 46 167 48 49 145 42 289 363 2499 3 2500 2503 2504 365 18	3
3 2505 2506 198 557 8 271 605 2507 6 8 271 2508 225 6 52 271 2509 2510 30 8 3 2511 2512 363 2513 2514 365 115 3 390 2515 2516 65 26 3 2517 18	3 2505 729 821 2506 198 3 261 8 271 2507 605 6 8 271 2518 2519 6 52 453 2509 2510 30 8 3 2511 2512 363 2513 2514 365 115 3 2520 12 1961 65 3 390 2515 21 3 2517 18	4
178 29 26 23 6 135 87 84 18	178 2521 52 23 6 135 87 84 18	3
3 2522 21 178 3 2523 12 3 1223 12 3 1245 37 552 522 52 3 2524 2525 18	3 2522 21 178 3 2523 12 3 1223 12 3 1245 37 522 52 3 2524 2525 18	5
23 245 3 2526 1993 12 2527 21 3 1990 12 39 854 21 331 18	226 3 250 62 6 21 2434 6 133 248 1848 2382 12 3 1634 383 12 3 932 18	1
133 65 238 2528 3 2480 293 115 2529 1412 407 52 178 3 2530 2531 2402 18	3 251 37 115 3 2532 1144 12 178 2530 2531 2402 2533 598 39 2534 18	1
56 76 3 2535 12 2531 2402 115 176 6 3 2536 12 3 2530 2537 37 2538 18	26 3 2539 6 3 2531 2402 95 68 2540 115 3 2530 1495 37 2541 2542 18	2
3 2543 65 2544 39 1292 26 2545 700 2546 779 87 248 2547 68 3 2548 511 65 2 2549 6 453 2550 68 156 68 642 198 933 18	3 2551 65 2544 39 1292 12 700 2546 26 2545 779 87 248 2547 68 3 2548 511 248 214 2 2549 6 12 271 2550 68 156 68 642 2552 933 18	3
49 229 236 98 293 23 6 0 55 72 6 405 183 176 45 2471 18	56 0 55 45 72 97 68 1766 23 18	1
3 2553 6 2141 6 1366 45 46 47 226 2554 6 56 21 2555 18	21 2556 6 23 24 46 2557 68 575 3 726 12 3 2558 2559 6 73 44 2560 18	1
3 2561 12 2562 39 1978 16 68 601 2460 779 3 2319 12 2563 2564 6 21 476 6 2565 8 39 161 1144 476 6 12 2566 6 2567 2568 30 2569 18	3 2561 12 2562 39 1978 16 68 601 2460 779 3 2319 12 2564 2563 6 21 476 6 2565 8 476 161 2570 6 2566 6 2567 2568 30 2569 18	5
60 2571 245 2547 8 3 2572 2573 2574 6 511 275 2575 52 214 21 729 2576 12 2577 135 6 30 2578 3 2579 12 1137 2580 6 30 2581 21 476 6 2582 52 3 2583 158 115 2584 37 181 2262 21 3 789 18	60 2571 37 3 2572 2573 2574 6 511 275 2575 52 214 21 729 2576 12 2577 135 6 30 2578 3 2579 12 1137 2580 6 30 2581 6 2582 52 3 158 2583 115 2584 37 181 2262 21 3 789 18	5
3 2476 12 3 2585 2070 67 151 3 2065 3 390 2273 12 2586 248 2587 453 2588 18	3 2476 12 3 2585 2070 67 151 3 390 2273 2065 12 2586 248 2587 395 2588 18	4
52 39 110 2589 6 3 2590 275 155 3 250 225 18	275 110 2589 6 3 2590 275 155 3 250 2591 18	3
60 37 35 133 104 24 2592 21 485 1885 18	60 37 35 133 104 37 3 390 2593 198 3 551 12 2594 12 1885 18	2
52 60 41 2595 284 45 2596 68 1341 289 2597 18	52 60 41 2595 284 45 2596 39 2598 18	3
35 157 68 2599 3 2600 12 598 39 2601 174	35 157 547 68 2599 3 2600 12 598 39 2601 174	5
2602 150 3 1314 21 3 2603	3 1314 24 46 2604 21 2605 2606 21 3 2603 18	2
60 2607 216 46 2608 115 2609 851 764 2610 18	60 2607 216 46 2608 115 2036 8 851 764 2610 18	5
3 2611 729 42 55 45 184 135 37 2612 21 2613 26 3 2614 2615 18	3 2611 135 42 55 45 104 135 37 2616 21 1417 2617 26 3 2614 2615 18	2
26 3 2618 2482 6 2619 2620 112 2042 2621 115 3 2622 2623 198 2624 2625 176 2626 21 3 2627 12 3 2628 2629 12 3 2630 30 3 2631 12 3 2632 6 95 2633 2634 511 2635 485 26 3 67 3 2631 12 3 2632 18	3 2618 6 2619 2620 112 2042 393 115 3 2622 198 2624 2625 176 2626 21 3 2627 12 3 974 2629 12 3 2630 30 2631 12 3 2632 6 95 2633 2634 2141 6 73 2635 485 26 3 2632 2636 18	3
26 3 2637 12 3 530 49 24 212 178 3 596 293 3 2638 12 623 1995 18	115 37 6 26 3 2637 12 3 2639 6 115 24 1367 3 596 293 3 2638 12 623 1995 18	4
3 2454 2640 21 3 2641 2161 2642 26 3 2643 2116 317 12 2641 21 422 18	3 2644 2454 21 2641 2645 26 3 317 2643 2116 12 2641 21 3 1684 18	3
3 2646 2647 21 60 409 6 245 1956 2648 60 2649 21 61 12 3 2650 12 2433 2651 112 173 68 2652 33 2653 18	3 2646 21 60 409 6 245 1956 2648 60 2649 21 61 12 3 2650 2651 112 173 12 2652 226 2653 18	5
3 390 2654 880 21 2655	3 2598 3 390 2654 2655	2
2656 133 176 2657 6 21 1405 133 748 6 21 736 133 24 117 3 2658 18	2656 133 176 2657 21 1405 133 748 6 21 736 133 2659 3 2658 18	4
511 54 390 54 229 3 612 18	45 405 18	0
3 756 284 45 2235 112 2660 12 691 21 2594 12 3 1992 18 23 37 2661 633 68 108 453 2662 26 3 79 112 996 2663 68 3 2664 18	3 756 284 45 2235 112 2660 12 691 21 2594 12 3 1992 18 23 37 2661 633 68 108 271 2662 26 3 79 112 996 2663 68 3 2664 18	5
2665 2666	45 21 2667	0
3 1444 12 3 2668 2669 146 496 2670 6 436 23 37 332 68 273 21 178 2671 6 21 146 2672 12 2673 2216 18	3 1444 68 2295 12 3 2668 2669 146 496 2670 6 436 23 37 332 68 273 21 178 2671 6 21 39 2673 2216 18	5
24 23 46 39 2674 519 39 1369 1076 18	24 23 46 39 2674 1076 519 1369 18	3
32 176 181 2675 2676 105 133 176 452 293 2677 2678 510 511 117 623 219 2423 3 930 30 2679 260 21 2680 12 2681 2682 12 2683 216 65 2684 1206 198 718 60 2685 18	32 37 181 2675 2676 428 133 618 293 2677 2678 511 176 2 219 2423 3 930 30 829 21 3 2686 68 2687 6 1423 2682 12 2683 216 1861 1206 68 718 60 2685 18	4
1441 2584 245 61 12 139 18 135	1441 2584 3 2688	1
2141 6 0 55 45 104 236 18	56 0 55 45 72 97 68 1766 23 18	0
135 107 6 133 65 39 2689 251 18	135 133 65 38 466 1665 18	0
3 2500 2690 176 472 198 2691 45 523 21 3 1417 6 56 34 21 3 2692 283 12 3 1853 18	3 2500 2690 176 472 198 2691 45 523 21 3 1417 6 56 34 21 3 2692 2627 12 3 1853 18	5
46 2693 12 2694 6 2695 30 2696 2697 18	2698 68 3 2699 2695 2697 6 30 2700 18	1
515 2701 12 845 12 2702 18	515 2701 12 2703 515 2702 18	2
49 65 45 448 115 2148 68 3 756 18	48 2704 12 3 756 176 21 719 23 37 90 49 65 448 2705 6 45 1114 18	1
112 139 6 49 176 2706 150 2707 3 1495 68 2708 6 323 2709 2710 68 2711 18	112 227 49 2712 2713 2706 198 3 1495 226 2708 6 323 3 2714 2710 226 2711 18	3
3 2454 2607 12 1241 68 3 508 83 46 1074 186 16 2715 18	3 2454 2607 68 3 1241 12 3 508 83 46 1074 186 16 2715 18	5
68 2716 115 181 61 216 72 6 1602 2717 2707 2718 198 3 2719 477 457 2720 2721 2722 68 3 2723 18	68 2716 115 23 284 45 72 6 1602 2707 2717 2718 12 2719 477 457 2720 65 448 2722 68 3 2724 18	3
3 2475 2033 2725 68 1216 676 1217 2477 33 1142 68 3 2476 18	2474 2475 30 2392 3 1142 68 3 2476 12 676 1217 2477 18	1
3 75 1366 2726 21 3 2727 12 146 1444 18	3 75 1366 46 1265 21 39 2728 18	5
52 39 2729 30 502 2044 6 2730 2731 1331 1031 12 3 1650 2732 18	52 39 2729 30 502 2044 6 3 2730 2731 1069 375 12 3 1650 18	5
3 2733 12 3 2734 95 2735 2736 2737 6 2738 2739 6 2740 2741 6 2742 2743 6 2736 2744 6 2619 2745 6 2746 2747 6 2748 557 6 176 314 12 3 2749 38 198 1064 2750 2751 2752 18	3 2733 12 3 2753 2754 12 2734 63 2735 2736 2737 6 2738 2739 6 2740 2741 6 2742 2743 6 2736 2744 6 2619 2745 6 2746 2747 6 2748 557 6 176 314 12 3 2749 38 198 1064 2750 2751 2752 18	4
181 6 2755 0 255 1085 56 0 65 2756 372 16 1503 18	181 6 45 2757 6 0 255 1085 56 0 65 2756 372 583 16 1503 18	3
236 405 261 1441 2584 65 2758 68 331 18	1441 2584 245 314 12 115 18 135	1
23 188 68 46 2759 115 23 37 167 68 189 39 2760 18	23 37 468 68 229 6 48 598 39 2267 216 46 2384 68 77 226 1306 18	0
42 2761 21 1820 12 510 6 12 2762 115 327 42 55 45 72 515 176 42 67 39 110 2763 68 117 139 39 2764 18	42 212 2765 21 1820 12 510 6 12 2762 115 327 42 55 45 72 515 145 42 67 39 110 2763 68 2764 139 18	4
32 245 2766 2767 56 68 2768 3 1955 135 6 151 2769 6 135 60 2770 135 2771 18	32 37 2766 2767 68 2768 3 1955 729 6 151 2769 6 135 60 2770 135 2771 18	5
3 845 2772 65 2773 2418 146 896 21 146 2724 2774 6 2775 6 65 2718 2776 2777 21 1479 314 68 885 6 323 2778 3 564 973 543 6 37 3 61 68 543 485 476 18	3 2772 2773 2418 146 896 21 146 2724 2779 6 2780 73 49 2718 2776 2781 21 1479 314 2555 6 323 2778 2782 3 973 2783 6 515 3 485 476 61 18	4
135 510 2721 155 2784 68 273 2785 135 87 2323 18	135 0 255 236 2784 6 135 87 2323 68 2786 18	0
23 37 468 68 229 6 48 598 39 2267 216 46 2384 68 2787 226 1306 18	112 505 6 23 245 2759 115 0 248 68 46 2788 39 854 18	0
3 2789 2323 115 226 2790 1427 6 2791 135 421 26 2792 26 3 2793 6 2794 39 94 12 2795 6 2661 68 108 109 12 3 721 2796 6 30 270 2797 1412 407 6 2798 2799 26 271 2800 135 18	3 2789 2323 115 226 2790 1427 6 2791 135 2801 534 26 2793 6 2794 39 94 12 2795 6 2661 68 2285 109 12 3 2796 6 30 270 2797 1412 407 428 2798 245 1291 52 395 2800 135 18	4
2802 12 39 2803 135 73 2528 68 1507 135	2802 12 39 2804 135 73 2528 68 1507 135	3
3 2805 6 2757 2806 6 37 21 60 2807 6 30 45 2808 18	2805 6 2757 2806 6 23 37 6 21 60 2071 6 30 45 2808 18	3
60 517 37 61 12 3 405 2809 115 395 18	60 37 61 12 3 405 2809 544 395 18	4
3 726 12 2810 518 1802 2546 6 198 3 748 12 2811 60 2559 2812 3 748 12 1405 18	3 726 12 2810 518 1802 2546 68 3 748 12 2811 60 2559 734 3 748 12 1405 18	5
68 2813 3 2814 12 3 1444 6 2815 65 463 2816 3 158 12 39 2817 2818 18	2819 12 73 6 357 68 3 2401 12 3 2820 30 2821 6 76 3 2764 2240 18	0
2822 105 653 2823 6 2824 2825 2826 39 2827 18	2822 105 653 2823 6 2824 2825 2826 21 2827 18	5
60 2558 75 1366 2828 35 3 2668 284 68 1764 261 2829 18	60 2558 75 1366 2828 35 3 2668 266 68 1764 3 261 2829 18	5
49 176 6 2261 6 1103 12 3 2830 920 1884 12 2831 6 2832 30 2833 3 2531 2834 18	49 176 6 2261 6 1103 12 3 1884 12 2831 6 2832 30 2835 3 2531 2834 6 2830 920 18	5
151 3 1332 245 2836 6 61 216 65 2837 39 2838 2839 2665 18	151 3 1332 245 2836 6 39 2471 45 2839 18	2
151 133 24 45 46 3 390 2432	151 133 24 181 2262 46 3 390 2432 634	3
135 0 2840 68 2841 395 90 0 104 23 37 227 1156 511 65 248 146 2842 2032 21 623 62 30 552 181 61 2843 30 2844 623 77 6 135 84 2845 18	135 0 2840 68 3 2285 90 0 104 23 37 227 1156 511 65 146 2842 2032 21 623 62 30 552 181 61 2843 30 2844 271 77 6 135 84 2845 18	3
49 229 236 98 293 87 6 0 72 6 405 183 176 45 2471 18	2141 6 0 55 45 104 236 18	2
2846 6 2847 12 2848 2721 2849 2850 12 3 2851 18	2846 6 2847 12 2848 176 2849 2850 12 3 2851 2852 18	3
547 6 151 0 2853 39 2854 6 0 245 2661 68 224 512 12 9 219 68 575 18	112 505 6 23 245 2759 115 0 248 68 46 2788 39 854 18	0
547 6 151 0 2853 39 2854 6 0 245 2661 68 224 512 12 9 219 68 575 18	135 2141 6 2554 0 65 3 2855 115 60 37 39 272 226 417 6 0 2856 18	0
3 2857 721 2858 3 1042 12 39 2859	3 2857 721 2860 12 2861 2862	1
3 2863 12 2864 275 238 2801 2865 1187 129 68 3 1550 12 3 1853 18	3 2863 12 2864 275 238 2866 2865 1187 129 68 3 1550 12 3 1853 18	5
2652 37 256 6 453 2867 508 37 496 56 34 453 2868 18	2652 37 256 6 453 2867 508 37 2869 2152 56 34 453 2868 18	1
2870 226 3 126 12 2871 2872	2873 2870 37 1310 68 3 2874 8 2871 18	2
3 2875 2876 1677 68 2877 68 189 623 2878 2879 2880 68 2726 6 30 23 37 416 68 212 39 2881 1856 2882 30 2883 21 3 2884 18	3 886 2876 1677 68 2877 68 189 623 2885 2878 198 2531 2886 6 30 23 37 416 68 212 39 2881 1856 2882 30 2883 2780 3 2884 18	4
133 54 6 12 2486 6 117 2887 469 26 3 240 2888 6 56 1294 572 2889 72 156 519 2890 6 76 3 2171 2891 2888 2892 446 21 2531 18	133 54 6 12 2486 6 949 2887 469 2893 3 2888 572 6 56 110 572 2889 72 97 68 276 52 139 6 76 3 2891 2171 12 2888 2892 446 21 2531 18	2
133 2894 42 26 97 68 117 39 2401 18	2895 6 97 42 2896	0
3 2897 2898 275 2899 463 2472 271 2900 222 21 2901 992 6 323 2902 3 135 2903 135 12 271 2904 21 227 2905 115 2721 226 3 1112 12 60 375 2387 18	3 2906 2898 275 2899 463 2472 453 2900 222 21 2901 992 6 323 2902 3 135 2193 135 12 271 2904 26 227 1466 115 2721 226 3 1112 12 60 375 2387 18	5
42 24 274 2766 6 90 21 2907 6 87 37 45 2908 2909 68 2910 271 2911 18	42 24 274 2766 6 90 21 2907 6 23 37 45 2909 68 569 271 583 18	4
3 2912 2913 2914 6 2915 6 2916 6 2917 6 2918 21 2919 129 32 2177 505 363 2920 8 2921 365 6 515 2922 2923 6 39 2670 2341 112 2924 2925 6 2926 779 271 769 6 73 28 2927 2584 21 2928 18	60 2912 2913 2914 6 2929 6 2916 6 2917 6 2918 21 2919 129 32 2177 2930 363 2920 8 2921 365 6 2922 2923 6 39 2670 112 2924 2925 6 2926 779 271 769 6 73 2927 28 2584 21 2928 18	5
3 2931 37 2932 8 2933 2934 30 2935 2936 18	3 2931 37 2937 8 2933 2934 30 2935 2936 18	3
49 2938 79 60 6 2261 6 30 0 1983 42 146 2042 18	49 2938 79 60 6 30 0 1367 42 146 2042 18	5
112 405 6 3 2062 2318 12 2531 2939 115 2940 2887 37 623 1518 18	112 405 6 3 2062 2318 12 2531 2887 37 623 1518 18	3
2941 2942 248 266 60 1910 700 12 3 2943 21 3 1320 283 1856 2944 6 2945 30 659 6 30 248 819 16 12 139 18	2941 2942 248 706 700 12 3 2943 60 1910 21 3 1320 283 1856 2944 6 2945 30 659 6 30 248 819 16 12 139 18	4
2946 779 6 3 2789 6 511 2947 248 45 2948 3 2572 2949 2791 2950 21 3 2951 12 3 2585 30 108 109 12 395 721 18	2946 779 6 3 2789 6 511 2947 248 45 2948 3 2572 275 76 115 2791 275 448 819 21 3 2951 12 3 2585 30 37 109 12 271 2952 18	3
3 2580 12 3 2953 30 2954 133 2955 30 133 2956 98 112 2957 2958 18	3 2580 12 3 2953 30 2954 2484 22 30 98 12 2957 77 37 2959 8 23 18	2
135 0 65 2960 6 0 55 45 74 68 224 417 135 18	135 2141 6 2554 0 65 3 2855 115 60 37 39 272 226 417 6 0 2856 18	1
133 55 45 65 68 225 106 237 68 212 2961 18	133 55 45 65 68 156 225 106 237 68 212 2961 18	5
56 3 2962 2729 2963 245 45 332 68 2964 271 2965 447 30 245 46 2966 68 335 68 3 2967 2650 39 2968 2763 2352 30 2969 271 457 2970 52 61 1130 513 18	56 3 2971 2962 24 45 46 332 68 2964 271 2965 447 30 24 46 2966 68 335 68 3 2967 2650 39 2968 2763 2352 30 2969 453 2972 21 2973 2974 18	3
23 37 167 112 60 219 6 63 49 24 318 79 623 2975 18	23 37 167 112 2042 6 49 24 318 79 1007 18	2
42 176 35 42 2976 293 2765 18	42 176 35 42 2977 2978 68 2979	3
3 2980 2981 37 2982 6 23 37 523 1576 3 1076 115 2664 65 2399 485 2909 6 485 2983 30 485 2984 18	3 2980 2981 37 2982 6 523 1076 115 2664 65 2399 485 2909 6 485 2983 30 485 2984 18	4
2652 37 2985 39 2333 363 273 365	2652 37 2985 39 2986 363 2333 365	3
3 261 481 150 3 604 12 1191 6 2987 6 1353 34 68 46 2988 21 39 1079 2989 18	3 261 2990 3 604 12 1191 6 2987 6 30 23 34 6 21 3 961 112 39 1079 2991 18	1
3 690 2548 2992 214 226 163 2549 6 30 21 3 748 6 87 1106 68 950 951 18	3 2548 2993 3 2994 3 163 2549 6 30 21 3 748 6 23 109 950 951 18	2
3 2995 229 39 2996 318 21 453 2997 6 198 3 2408 115 3 2998 2999 3000 1905 293 3 3001 1314 18	3 2995 229 115 23 37 39 2996 318 21 453 2997 6 198 3 2408 115 2998 2999 284 45 3002 1905 293 453 3001 1314 18	5
3 3003 37 1563 112 3 62 6 519 28 3004 23 6 151 2097 24 3005 453 2471 383 18	3 3003 3006 6 519 28 37 21 3004 6 151 2097 24 3005 453 2471 383 18	4
3 2598 12 3007 1515 925 8 843 2682 68 191 3008 39 3009 18 3 1079 1986 3010 3011 2780 3012 60 2885 18	3 1453 12 3007 1515 6 925 8 843 2682 68 191 3008 39 3009 18 3 1079 1986 3010 3011 6 21 3012 12 60 2885 18	4
3 1107 62 68 3013 3 3014 12 3015	161 1981 3016 3 3017 226 3015	2
18 510 681 3018 3 2590 18	18 181 681 3018 3 2590 18	1
45 21 1820 6 90 115 219 133 263 39 3019 6 30 45 178 3 1467 3020 26 3 250 3021 6 133 1366 3022 139 21 3 3023 154 729	45 211 6 3024 23 3025 6 30 45 178 3 1467 3020 26 3 250 3021 6 133 1366 3022 139 21 3 3026 154 729	3
3 1970 3011 12 3027 38 39 980 68 189 3 1970 3011 12 3028	3 3029 12 60 3030 37 115 3 1970 3011 12 3027 37 3031 8 3 1144 18	1
3 3032 68 2787 26 3 3033 18	3034 68 2787 26 3 3033 18	1
68 1216 3 3035 6 61 216 79 1856 3036 30 1254 2455 3037 2559 18	68 1216 3 3035 6 23 83 46 1856 3036 30 1254 2455 3037 2559 18	5
56 211 3 2486 1249 6 23 245 112 505 68 1978 18	112 505 6 23 245 2759 115 0 248 68 46 2788 39 854 18	0
21 287 150 56 3038 12 3039	21 287 150 3038 2729 112 3039	3
552 115 3 806 21 719 12 3 3040 12 3041 925 6 39 3042 12 3043 52 3 888 198 3044 434 46 1956 375 18	552 115 3 806 21 719 12 3 3040 12 3041 37 808 6 39 3042 12 3043 52 3 888 198 3044 434 46 1805 160 137 18	3
60 37 35 133 104 24 2592 21 485 1885 18	23 37 167 112 60 219 6 63 49 24 318 79 623 2975 18	0
52 39 2820 30 39 508 12 3045 12 1081 30 844 6 60 135 273 135 54 72 97 405 510 21 3 51 6 73 49 176 150 2499 450 35 49 3046 3047 150 30 89 30 3048 3 2260 12 623 3049 18	52 39 2820 30 39 508 12 3050 1081 30 844 6 60 135 2986 135 54 72 97 405 510 176 21 3 51 6 511 49 176 150 35 1611 49 3046 150 30 89 30 3048 3 2260 12 623 3049 18	3
60 37 3 1115 2685 12 3 2687 945 6 2038 63 3 729 2685 12 3051 729 18	3 1115 2685 12 3 2687 945 37 34 2038 63 3 2685 12 718 18	4
436 453 3052 6 26 3053 2811 3054 6 2494 275 3055 3 3056 2398 18	60 3057 275 3058 115 3 3056 2398 115 275 448 3055 6 38 258 18 135	2
3 3059 12 3 3060 3061 1650 3062 275 448 3063 8 3 3064 3065 3066 779 405 3067 30 3068 8 2922 3069 6 146 2163 3070 18	3 3071 12 3 3060 3061 1650 3062 275 448 3063 8 3 3064 3065 3066 779 405 3067 30 3068 8 2922 3069 6 3070 2163 18	5
3072 3073 633 453 2698 26 3 1514 12 3 3074 112 453 297 3075 3076 18	3072 3073 633 453 2698 26 3077 453 297 3075 3076 18	4
56 76 3 2535 12 2531 2402 115 176 6 3 2536 12 3 2530 2537 37 2538 18	3 251 37 115 1517 12 178 2531 2402 2530 3078 598 39 2534 18	1
3079 12 3 2530 2402 275 39 3080 524 26 598 39 1495 18	3 251 37 115 1517 12 178 2531 2402 2530 3078 598 39 2534 18	1
3081 63 23 37 2830 3082 198 3 551 12 2594 12 3 3083 12 3084 18 135	2148 3085 6 135 3 2401 12 3086 3087 37 496 3088 198 39 3089 551 12 2594 18 135	0
3 3090 12 3091 105 340 176 133 3092 485 514 174	3 3090 12 3091 105 340 176 3092 485 514 174	4
3 2522 21 178 3 2523 12 3 1223 12 3 1245 37 552 522 52 3 2524 2525 18	3 3093 12 3 1115 855 62 112 3 3094 12 949 12 3 3095 18	0
49 2927 39 3096 12 623 721 729 18	49 2927 39 3097 198 623 721 729 18	4
3 71 37 502 6 32 37 39 2406 12 2407 18	39 3098 71 95 60 37 45 3099 6 3100 198 3 3101 12 3 2402 18	0
133 65 238 2528 3 2480 293 115 2529 1412 407 52 178 3 2530 2531 2402 18	3 251 37 115 1517 12 178 2531 2402 2530 3078 598 39 2534 18	1
3 3102 789 3103 3104 6 3105 6 2835 453 3106 112 3107 52 3108 3103 3109 2767 6 3110 3111 3112 3113 6 453 3114 18	3 3102 116 789 3103 3104 6 3105 6 2835 453 3106 112 3107 52 3108 3103 3109 6 3115 3111 3112 3113 6 453 3114 18	5
151 2999 525 3116 68 3117 6 277 3118 1661 18	151 2999 37 2626 3117 6 552 3 277 1661 18	3
49 65 45 448 115 2148 68 3 756 18	48 2704 12 3 756 176 21 719 37 115 49 65 448 2705 6 45 1114 18	1
3 2598 12 3 3119 12 455 6 3 2625 12 3 3120 3121 30 65 45 2960 18	3 2401 12 1272 12 317 30 3122 12 3 1355 3123 18	0
510 229 115 2483 37 39 625 52 39 3124 1112 18	510 115 2483 37 39 625 883 3125 18	2
56 35 39 466 447 3126 3127 18	56 35 466 3127 12 2792 18	3
35 284 23 3128 174	56 35 284 115 3128 112 3 3129 174	3
3130 21 3 1089 18	3131 68 3 1089 18	2
261 2402 34 3132 68 3 2241 383 12 3 2530 1495 18	3079 12 3 2530 2402 59 12 39 3080 524 26 598 39 1495 18	2
3133 785 3134 1429 105 2357	3133 3135 3134 1429 105 2357	3
3 1079 685 34 3136 68 582 3 3137 3138 3139 112 3 3140 12 3141 3142 21 3 713 30 23 24 3143 39 3066 6 73 24 2716 3 3144 12 3 3145 18	3 1079 685 34 2205 68 582 3 3137 3138 3139 112 3 3140 12 3141 3142 21 3 713 30 23 3146 39 3066 6 73 24 2716 3 3144 12 3 3145 18	5
3 636 2549 3 2638 12 3 3147 3148 18	115 33 97 3 636 1328 3 2638 12 3 3148 3147 18	4
2037 3149 3150 544 3151 3152 6 3 3153 3154 6 37 3155 729 3156 68 750 3 3122 12 39 3157 6 2050 39 3158 2038 6 1454 68 3 3159 6 3160 3 2401 12 3 3003 3161 68 3 726 12 3 3162 18	2657 52 3 3150 3149 544 3151 3152 6 3 1037 2417 6 135 3 2529 12 3163 3 3164 12 39 3157 6 3101 39 64 2038 3158 1454 68 3 3159 6 3160 3 2401 12 3 3003 3161 52 3 726 12 3 3162 18	4
0 393 115 107 6 56 21 3 748 23 3165 30 227 2625 65 39 94 21 501 18	56 21 60 517 6 133 54 226 612 342 115 178 3166 2632 65 3 250 247 18	1
3 1082 275 3167 3168 971 3169 68 1792 3 3170 12 3171 2455 3172 12 3173 3174 3175 18	3 3176 12 3168 971 3169 24 46 3177 151 3178 12 3173 3174 3175 176 3179 18	2
21 623 621 6 601 671 1759 544 39 1867 6 21 2110 3180 18	226 139 6 601 671 3181 52 39 1867 6 21 2110 3180 18	3
236 405 261 1441 2584 65 2758 68 331 18	1441 2584 245 61 12 139 18 135	1
21 3 375 2418 12 3107 6 3 1786 3182 30 3183 2721 513 2432 489 3 630 2559 18	34 21 1994 12 2598 12 3182 6 3 3184 245 26 3 970 21 3 375 3185 18	1
3 3186 12 3187 2343 1910 3188 68 3189 138 3190 6 2148 68 3191 18	3 3186 12 3187 2343 1910 21 3 3188 68 3189 138 6 2148 68 2950 23 2323 18	3
3 1355 37 2429 3192 18	650 275 2323 115 87 37 3 1355 18	0
2889 6 2141 6 65 3 2318 12 2470 146 1389 3193 18	3194 3195 6 2141 6 65 3 2318 12 2470 3193 3196 18	0
115 37 3 3197 506 8 3 3198 112 3 77 12 3 3199 112 3 1355 12 2823 135 73 3200 51 60 2885 226 3 1079 1733 6 3201 3 3202 12 3203 18	115 37 3 3197 506 8 3 3198 112 3 77 12 3 3199 112 3 1355 12 2823 135 1417 6 73 3200 51 60 2885 6 3 1079 1733 6 3201 3 3204 12 3203 18	4
151 226 3 748 12 3 1126 6 87 245 3205 8 3 923 30 760 21 3 653 68 3206 12 3 3207 3208 6 406 12 3209 2721 3 2530 3210 68 623 3211 2530 18	151 226 3 748 12 3 1126 6 87 245 3205 8 3 923 30 760 21 3 3212 12 1126 3213 12 3 3207 3208 6 406 12 3209 2422 214 68 2659 2530 18	5
23 245 3 304 115 434 312 3 3214 226 39 62 18	23 245 3 3215 3214 3216 21 61 3217 18	2
3 71 37 502 6 32 37 39 2406 12 2407 18	2141 6 21 2594 12 3 3218 30 3219 12 3 932 6 32 37 181 3220 18	0
1380 3221 6 3222 3223 552 24 3224 68 72 507 3 1013 3225 68 623 3226 6 3227 3228 1151 6 2780 623 1684 18	3 3229 3230 6 3222 3223 552 24 46 507 3 1013 3231 2780 3 1684 6 3225 68 3232 6 3233 30 1151 18	4
3 920 653 12 3234 275 2380 115 87 3235 3236 271 3237 6 3238 3239 6 2780 395 3240 6 151 2798 245 1856 192 30 843 1503 611 18	3 920 653 12 3234 275 3241 87 2106 3235 453 3242 3243 6 3238 3239 6 2780 271 3240 6 192 68 843 1503 18	2
3 3180 1064 39 1603 211 3 1303 12 3 1955 176 318 3244 105 64 6 3 2943 2721 1454 68 463 146 748 68 3 3245 6 21 3 262 12 146 1960 1244 1377 6 211 3 2941 709 706 700 12 3 2943 519 3246 3247 18	3 3180 2692 39 1603 211 3 1303 12 3 1955 176 318 3244 105 3 2943 2721 1454 68 1883 146 748 68 3 3245 6 211 3 2941 709 706 700 12 3 2943 519 3248 6 2148 68 146 1960 1244 1377 18	5
2141 6 0 55 45 104 236 18	56 0 55 45 72 97 3 1367 18	0
35 2905 390 37 3249 3250 30 177 60 596 1358 68 3 3003 3251 18	35 2905 390 3249 3250 30 117 60 596 68 3003 3251 18	5
3 3252 626 3253 83 552 575 3254 26 3 3255 68 35 23 216 65 685 18	3 3252 626 3253 1366 198 552 26 575 3254 26 39 3255 68 35 23 275 3 256 18	4
23 434 3256 21 3 1596 3257 90 12 39 3258 435 26 3 2285 6 56 87 3259 68 1341 21 1671 6 3260 453 853 3261 6 271 387 949 12 2435 1602 2763 18	2798 434 45 3256 21 3 1596 3257 90 12 39 3258 3262 21 3 2285 6 56 3259 68 1341 21 1671 6 3260 395 387 949 8 2435 1602 2763 21 395 853 3261 18	2
612 1273 1602 17 12 3 2885 18	3263 3264 1602 21 3 2885 18	1
3 3265 12 3 3080 1495 524 37 61 12 3 405 2527 12 3266 18	23 245 3 2526 1993 12 2527 21 3 1990 12 39 854 12 331 18	0
23 245 3 2526 1993 12 2527 21 3 1990 12 39 854 21 331 18	135 3 375 854 12 2486 21 1595 18	0
42 54 89 68 3 1479 1079 2353 26 3 3267 3268 18	89 68 3 1479 1079 3269 12 3 3064 3270 18	2
650 275 2323 115 87 37 3 1355 18	650 275 2323 115 23 245 3 1355 18	3
3 168 112 60 3271 12 2837 37 3 1849 12 3 1777 2666 1442 33 1079 41 135 3 1156 135 150 73 3272 3 326 12 146 3273 18	3 168 112 60 3271 12 2837 37 3 1777 1849 1442 112 271 1079 41 135 3 1156 729 150 37 1015 3 326 12 39 3274 18	4
98 68 2586 6 63 3275 1431 6 39 3276 3277 30 73 275 39 3278 112 3 783 3279 6 65 155 1833 115 623 3280 3281 37 3282 18	405 226 2586 6 95 3275 1431 6 39 3277 3276 511 275 39 2566 112 3283 783 6 155 1833 115 623 3280 3281 24 45 46 3282 18	3
3 3284 2598 3285 68 3286 3287 8 3288 2682 3289 68 555 12 3290 3107 6 63 3289 68 555 12 39 2559 2461 6 49 925 8 3291 2682 18	3 1432 3286 3284 2598 3287 8 3288 2682 3289 68 3290 3107 6 323 48 3289 68 555 12 39 2559 2461 6 23 925 8 3291 2682 18	4
2352 6 3 1430 1431 245 39 1294 3292 18	2352 6 1430 1431 2587 39 1294 18	2
60 6 3 3293 12 3 3294 1366 160 64 72 6 56 623 726 176 3295 2808 18	3 2486 12 3 3296 6 2141 6 176 270 3297 64 18	0
2474 2475 30 2392 3 1142 68 3 2476 12 676 1217 2477 18	22 676 1217 2477 2478 37 2479 12 1665 21 3 2480 18	2
2141 6 0 55 45 104 236 18	135 2141 6 2554 0 65 3 2855 115 60 37 39 3298 272 6 0 24 430 23 18	0
227 3299 6 3300 3081 3 3301 90 3302 30 3303 21 3304 6 48 3305 52 233 3306 3307 6 68 3308 3 2283 3309 515 3310 21 3 517 6 623 3311 6 52 3 250 2689 3312 112 2570 18	227 3299 6 3300 3081 3 3301 90 49 176 3313 30 3303 21 3304 6 48 1956 52 233 3306 3307 6 54 3308 623 3311 6 3314 515 3310 2148 68 1784 6 52 2689 3312 68 3 2570 18	4
1451 6 226 3 3315 12 1517 6 3 1970 3011 12 3028 3316 52 271 3317 12 3 854 211 6 151 23 1207 2643 700 2682 18	1451 6 52 3 113 12 1517 6 3 1970 3011 12 3028 2489 52 453 3317 12 3 854 211 6 151 23 1207 2643 700 2682 18	4
133 65 1805 405 453 3318 3319 68 3320 3 3321 3322 6 3323 6 3324 30 261 3325 6 3326 3 75 12 3327 418 6 3328 3329 226 3 3330 18	133 65 1805 271 1139 26 3321 3322 6 3323 6 3324 30 261 3325 6 73 3331 633 3332 6 3328 39 3329 226 3 3330 18	3
323 181 353 248 1373 448 2836 6 405 3333 510 3334 68 3335 544 3 764 12 676 3336 3337 105 135 3 3338 6 475 135 18	323 181 353 248 45 1373 448 2836 6 405 3333 510 2721 3334 68 3335 544 3 764 12 676 3336 3337 105 135 3 3338 6 3339 135 18	4
3079 12 3 2530 2402 59 12 39 3080 524 26 598 39 1495 18	3 251 37 115 1517 12 178 2531 2402 2530 3078 598 39 2534 18	2
3 132 6 48 23 37 28 39 358 12 354 6 3340 129 3341 18	135 2141 6 2554 0 65 3 2855 115 60 37 39 3298 272 6 0 24 430 23 18	0
3 2598 12 3 3119 12 455 6 3 2625 12 3 3120 3121 30 65 45 2960 18	3 3093 12 3 1115 855 62 112 3 3094 12 949 12 3 3095 18	0
60 245 3342 2780 3 601 1503 21 3 1589 12 3 3343 12 3344 6 3345 226 3 62 12 3 3346 3347 18	60 275 2323 32 176 601 1503 21 3 1589 12 3 3343 12 3344 6 3345 226 3 62 12 3 3346 3347 18	4
2352 6 3 261 16 3348 181 2262 284 45 3349 18	2352 6 3 261 16 3348 925 226 3350 63 64 18	2
26 3 2539 6 3 2531 2402 95 68 2540 115 3 2530 1495 37 2541 3351 18	56 76 3 2535 12 2531 2402 6 3 2536 12 3 2530 2537 37 2538 18	1
3 77 275 67 3352 6 30 32 37 318 98 68 55 21 3 16 1240 729 18	390 12 3 62 6 0 65 181 158 35 0 3353 169 372 21 1595 18	0
261 2402 216 34 3132 68 3 383 12 3 2530 1495 18	3079 12 3 2530 2402 275 39 3080 524 26 598 39 1495 18	1
135 133 72 97 68 224 39 2665 2285 6 135 2323 3354 3355 18	135 0 3356 82 156 109 12 9 283 135 3357 2323 293 178 271 3358 68 3359 18	0
3 2486 12 3 3296 6 2141 6 176 3297 64 18	2141 6 21 2594 12 3 3218 30 3219 12 3 932 6 32 37 181 3220 18	0
3360 515 2352 23 24 3361 39 3362 1529 6 135 87 2323 6 32 37 39 1503 6 3363 3364 3365 18	3360 515 2352 23 24 3361 39 3362 1529 6 135 87 2323 6 39 2559 2461 6 68 3363 3364 3365 18	4
60 83 3297 2592 3366 12 3367 68 447 385 3368 26 3 3369 12 507 49 83 3370 198 623 3371 515 45 18	60 83 667 12 3 1786 12 3372 211 178 3368 21 3 447 385 26 3 3369 12 507 49 83 3370 198 623 3371 18	4
181 6 45 2757 6 0 255 1085 56 0 65 2756 372 583 16 1503 18	390 12 3 62 6 0 65 181 158 35 0 3353 169 372 21 1595 18	0
3 3373 3374 37 45 3375 21 289 3376 105 3 2270 25 26 97 3 3377 12 3 979 3378 453 1241 68 3 124 18	3 3373 3374 37 45 3375 21 3 2241 517 6 3 2270 25 26 97 3 3377 3 979 3379 453 1241 68 3 124 18	5
2656 6 2586 37 146 3380 21 1886 105 68 700 3381 12 2864 6 23 54 226 289 62 273 260 63 39 2285 2590 779 39 3301 3382 854 6 1325 63 23 245 151 23 245 3383 8 1457 1040 3384 21 3 3385 33 18	2656 6 2586 37 146 3380 21 1886 105 700 3381 198 2864 6 23 54 226 289 62 273 2109 63 39 2285 2590 779 39 3301 3382 854 6 1325 63 23 245 151 23 245 3383 8 1457 1040 3384 21 3 3385 33 18	5
56 575 2698 6 3 2511 3386 284 45 117 523 103 836 18	56 2698 6 90 3 2511 3386 284 45 523 115 3 103 836 18	3
135 0 65 2960 6 0 55 45 74 68 224 417 135 18	135 2141 6 2554 0 65 3 2855 115 60 37 39 3298 272 6 0 24 430 23 18	1
3 1355 37 2429 3192 18	56 12 2486 60 37 3 1355 18	1
519 3387 231 2607 12 3388 18	52 1294 3389 6 3 231 1367 12 3388 18	4
133 65 1479 2353 150 61 673 52 3390 3391 515 3392 3393 6 146 3265 52 3394 30 146 3395 3269 18	133 65 1479 2353 150 52 39 2931 3390 3391 515 3392 6 146 3265 52 3394 30 146 3395 3269 18	5
3 2256 3396 3348 176 324 623 219 68 3 3397 6 1805 8 405 63 3 135 3398 135 12 3 455 710 18	3 2256 3348 3399 77 623 219 68 3 3397 6 1805 8 405 63 3 135 3398 135 3 455 710 18	4
60 6 3 3293 12 3 3294 1366 160 64 72 6 56 623 726 176 3295 2808 18	3 2486 12 3 3296 6 2141 6 176 3297 64 18	0
68 3132 6 2261 6 135 133 79 39 3400 12 3401 3402 6 515 3403 515 3404 318 6 68 2346 2957 1853 6 68 3405 6 73 23 275 367 2557 6 323 583 293 453 1355 552 39 2754 12 3406 6 135 18	2148 68 3407 6 2261 6 135 133 79 39 3400 12 3401 3402 6 3408 3403 3409 3410 6 68 2346 2957 1853 68 3405 6 73 37 367 2557 6 323 583 293 453 1355 21 39 2754 12 3406 6 135 18	3
112 405 6 3 2062 2318 12 2531 2939 115 2940 2887 37 623 1518 18	21 3 517 12 2531 3411 6 55 49 24 2940 2887 112 39 110 17 18	2
3 3281 275 3412 68 569 39 945 21 3413 12 3414 68 3335 3 3415 3312 115 3 2585 216 65 3416 18	3 3281 275 3412 68 569 39 945 3414 68 3335 3 3415 3312 115 216 263 3 2585 18	4
261 2402 216 34 3132 68 3 383 12 3 2530 1495 18	3079 12 3 2530 2402 59 12 39 3080 524 26 598 39 1495 18	1
3 3417 8 2757 650 1918 115 729 1750 3418 30 3419 65 513 354 12 3420 946 1750 18 135 60 37 2471 18	3 3417 8 2757 650 1918 115 135 3418 30 3419 1750 65 513 354 12 3421 489 946 1750 18 135 60 37 2471 18	5
21 3 748 6 93 3 3422 6 115 37 35 0 3423 238 112 1503 18	135 2141 6 2554 0 65 3 2855 115 60 37 39 272 226 417 6 0 2856 18	0
26 3424 3188 6 3293 12 2475 2343 3 22 979 3425 3426 3427 6 21 1389 68 145 39 1513 520 68 3 1082 3428 18	12 3424 3188 6 3293 12 2475 3429 3 22 979 3425 3426 3427 6 21 1389 68 145 3 3430 12 3 1082 39 1513 520 18	2
60 170 115 3141 24 65 68 212 3168 3431 2455 68 3432 3 726 12 3 375 2559 18	3 979 3433 115 3 726 12 3 3176 24 21 2810 6 68 3168 3434 18	1
68 51 3 3435 26 3 3436 37 39 2122 501 21 3437 6 2423 73 3 3294 37 3438 271 763 12 3 358 18	68 51 3 3435 26 3 3436 37 39 2122 501 3439 21 3437 6 2423 73 3 3294 37 3438 453 763 12 3 358 18	5
112 505 6 23 245 2759 115 0 248 68 2788 32 233 854 18	135 2141 6 2554 0 65 3 2855 115 60 37 39 3298 272 6 0 24 430 23 18	0
64 3 1479 3440 12 3 1079 3269 12 3 3064 3270 18	3 3270 275 2344 448 3441 8 3 3442 12 3 3443 3064 2 3 3071 12 3444 3445 18	1
12 2486 6 32 37 146 533 12 3446 1562 3447 129 8 3 3436 115 3448 176 6 198 3 551 12 2594 12 996 2407 6 39 593 1495 18	12 2486 6 32 37 146 533 12 3446 1562 3447 129 8 3 3436 2148 68 73 3 3448 176 6 198 3 551 12 2594 12 996 2407 6 39 593 1495 18	4
3 2401 12 2402 37 131 2403 30 37 1228 6 21 390 1784 6 68 2404 2405 18	3 71 37 502 6 32 37 39 2406 12 2407 6 73 216 95 68 3449 3 1663 18	0
3 2530 1495 37 21 2320 52 261 160 2241 18	261 2402 34 3132 68 3 2241 383 12 3 2530 1495 18	2
1385 60 6 1255 275 448 6 112 3 390 314 6 3 2566 12 2477 18	3450 6 1385 178 227 3451 6 3 881 572 112 3 3452 37 1217 2477 18	1
2141 6 21 2594 12 3 3218 30 3219 12 3 932 6 32 37 181 3220 18	226 3 250 62 6 21 2434 6 133 248 1848 2382 12 3 1634 383 12 3 932 18	1
2798 3231 505 68 156 129 112 39 3029 48 3453 6 56 48 23 248 3231 68 117 3 3454 6 0 216 65 266 3450 18	2798 3231 505 68 156 129 112 39 3453 3029 6 56 48 2798 248 3231 68 3455 3 3456 5 6 0 216 65 266 23 3450 18	3
49 65 45 448 115 2148 68 3 756 18	3 2408 37 115 3457 65 448 164 18	0
3458 1089 8 3459 6 547 3 3460 18	3458 6 3459 30 557 1206 3461 6 3462 288 39 2296 3463 30 3464 3 542 12 1089 18	2
133 176 3465 39 1082 115 37 3 523 6 12 178 3 3466 1240 3467 6 45 68 65 3468 2285 453 3064 3469 21 3 3470 2981 226 3471 18	133 65 372 39 1082 115 37 3 523 61 6 12 178 3 3466 1240 3467 6 45 68 65 3468 2285 453 3472 3469 21 3 3470 2981 226 3471 18	5
26 1517 1994 6 3 1970 3011 12 3028 925	779 3 3473 12 1451 2885 6 3 1970 3011 12 3028 3474 453 3475 18	2
64 3 1479 3440 12 3 1079 3269 12 3 3064 3270 18	3 1079 2530 3270 1479 1079 2353 18	3
52 3 1367 12 2975 12 2871 511 65 3476 3477 1435 3 1161 12 1412 3478 21 3479 30 3480 6 3 676 12 3 1476 275 3481 68 156 26 1451 2885 226 3 1799 12 3482 6 21 3 3483 6 68 1404 623 3293 18	52 3 1367 21 2975 12 2871 511 65 3476 3477 3 1161 12 1412 3478 26 1435 21 3479 30 3480 6 3 676 12 3 1476 275 3481 68 156 26 1451 2885 68 3 1799 12 3482 6 21 3483 6 68 1404 623 3293 18	5
21 3 3484 6 3 2660 12 3485 925 779 3 3486 12 146 984 21 3 1417 18	21 2823 6 3407 2498 3 1389 68 117 3 3199 112 3 1355 12 3 1417 2473 18	0
0 255 3487 68 65 39 3488 1210 511 24 226 304 135 18	0 255 3487 90 2798 275 3489 68 2940 39 2670 21 9 77 30 0 255 3490 135 18	1
3 3491 6 3492 3492 3493 12 3053 1503 6 275 448 21 3494 112 3495 3 594 2064 30 24 46 3496 21 3 141 110 17 18	3 3491 6 3492 3492 3493 3497 3053 1503 6 275 448 21 3494 112 3498 3 594 1127 30 24 46 3496 21 3 141 110 17 18	5
261 2402 34 3132 68 3 2241 383 12 3 2530 1495 18	26 3 2539 6 3 2531 2402 95 68 2540 115 3 2530 1495 37 2541 3351 18	1
3 1970 3011 12 3027 38 39 980 68 189 3 1970 3011 12 3028	226 3 748 12 1517 6 3 1970 3011 12 3028 3499 21 3 1616	2
3 636 12 3 3500 171 68 1764 23 8 3501 534 6 56 318 3502 3 256 2482 12 3 3503 18	3 636 12 3 2296 68 209 68 1764 23 2423 39 3504 122 6 56 87 925 287 8 271 256 2482 18	3
3 77 275 67 3352 6 30 32 37 318 98 68 55 21 3 16 1240 729 18	30 2429 133 1677 68 1142 485 2432 489 21 3 2433 12 2434 18	0
3458 1089 8 3459 6 547 3 3460 18	68 3458 6 60 37 3 375 62 6 3459 238 3 853 515 3102 62 18	1
21 3085 6 135 3 2401 12 3086 3087 37 496 68 39 3089 551 12 2594 18	3081 63 23 37 2830 3082 198 3 551 12 2594 12 3 3505 12 3084 18 135	0
271 3237 2767 112 3506 18	453 3242 3243 109 3506 18	2
3507 3508 21 659 176 1103	3 3509 3507 3508 21 3 3510 176 3511 1103 18	4
60 6 3 3293 12 3 3294 1366 160 64 72 6 56 623 726 176 3295 3 261 18	26 143 1860 6 32 2721 6 12 2486 6 555 511 65 2465 623 3512 293 3 542 18	1
3 841 3513 623 2489 734 3 2952 3514 16 3381 129 3 3515 6 142 3 16 3516 3200 68 3517 21 39 3518 283 18	3 841 3513 623 3519 734 3 2952 2992 16 3381 129 3 1532 6 142 3 16 3516 449 1519 68 3517 186 39 3518 283 18	5
3 875 880 112 1165 275 448 3520 68 3 1137 1441 3521 112 271 481 26 1517 2010 30 3522 12 1185 18	3 875 880 112 3 1165 275 448 3523 68 3 1137 1441 3521 112 271 481 26 3 2010 12 1517 30 3 3524 12 1185 18	4
3 2598 12 3 3119 12 455 6 3 2625 12 3 3120 3121 30 65 45 2960 18	226 3 250 62 6 21 2434 6 133 248 1848 2382 12 3 1634 383 12 3 932 18	0
3 1970 3011 12 3027 38 39 980 68 189 3 1970 3011 12 3028	26 1517 1994 6 3 1970 3011 12 3028 925	1
3 3525 363 3526 446 8 3 124 30 453 2696 3527 1956 198 139 365 6 2775 6 37 513 2486 18	3528 363 3 3526 446 8 2696 30 453 3527 365 6 2775 6 37 513 3529 18	1
3 77 275 67 3352 6 30 32 37 318 98 68 55 21 3 16 1240 729 18	21 3 748 6 93 3 3422 6 115 37 35 0 3423 238 112 1503 18	0
