97 55 0 117 39 3530 3531 3532 174	97 54 0 3533 39 3534 3535 3531 3530 3532 174	4
97 54 0 212 109 340 9 3438 530 3536 3 3537 174	97 54 0 608 109 340 9 3438 530 37 3538 3 3539 3540 174	4
83 0 317 3541 514 68 575 1519 9 1837 3542 174	83 0 3543 109 9 3541 68 575 9 1837 3542 174	5
35 37 3 304 219 68 3544 39 3545 3546 174	35 37 3 304 219 68 3547 60 2796 3548 174	0
35 33 3 304 219 68 3549 3550 174	35 33 3 304 219 68 3549 3551 3552 3553 174	0
35 176 3 1935 363 3500 365 3554 198 3555 6 1330 68 3556 6 3557 174	37 32 39 1935 198 3556 6 3557 68 3555 6 1330 174	4
97 54 0 3558 39 3559 3560 3561 1003 3562 174	97 54 0 3558 9 3561 3563 52 39 3559 3560 174	2
97 54 0 3564 3565 3566 68 39 3540 174	97 55 0 3564 3 3566 68 60 3567 3540 174	3
35 377 12 3568 37 60 174	35 3569 12 3570 37 60 174	0
35 37 3 291 1856 39 1970 30 39 1452 174	35 37 3 291 1856 39 1272 30 39 3571 174	0
97 55 0 1311 39 157 1298 52 9 611 86 779 2035 3572 174	97 55 0 1311 39 157 1298 52 146 320 779 3573 174	2
97 55 0 579 146 3574 198 3575 323 2035 3576 174	97 55 0 2287 146 3574 3575 323 534 3577 23 174	5
97 54 0 1734 60 611 3578 3534 112 2783 174	97 55 0 1734 60 3579 3580 3534 112 564 174	3
340 37 32 181 1767 21 3 3581 174	340 37 32 181 3582 1767 21 3 3581 174	3
35 485 54 0 55 68 3405 9 3583 3216 174	54 0 575 39 3584 576 21 39 219 115 24 3405 9 3583 3216 174	3
97 55 0 2310 2457 1514 21 3585 1153 3586 174	97 55 0 2310 3587 3586 21 3585 174	4
54 0 85 39 124 35 0 83 3588 68 146 2485 174	35 83 0 85 63 146 3589 21 39 272 2485 174	2
97 55 42 430 3590 198 39 3591 174	97 55 0 430 3592 198 39 3591 174	5
1008 339 334 3174 3593 3594 105 97 98 37 339 334 3595 8 3594 174	445 339 334 3174 3593 3594 105 97 98 37 339 334 3595 8 3594 174	2
1032 3596 150 35 377 12 3597 37 60 174	35 377 12 3597 37 60 174	3
216 39 3598 1135 52 3599 3600 79 39 548 440 112 3 445 174	24 0 79 39 548 440 515 3601 112 3 22 63 39 3599 174	1
55 0 79 68 3602 112 39 445 548 440 151 0 65 39 3603 440 174	55 0 79 39 445 3604 548 440 6 48 0 238 65 39 445 3603 440 174	4
37 23 138 68 3558 39 3605 52 39 3540 174	37 23 462 68 3558 39 3605 52 39 3606 26 3607 958 174	1
55 0 28 79 39 3608 3609 3610 174	55 0 79 68 3611 39 3609 3610 174	3
3612 226 3613 112 1555 17 18 55 0 79 39 548 440 174	3612 226 3613 6 1595 18 55 0 79 39 548 440 174	4
54 0 3564 16 3614 3615 68 39 3539 3540 174	97 54 0 3564 3565 3566 68 39 3540 174	2
97 54 0 77 109 97 3616 0 255 68 9 86 30 124 174	97 54 0 3617 9 86 0 255 3 256 625 68 3618 39 1355 457 174	3
97 55 0 3558 39 3619 3607 3620 21 3 3621 3561 21 9 3622 174	97 54 0 3558 3 3620 21 60 3559 3560 174	2
55 0 79 68 3602 112 3601 174	2440 198 1191 68 872 105 55 0 79 3601 174	3
97 83 0 3623 39 3624 3559 174	83 0 3558 515 3623 39 3625 3559 174	2
35 55 0 55 48 39 58 226 39 2901 604 313 82 725 68 9 3626 174	35 83 0 55 48 39 58 84 2798 313 82 223 9 144 21 886 17 174	2
97 54 0 579 9 3627 198 3628 151 0 81 82 72 35 87 33 3628 226 174	97 55 0 2950 9 3627 198 3628 226 510 2423 3 3629 174	2
3630 68 3631 112 1187 1336 8 3632 440 3633 8 1938 174	3630 68 3631 26 39 287 546 3632 440 3633 8 933 174	2
37 23 1232 68 3602 112 485 489 61 631 1837 31 174	37 23 3634 68 3602 68 485 489 61 631 31 174	4
35 37 3 3635 219 68 2212 129 52 39 3636 112 2476 526 174	35 37 3 3635 219 68 276 52 9 3636 33 86 174	2
35 37 3 304 219 68 3637 3638 174	35 37 3 304 219 68 3639 20 68 3640 174	0
35 37 3 304 219 68 3544 39 3545 3546 174	35 37 3 304 219 68 429 39 3641 174	0
35 37 3 304 219 68 3549 3642 3643 174	35 37 3 304 219 68 3549 3644 3645 174	1
35 37 3 304 219 68 3549 3642 3643 174	35 37 3 304 219 68 3549 3646 174	1
35 37 3 304 219 68 3549 3642 3643 174	35 37 3 304 219 68 3647 146 3648 3649 174	0
97 55 0 430 564 198 39 208 3548 174	97 54 0 430 1325 564 3650 198 39 1538 3548 174	4
340 37 3651 236 98 344 21 3 22 489 21 3466 2434 26 1433 174	340 37 3254 26 3652 1022 21 3 22 489 21 2434 174	2
35 434 46 1107 52 9 1626 3653 174	35 434 46 1107 52 9 39 330 3654 1181 174	5
35 37 3 3655 12 3 3656 174	35 37 3 3655 12 3 3657 2783 174	2
83 0 2956 3658 3659 72 0 65 39 272 3505 174	83 0 92 9 86 0 65 39 587 62 272 3505 174	3
97 55 0 3544 3660 3661 379 174	97 54 0 3544 9 379 729 3662 174	3
35 434 46 3663 1767 1035 68 3533 129 779 2967 9 2 3664 3665 174	35 434 46 3663 1767 68 2285 129 186 9 3622 3666 174	2
142 54 0 212 39 157 2366 3667 174	142 54 0 212 39 522 3667 12 3668 3669 3670 174	0
3671 3672 68 3673 105 97 447 284 23 224 68 3674 174	97 447 83 23 224 3673 68 3675 3674 174	3
284 60 3315 3676 3 3677 174	284 9 326 3315 3676 3 3677 174 363 3678 3679 3680 365 174	4
97 54 0 430 39 28 3681 3682 174	97 54 0 430 60 3682 174	4
37 23 167 68 279 39 306 3683 21 625 779 2143 515 8 3684 174	37 23 3685 68 85 39 58 2552 3686 112 39 3683 12 306 174	3
35 54 0 3353 3 1786 211 68 410 505 108 129 21 3 2885 174	35 3687 55 42 317 68 108 129 140 21 3 2885 174	2
0 65 39 3632 440 56 9 3688 1095 440 3689 18 54 0 318 2788 547 174	54 0 2788 68 3 445 48 9 3632 440 3690 174	3
35 434 46 3663 9 3539 68 404 174	35 434 46 3663 3539 3691 30 3692 68 404 174	4
97 55 0 3693 39 3559 3560 52 609 2025 3534 3694 68 39 2025 3560 3174 3561 3605 174	97 55 0 3695 609 3694 68 2549 39 3559 3561 174	2
97 447 284 3696 3697 579 21 3 3698 174	97 447 24 3699 3700 579 21 3 3698 174	1
97 54 0 108 9 3701 68 2950 3702 505 174	97 54 0 108 9 3703 68 2950 3704 505 808 68 271 3532 151 87 88 9 410 174	4
35 37 3 291 1856 3705 30 3706 262 174	35 37 3 291 1856 3707 30 3708 174	0
779 39 272 2485 6 37 23 3709 48 0 74 68 618 68 146 3710 21 3711 174	151 363 48 3712 365 21 3 2485 75 37 23 3685 68 592 39 3703 174	2
35 48 0 81 82 65 3713 77 561 112 146 2485 174	35 83 0 55 48 0 65 146 158 56 54 82 77 26 23 3714 174	0
97 55 42 430 564 198 3715 174	97 55 0 430 564 198 3716 174	2
37 9 1008 636 33 3717 472 21 2434 174	37 3718 636 33 3717 472 21 3 22 174	2
35 37 3 304 219 68 3549 3642 3643 174	35 37 3 304 219 68 3665 3 1386 195 174	0
37 23 462 68 2473 3719 226 114 3720 174	97 55 0 72 48 2563 2767 226 114 3720 37 318 462 68 3353 174	2
97 55 0 430 564 198 39 208 3548 174	97 55 0 430 39 3721 3722 12 564 198 3723 174	2
97 55 0 430 564 198 39 208 3548 174	97 54 0 430 564 198 39 3724 174	3
97 55 0 430 564 198 39 208 3548 174	97 55 0 430 564 198 3716 174	1
97 68 3725 39 959 3726 3727 26 39 987 174	97 54 0 3728 3725 39 3726 3727 26 39 987 174	4
35 2161 284 60 225 95 174	35 37 60 2161 174	5
35 3569 12 3729 176 157 112 3730 3731 174	35 37 157 3732 3733 112 3730 3731 174	4
35 37 3 304 219 68 429 70 2702 3734 3735 174	35 37 3 304 219 68 429 39 3641 174	0
35 485 54 0 55 68 3405 9 3583 3216 174	35 54 0 3736 55 68 986 9 3583 3216 174	5
97 54 0 430 39 28 3681 3682 174	97 54 0 430 564 198 3737 3682 3073 174	1
35 185 227 2501 21 39 3738 3739 3534 6 30 97 54 0 3547 139 174	35 176 227 3740 21 9 3673 3534 30 97 54 0 3741 183 68 139 174	2
35 434 46 3663 9 3742 68 2285 129 174	35 434 46 3663 1767 68 2285 129 186 9 3622 3666 174	2
35 37 3 291 1856 39 3743 3541 30 39 3744 3541 174	35 176 3 3745 1856 39 135 206 135 3541 30 39 3744 3541 174	4
97 68 276 52 3 639 151 143 3 1700 176 45 26 3 250 316 174	97 68 276 52 3 3746 151 505 30 9 1867 176 45 26 3 250 316 174	4
97 55 0 3747 39 3559 3560 3561 3562 174	97 55 0 3695 39 3748 3559 3560 174	1
97 55 0 3610 129 1767 1035 21 9 3749 174	97 54 0 3547 3278 1767 1035 21 61 3749 174	4
3718 3569 3750 440 105 54 0 2788 68 261 3632 1240 174	54 0 156 68 441 3632 1240 52 440 3569 3751 174	4
97 83 0 3549 3752 21 3 3753 174	97 447 54 0 3549 3696 3553 21 3 3753 174	1
35 54 0 55 293 109 12 3754 3755 3756 112 1079 3757 174	35 54 0 55 293 39 3755 3756 115 37 28 109 12 3754 174	4
35 33 3 304 219 68 3549 3758 30 3759 623 3760 174	35 33 3 304 219 68 3549 3550 174	1
97 68 3761 39 3700 174	97 68 3762 39 3700 174	2
35 37 3 304 219 68 3763 3764 3765 174	35 37 3 304 219 68 429 39 3641 174	0
35 377 12 3766 2145 37 60 150 30 97 55 0 108 3767 12 23 174	35 176 227 3768 30 97 55 0 108 3767 12 139 174	2
35 33 3 304 219 68 3769 1064 60 3570 174	35 33 3 304 219 68 3549 3550 174	0
97 68 430 2831 2989 198 3673 174	97 55 0 430 2989 198 3770 3673 3724 115 37 3771 174	4
35 37 3 291 1856 39 1970 30 39 1452 174	35 37 3 291 1856 39 3772 30 39 3773 174	0
97 55 0 3774 9 3746 68 3775 271 2563 174	97 55 42 3774 39 3746 45 68 3776 174	1
35 1305 21 39 1837 3777 3778 112 39 3779 2031 174	35 37 39 157 3780 112 3 3778 12 3781 21 39 1008 631 2031 174	2
35 37 3 291 1856 3782 30 3783 174	35 37 3 291 1856 3784 30 3785 174	0
1366 0 549 2434 52 3632 440 198 3 634 142 0 3055 174	48 0 65 3632 440 6 54 0 549 3632 283 198 2110 634 174	4
35 434 46 3663 9 3742 68 2285 129 174	35 434 46 3663 9 3622 3786 68 2285 129 174	4
97 68 3602 112 39 3632 440 174	97 83 0 3602 112 39 3632 440 198 3 445 174	3
35 37 3 304 219 68 3602 3787 563 174	35 37 3 304 219 68 429 39 3641 174	0
97 55 0 117 3788 3789 174	97 68 117 3789 3790 30 12 250 3791 174	2
97 83 42 725 68 70 3276 511 50 410 42 52 39 306 174	97 83 42 276 52 39 3276 511 37 468 68 223 174	2
97 54 0 3558 39 3559 3560 3561 1003 3562 174	97 54 0 3558 39 3559 3560 52 39 3792 3561 3563 174	1
35 83 0 55 52 9 3583 572 937 174	35 83 9 3583 582 46 174	2
35 33 3 304 219 68 3549 3550 174	35 33 3 304 219 68 579 9 2796 198 3793 174	0
35 37 3 291 1856 39 3794 2077 30 39 3795 3796 174	35 37 3 291 1856 39 3797 30 39 3798 3799 174	0
35 33 3 304 219 68 3800 39 3695 198 1576 9 2796 68 3 3801 174	35 33 3 304 330 2086 219 68 3611 30 3695 39 3534 3561 174	2
97 54 0 3544 9 16 3802 3673 3803 174	97 54 0 3544 9 379 729 3662 174	1
340 37 9 3804 3805 3582 1626 3801 2423 39 3806 3807 174	340 37 9 3804 3805 3582 1626 3801 174	3
142 54 0 212 39 157 2366 3667 174	142 54 0 212 39 157 3808 3809 174	1
340 37 9 3734 3810 2262 68 3811 2702 174	340 284 23 224 9 3734 1555 17 68 3811 39 3614 12 2702 174	4
97 55 0 2950 9 3627 198 3812 26 505 174	97 55 0 2950 9 3627 198 3628 151 0 2592 214 3801 174	2
35 37 60 3813 2280 1785 174	35 37 60 3814 3662 1785 174	0
97 54 0 3544 9 379 729 3662 174	97 54 0 3544 39 3815 3749 174	1
35 176 233 157 2975 3816 112 3261 3817 174	35 176 233 157 2975 3818 3819 112 3817 174	4
35 377 12 3568 37 60 174	35 377 12 3820 37 60 174	0
97 55 0 3821 146 611 197 330 3597 3822 3823 174	97 55 0 3824 39 3825 3822 3597 3823 174	1
35 37 3 304 219 68 3637 3638 174	35 37 3 304 219 68 113 3826 39 1079 2486 174	0
97 54 0 2950 60 3749 3570 3827 174	97 55 0 430 60 3749 3563 174	1
35 37 3 2286 291 1856 3828 30 423 3829 174	35 37 3 291 1856 3707 30 3708 174	0
83 0 92 3830 320 115 0 449 39 986 226 9 3529 272 174	97 55 0 2592 129 115 0 449 39 167 272 3505 68 9 1079 3529 320 174	2
55 0 79 68 3558 9 3582 1767 103 33 1035 1303 3831 174	55 0 79 68 3558 60 1767 1035 3831 174	3
97 68 3832 3 3388 12 9 297 455 174	97 54 0 3833 3 3388 12 39 455 3801 9 2574 174	2
73 219 284 3 1626 3834 2423 9 3804 174	73 219 284 1626 3834 186 39 3804 174	4
35 37 3 291 1856 3835 30 3 988 174	35 37 3 291 1856 3784 30 3785 174	0
340 37 9 3438 530 177 60 159 174	35 37 60 159 198 9 3438 530 174	4
97 54 0 2950 9 3656 33 3836 1373 3837 3838 174	37 9 3656 33 3837 3838 3836 515 3128 6 30 97 55 0 2950 23 174	3
97 55 0 3693 39 3559 3560 52 609 2025 3534 3694 68 39 2025 3560 3174 3561 3605 174	97 54 0 239 39 1079 3561 3563 360 12 39 3559 3560 3839 68 16 3694 174	4
35 37 3 304 219 68 3549 3642 3643 174	35 37 3 304 219 68 3547 60 2796 3548 174	0
97 55 0 430 564 198 39 208 3548 174	97 55 0 430 564 198 39 3579 2732 1031 174	1
97 54 0 3544 39 3840 1032 52 61 748 3841 109 12 3 3534 174	97 54 0 3544 39 3840 3842 115 245 3841 109 12 3 3534 174	4
35 37 3 291 1856 39 1970 30 39 1452 174	35 37 3 291 1856 3700 3843 30 2874 3700 174	0
97 68 430 39 3844 26 9 3627 174	97 68 430 39 3845 26 39 3627 174	5
97 54 0 430 39 28 3681 3682 174	97 54 0 430 39 3681 3682 115 24 318 3846 174	4
73 3847 330 503 3583 572 37 3 304 1997 112 3 514 21 336 174	73 3847 330 503 572 37 3 304 1997 112 514 21 3848 174	3
37 23 39 161 2424 319 68 113 1672 52 39 3799 174	455 470 6 37 23 167 68 113 52 39 3799 174	2
35 37 60 3813 2280 1785 174	35 37 60 2280 1785 174	3
35 176 3849 30 3850 3851 174	35 176 3 3745 1856 535 536 3851 30 3849 3851 174	4
97 55 0 3610 129 1767 1035 21 9 3749 174	97 54 0 3405 3 1767 1035 21 9 3749 174	5
3632 440 112 445 1135 174	97 68 3602 112 39 3632 440 174	2
35 37 3 304 219 68 3637 3638 174	35 33 3 304 219 68 3549 3550 174	0
35 54 0 3353 3 1786 211 68 410 505 108 129 21 3 2885 174	35 3325 54 0 3353 68 579 9 2999 129 21 146 886 272 21 3 3852 174	2
35 434 46 1107 52 9 3804 174	35 434 46 1107 52 9 1626 3653 174	2
35 377 12 3568 37 60 174	35 3569 12 3853 37 60 174	0
35 284 3 385 135 109 12 3 3804 135 3132 68 174	35 284 3 135 68 135 3128 21 3 476 3854 3855 174	0
97 54 0 1734 60 611 3578 3534 112 2783 174	97 55 0 1734 60 3578 3673 3534 112 564 174	4
73 314 12 3 3856 37 485 496 68 3857 3858 174	340 55 3857 3858 184 3 3778 12 3781 68 46 496 174	1
97 55 42 3774 39 3746 45 68 3776 174	97 55 42 3774 39 639 973 3859 174	2
35 245 3 2080 12 135 1547 3860 135 174	35 37 3 2080 12 135 191 1835 3861 135 174	0
35 37 3 291 1856 3782 30 3783 174	35 37 3 291 1856 3707 30 3708 174	0
35 37 3 3655 12 3 3656 174	35 37 3 3655 12 3 1200 3862 721 174	3
97 447 37 3 2848 12 39 1096 12 3863 174	35 37 3 2034 3780 12 62 112 3864 39 1096 12 3863 174	3
35 37 3 304 219 68 2659 3865 26 146 3866 3867 174	35 37 3 304 219 68 2659 68 2940 39 3868 26 3 3867 174	2
97 54 0 108 3767 12 3869 174	97 54 0 108 3767 12 3869 21 9 3870 3871 174	3
37 23 138 68 55 39 3872 33 21 3873 779 39 3874 33 21 3875 174	54 0 108 39 3872 33 21 3875 52 39 3874 33 21 3873 174	5
83 0 3605 68 853 625 515 1677 21 375 625 174	83 0 3154 9 3876 21 3 375 515 853 625 174	3
97 55 0 3877 9 3878 3879 174	97 55 0 3877 146 3878 3804 174	2
97 54 0 92 507 39 3873 537 188 3880 174	97 54 0 92 48 39 537 37 3880 174	3
37 32 39 219 68 212 109 48 0 79 39 548 440 112 39 3612 21 3 445 174	0 65 39 3612 21 1595 6 270 68 3881 39 2649 6 55 0 79 39 548 440 174	1
97 54 0 410 9 3627 3882 68 39 122 174	97 55 0 410 9 3627 3882 779 3883 174	5
97 447 284 3696 3697 579 21 3 3698 174	97 447 284 3699 165 2296 151 3884 21 3 3885 174	1
37 23 3685 68 1142 39 58 112 39 306 26 3 2685 174	37 23 3685 68 3886 39 573 68 39 58 112 146 3808 2486 174	1
97 55 0 3610 129 1767 1035 21 9 3749 174	97 54 0 994 3 1767 1035 21 9 3749 174	5
35 37 3 3655 12 3 3656 174	35 37 3 3655 12 3 3887 174	0
35 54 0 55 68 3547 3888 3889 115 3890 174	97 55 0 117 3889 3890 174	4
97 54 0 2950 9 1857 198 3891 174	97 54 0 3892 3893 39 3700 1857 519 3891 3 3894 174	3
97 54 0 77 109 97 3616 0 255 68 9 86 30 124 174	97 68 92 9 124 115 0 255 2470 1466 52 9 86 174	1
340 55 42 79 68 3895 3896 68 54 139 174	97 68 3895 3896 174	1
97 55 0 984 3 3530 12 39 3822 3597 3823 3897 174	97 55 0 3824 39 3825 3822 3597 3823 174	1
35 284 23 3128 8 39 135 481 604 135 174	35 284 135 604 2146 135 3128 112 39 3828 3857 3066 174	1
97 55 0 429 39 160 3898 3753 174	97 55 0 429 39 3899 564 3900 174	1
97 68 3602 112 39 3632 440 174	37 23 138 68 108 39 3632 440 112 1355 3901 174	2
97 55 0 3558 39 3619 3607 3620 21 3 3621 3561 21 9 3622 174	97 68 3558 3621 3607 3561 198 146 3902 3563 174	3
83 0 3903 48 0 370 3904 485 489 35 0 2947 3231 112 174	0 245 3904 3 3905 3906 0 3907 6 83 0 85 112 485 174	4
97 54 0 46 118 9 1767 3908 37 324 174	97 54 0 1359 35 37 21 9 1767 174	2
97 55 0 3695 39 3622 3735 3560 330 3561 68 16 3694 174	97 55 0 3695 39 3909 52 16 3910 174	1
37 23 2269 63 3911 68 1817 146 876 26 39 455 42 483 174	37 23 3685 63 39 3911 68 1817 146 876 779 3 3912 1247 3 3913 174	3
35 377 12 3766 2145 37 60 150 30 97 55 0 108 3767 12 23 174	35 377 12 3186 37 60 6 30 142 54 0 108 233 174	0
97 83 0 3647 39 3914 21 3915 2391 112 9 1837 455 174	97 83 0 3647 3916 144 21 9 385 455 174	1
35 37 39 157 3390 68 2659 21 3 3917 1272 174	35 37 39 157 3867 3390 68 2659 21 3 3918 3571 174	3
97 55 0 3373 39 2297 3919 26 39 3920 3921 174	97 55 0 3662 39 3921 3373 174	2
97 55 42 3774 39 3746 45 68 3776 174	97 55 42 108 39 639 68 3353 174	1
340 313 82 9 3656 3773 505 174	340 313 82 9 3656 95 2035 1265 174	1
97 55 0 2950 9 3627 198 3812 26 505 174	97 55 0 2950 9 3627 198 3628 226 510 2423 3 3629 174	2
97 68 117 39 398 3922 12 3665 195 519 289 195 530 174	97 68 117 39 398 3922 12 3923 195 174	2
97 55 0 3544 60 3619 3807 174	97 55 0 388 39 3807 52 3 2874 174	1
35 176 3 2156 12 3867 220 30 35 176 3 3924 30 3925 12 673 174	35 176 3 3926 30 2085 12 594 2044 12 3927 3 3928 3867 174	2
35 3569 12 3929 3930 83 0 317 112 39 3724 174	35 3569 12 3931 83 0 317 174	1
97 55 0 564 3932 2893 39 3534 174	97 55 0 117 60 564 3933 174	1
35 33 3 304 219 68 3639 39 3934 68 39 3935 52 20 174	35 37 3 304 219 68 3639 20 68 3640 174	1
35 33 3 304 219 68 3549 3758 30 3759 623 3760 174	35 37 3 304 219 68 3549 3642 3643 174	0
97 55 0 3547 39 3936 330 3937 1856 9 3749 3938 30 3 3811 3534 141 68 23 174	97 55 0 3623 39 3937 1856 9 3546 30 3534 174	2
35 37 3 304 219 68 3549 3642 3643 174	35 37 3 304 219 68 3549 2874 195 174	1
35 284 60 3939 3940 3128 174	35 284 60 3940 3128 174	4
97 54 0 108 3767 12 3869 174	97 55 0 108 3767 12 3869 26 9 794 174	3
97 54 0 239 39 3539 3540 26 39 3941 52 3890 3692 174	97 54 0 239 39 3539 3942 26 16 3943 52 39 3944 3945 519 3946 174	3
35 284 23 3128 68 3154 39 2931 21 39 2101 127 174	37 23 138 68 3154 39 2931 519 39 127 174	1
35 37 39 157 3390 68 2659 21 3 3917 1272 174	35 37 39 157 3390 68 2659 21 3 1184 3571 174	2
340 459 82 3 3605 324 68 3846 360 9 3559 3947 779 0 3068 39 3560 3948 330 3561 174	340 284 9 3559 3560 3846 360 151 0 3846 26 3 3949 174	4
97 447 83 0 568 1856 3950 2031 30 3951 174	97 447 83 0 568 112 3625 68 3811 330 3674 1856 3952 174	1
35 37 3 291 1856 39 1970 30 39 1452 174	35 37 3 291 1856 39 3953 30 39 3954 174	0
97 55 0 430 564 198 39 208 3548 174	97 68 430 3955 3956 198 3661 3548 174	2
97 284 3957 3583 572 21 587 3958 3957 52 3254 24 285 70 3583 3216 174	24 3957 360 39 3583 572 140 285 9 3583 3216 174	3
35 37 3 291 1856 3959 30 3960 174	35 37 3 291 1856 3961 21 540 30 3962 3963 174	0
35 37 3 304 219 68 3549 9 2907 3964 112 447 3965 12 62 174	35 33 3 304 219 68 3549 3550 174	0
97 447 54 42 579 3966 21 3 3885 174	97 447 54 0 579 529 3967 21 3 3753 174	1
83 0 1817 39 631 1837 515 271 456 112 3658 3968 174	97 83 39 631 1837 2187 39 3968 174	3
97 68 117 157 195 21 39 3969 199 174	97 68 117 485 489 61 157 1321 12 195 52 39 3969 199 174	4
97 55 0 1734 60 3579 3580 3534 112 564 174	97 55 0 3611 39 1079 3580 3970 3534 174	1
35 434 46 3663 9 3539 68 404 174	35 434 46 3663 9 3539 3537 68 404 174	4
97 55 0 1734 60 3579 3580 3534 112 564 174	97 55 0 117 60 564 3933 174	1
35 434 46 1107 52 9 3804 174	35 37 1107 52 9 688 3804 174	4
