3 1838 65 552 448 76 39 1079 354 30 2956 22 342 49 9616 23 18	3 1838 5435 20032 729 20033 12 39 1079 554 30 2956 33 2956 139 2037 9616 23 18	4.500
6115 181 843 985 2101 1177 21 3 426 68 20034 18	6115 181 843 37 10043 2101 1177 21 3 426 68 20034 18	5.000
2956 505 20035 42 115 2957 7786 4912 20036 6972 12 60 334 18	0 216 95 68 20035 42 115 2748 2957 7786 6 32 176 398 12 60 334 18	4.250
3 938 24 224 51 2656 226 20037 19669 18	3 938 24 224 51 226 20038	4.500
3 2871 176 20039 6 20040 30 9101 18	3 2871 176 20039 6 20040 30 9101 18	5.000
3408 245 32 39 624 5386 78 60 758 68 20041 68 409 20042 18	32 245 45 39 5386 6544 21 719 68 156 2285 68 409 20042 18	5.000
23 9146 3 764 12 3 277 1240 226 3 17436 12 3 1325 1240 18	23 275 3 5824 12 20043 3 12585 12 3 277 1240 68 3 20044 12 5037 18	4.667
3 2871 176 20039 6 20040 30 9101 18	3 20045 176 20039 6 20040 30 9101 18	5.000
3 1838 65 552 448 76 39 1079 354 30 2956 22 342 49 9616 23 18	1838 552 65 243 354 68 2956 139 30 2037 224 18	5.000
3 938 24 224 51 2656 226 20037 19669 18	3 938 24 224 51 226 20046 18	5.000
32 1366 46 39 9153 63 39 2558 18	3 974 1366 46 21 9153 18	4.000
133 2197 20047 372 293 2035 3 3293 12 3 439 12 2434 18	133 176 15652 2197 372 68 2100 3 439 12 2434 18	3.500
363 719 9967 3 10765 7026 365	363 3 719 7530 10765 7026 365	4.750
3 1838 65 552 448 76 39 1079 354 30 2956 22 342 49 9616 23 18	3 1838 5435 20032 729 20033 3750 729 39 1079 354 30 2037 2956 22 2956 139 23 5113 18	3.750
0 255 61 12 555 2704 511 14107 20048 427 20049 18	0 6927 68 3 2704 511 176 2647 633 20050 18	4.250
1580	1580	5.000
3408 245 32 39 624 5386 78 60 758 68 20041 68 409 20042 18	23 59 45 45 485 12 3 624 5386 21 60 719 68 335 68 3 409 20042 18	4.333
63 0 238 6394 2780 1115 3990 6 32 37 39 932 20051 60 20052 6115 18	63 0 65 238 6394 6 226 1115 3990 6 39 932 37 226 3 4616 12 60 2008 12 20052 18	4.500
2757 676 6 3 20053 6306 54 46 20054 21 1479 262 105 439 729 764 808 20055 18	2757 676 6 3 20053 6306 54 46 20056 129 21 39 110 262 105 3 764 12 439 26 20055 18	5.000
6115 181 843 985 2101 1177 21 3 426 68 20034 18	6115 181 843 985 1177 68 2101 20034 426 18	5.000
133 2197 20047 372 293 2035 3 3293 12 3 439 12 2434 18	133 224 20057 2197 372 68 2100 3 3509 439 18	4.000
4458 42 6 19140 18	4458 42 6 19140 18	5.000
133 2197 20047 372 293 2035 3 3293 12 3 439 12 2434 18	2197 133 176 15652 12 2050 2434 33 439 18	4.750
4458 42 6 19140 18	4458 42 6 19140 18	5.000
363 719 9967 3 10765 7026 365	363 719 9967 3 10765 7026 365	5.000
2956 505 20035 42 115 2957 7786 4912 20036 6972 12 60 334 18	0 74 68 229 68 42 115 2748 2957 7786 6 32 176 20036 12 60 334 18	5.000
2956 505 20035 42 115 2957 7786 4912 20036 6972 12 60 334 18	0 11677 26 20058 42 115 2748 2957 7786 6 32 176 20059 12 60 334 18	4.750
547 2429 133 434 65 6802 39 7249 18	2429 133 83 65 448 332 68 2287 39 6724 18	4.500
20060 1241 6 598 63 1495 1216 30 39 4561 11990 6 176 10082 18	2241 1241 63 3 1216 12 3 1495 515 3 11010 26 4561 176 10082 18	4.750
23 9146 3 764 12 3 277 1240 226 3 17436 12 3 1325 1240 18	23 275 9074 3 764 12 3 959 1240 68 3 20044 12 1325 18	5.000
115 3083 434 1358 3 3823 5250 68 20061 18	60 551 12 3 2210 12 11980 890 3 3823 68 3 5367 18	4.500
20062 6306 363 20063 330 6214 365	5162 20062 363 20063 330 6214 365	4.250
4458 42 6 19140 18	20064 6 20065 3 19140 18	4.750
133 2197 20047 372 293 2035 3 3293 12 3 439 12 2434 18	133 133 224 20057 2197 372 12 2050 3 3509 439 18	4.250
23 9146 3 764 12 3 277 1240 226 3 17436 12 3 1325 1240 18	23 275 21 2408 9074 3 764 12 959 1240 68 3 20044 12 1325 18	5.000
547 2429 133 434 65 6802 39 7249 18	2429 547 133 216 65 6802 39 7249 18	5.000
32 1366 46 39 9153 63 39 2558 18	3158 1366 46 21 15216 18	4.500
3408 245 32 39 624 5386 78 60 758 68 20041 68 409 20042 18	32 245 45 2782 624 5386 78 60 719 68 1206 2285 68 3 409 20042 18	5.000
6115 181 843 985 2101 1177 21 3 426 68 20034 18	6115 181 843 985 2101 1177 21 3 426 68 20034 18	5.000
20062 6306 363 20063 330 6214 365	20062 6306 363 20063 330 6214 365	5.000
2757 676 6 0 970 21 1178 12 3 2876 21 3 3861 18	2757 676 6 0 2198 68 224 3 4876 12 2876 12 60 3035 18	4.250
4458 42 6 19140 18	4458 42 6 19140 18	5.000
6115 181 843 985 2101 1177 21 3 426 68 20034 18	6115 843 985 2101 20066 21 3 426 68 3 20034 18	5.000
3 1838 65 552 448 76 39 1079 354 30 2956 22 342 49 9616 23 18	3 1838 5435 2656 12 39 1079 354 30 2033 2956 3 358 18	4.000
0 255 61 12 555 2704 511 14107 20048 427 20049 18	0 255 61 12 3 2704 511 176 633 20050 372 18	4.500
3 938 24 224 51 2656 226 20037 19669 18	3 938 24 224 51 52 20046 18	4.750
23 9146 3 764 12 3 277 1240 226 3 17436 12 3 1325 1240 18	60 275 3 5824 12 5106 3 764 12 3 959 1240 226 3 17436 12 1325 18	4.800
3 1838 65 552 448 76 39 1079 354 30 2956 22 342 49 9616 23 18	3 1838 7873 20032 729 20033 12 39 1079 554 30 2956 22 2473 139 2037 68 9616 23 18	4.250
4458 42 6 19140 18	4458 42 6 19140 18	5.000
363 719 9967 3 10765 7026 365	363 3 719 7530 3 10765 7026 365	5.000
1580	1580	5.000
2757 676 6 3 20053 6306 54 46 20054 21 1479 262 105 439 729 764 808 20055 18	2757 676 6 3 20053 6306 54 46 20067 21 39 110 262 105 3 764 12 439 26 20055 18	5.000
3408 245 32 39 624 5386 78 60 758 68 20041 68 409 20042 18	32 245 181 485 624 5386 6544 21 60 719 68 1206 2285 68 409 20042 18	5.000
3408 245 32 39 624 5386 78 60 758 68 20041 68 409 20042 18	23 284 45 245 45 181 2262 39 5386 6544 21 60 719 68 335 68 3 409 20042 18	4.750
3 1838 65 552 448 76 39 1079 354 30 2956 22 342 49 9616 23 18	76 3 1838 2656 39 1079 354 30 2033 2956 3 2187 18	4.250
63 0 238 6394 2780 1115 3990 6 32 37 39 932 20051 60 20052 6115 18	63 0 5071 729 65 238 6394 21 1115 3990 6 39 932 37 226 3 4616 12 60 2008 12 20052 18	4.750
7361 20068 6306 363 20069 330 6214 365	7361 20068 6306 363 20069 330 6214 365	5.000
547 2429 133 434 65 6802 39 7249 18	133 216 2429 547 332 2287 39 6724 18	4.250
23 37 2957 272 68 1677 68 1216 1953 52 3 19317 12 3 755 4690 18	23 37 2957 1388 68 1677 68 1216 1953 26 3 543 12 3 19317 12 3 755 4690 18	5.000
363 719 9967 3 10765 7026 365	363 719 9967 3 10765 7026 365	5.000
2757 676 6 0 970 21 1178 12 3 2876 21 3 3861 18	2757 676 6 0 74 68 224 3 4876 12 2876 18	4.500
23 37 2957 272 68 1677 68 1216 1953 52 3 19317 12 3 755 4690 18	23 37 2957 1388 68 1677 3927 1953 26 3 132 12 3 755 4690 18	4.500
0 255 61 12 555 2704 511 14107 20048 427 20049 18	0 255 314 12 2704 511 176 45 4531 2647 18	3.000
20062 6306 363 20063 330 6214 365	20062 6306 363 20063 330 6214 365	5.000
2956 505 20035 42 115 2957 7786 4912 20036 6972 12 60 334 18	0 216 95 68 20035 42 115 2957 7786 6 32 176 20070 6972 12 60 334 18	4.750
14320 5940 6 30 3227 146 11750 20071 68 3455 6 5880 2375 3 13378 21 3 1245 18	133 4790 20072 21 3 1245 30 2033 39 20073 20071 68 3455 18	4.000
23 9146 3 764 12 3 277 1240 226 3 17436 12 3 1325 1240 18	60 275 3 5824 12 5106 3 764 12 3 959 1240 226 3 17436 12 1325 18	4.800
23 9146 3 764 12 3 277 1240 226 3 17436 12 3 1325 1240 18	60 275 3 5824 12 5106 3 764 12 3 959 1240 226 3 17436 12 1325 18	4.800
7361 20068 6306 363 20069 330 6214 365	7361 20068 6306 21 2361 20069 6975 6214 365	4.500
23 37 2957 272 68 1677 68 1216 1953 52 3 19317 12 3 755 4690 18	23 37 12 2957 1388 68 1677 3927 3 1953 26 3 132 12 3 17006 12 3 755 4690 18	5.000
7361 20068 6306 363 20069 330 6214 365	2757 7361 20068 6306 363 20069 330 6214 365	5.000
2757 676 6 3 20053 6306 54 46 20054 21 1479 262 105 439 729 764 808 20055 18	12536 676 6 3 20053 6306 330 5232 54 20074 2478 21 39 110 262 105 4276 12 3 439 26 3 20055 18	5.000
6115 181 843 985 2101 1177 21 3 426 68 20034 18	6115 843 985 2101 20066 21 3 426 68 3 20034 18	5.000
9417 24 6162 109 6 173 24 6162 109 6 2434 24 6162 13665 2975 30 4598 18	3 2312 176 3 20075 6 173 6 30 3509 20076 30 4598 20077 18	4.750
23 37 2957 272 68 1677 68 1216 1953 52 3 19317 12 3 755 4690 18	23 37 2957 1388 68 1677 68 1216 3 1953 26 3 132 12 3 19317 12 3 755 4690 18	5.000
363 719 9967 3 10765 7026 365	363 719 9967 3 10765 7026 365	5.000
115 3083 434 1358 3 3823 5250 68 20061 18	60 9108 551 890 3 3823 68 3 5367 61 18	5.000
1580	1580	5.000
3 2871 176 20039 6 20040 30 9101 18	2871 176 20039 6 20040 30 11082 18	4.800
3 3509 3042 275 449 68 55 392 30 55 23 4347 18	23 37 115 3 3509 3042 37 3467 30 115 23 55 236 4347 18	4.600
0 255 61 12 555 2704 511 14107 20048 427 20049 18	0 255 314 12 2704 511 176 45 4531 2647 18	3.000
23 9146 3 764 12 3 277 1240 226 3 17436 12 3 1325 1240 18	275 3 5824 12 5106 3 764 12 3 959 226 3 17436 12 2255 1240 18	4.750
3 4005 176 20078 19532 6 2956 4425 20079 18	3 4005 176 20080 19532 30 3088 513 20079 18	4.571
3 2871 176 20039 6 20040 30 9101 18	3 2871 176 20039 6 20040 30 9101 18	5.000
3 4005 176 20078 19532 6 2956 4425 20079 18	3 4005 176 20080 19532 30 318 513 20079 18	4.714
1580	1580	5.000
20062 6306 363 20063 330 6214 365	20062 6306 363 20063 330 6214 365	5.000
3408 245 32 39 624 5386 78 60 758 68 20041 68 409 20042 18	32 245 181 624 5386 21 60 719 68 156 2285 68 409 20042 18	5.000
6115 181 843 985 2101 1177 21 3 426 68 20034 18	3 6115 843 985 233 1177 21 3 426 68 3 20034 18	4.833
363 719 9967 3 10765 7026 365	363 719 9967 3 10765 7026 365	5.000
7361 20068 6306 363 20069 330 6214 365	6306 7361 20068 363 20069 330 6214 365	5.000
2757 676 6 0 970 21 1178 12 3 2876 21 3 3861 18	2757 676 6 0 216 95 68 117 3 1178 12 2876 21 60 3035 18	4.000
115 3083 434 1358 3 3823 5250 68 20061 18	60 551 12 3 11939 890 3 3823 52 3 5367 61 18	3.500
2757 676 6 3 20053 6306 54 46 20054 21 1479 262 105 439 729 764 808 20055 18	2757 676 6 3 20053 6306 54 46 20056 129 21 39 110 262 105 3 764 12 439 26 3 20055 18	5.000
9417 24 6162 109 6 173 24 6162 109 6 2434 24 6162 13665 2975 30 4598 18	3 2312 24 46 3 20075 6 52 3 173 6 30 3509 20076 30 4598 24 20081 18	4.500
23 9146 3 764 12 3 277 1240 226 3 17436 12 3 1325 1240 18	60 275 3 5824 12 5106 3 764 12 959 1240 226 3 17436 12 2255 18	4.750
3408 245 32 39 624 5386 78 60 758 68 20041 68 409 20042 18	32 245 181 624 5386 21 60 719 68 156 2285 68 409 20042 18	5.000
0 255 61 12 555 2704 511 14107 20048 427 20049 18	0 255 61 12 555 2704 511 176 633 20050 372 18	4.250
23 37 2957 272 68 1677 68 1216 1953 52 3 19317 12 3 755 4690 18	23 37 2957 1388 68 1677 68 1216 1953 26 3 543 12 3 19317 12 3 755 4690 18	5.000
3 1838 65 552 448 76 39 1079 354 30 2956 22 342 49 9616 23 18	3 1838 65 2656 12 39 1079 526 30 2956 139 2037 9758 18	5.000
20060 1241 6 598 63 1495 1216 30 39 4561 11990 6 176 10082 18	2241 20082 95 3 1216 12 3 1495 515 3 11010 52 4561 176 10082 18	4.500
0 255 61 12 555 2704 511 14107 20048 427 20049 18	0 255 61 12 3 2704 12 719 511 176 633 2647 18	3.750
3 2871 176 20039 6 20040 30 9101 18	3 2871 176 20039 6 20040 30 9101 18	5.000
32 1366 46 39 9153 63 39 2558 18	3 2558 1366 46 21 9153 18	4.667
2757 676 6 0 970 21 1178 12 3 2876 21 3 3861 18	2757 676 6 0 216 95 68 224 3 1178 12 2876 21 60 3035 18	4.667
547 2429 133 434 65 6802 39 7249 18	2429 133 216 547 65 68 1764 39 6724 18	4.000
3 3509 3042 275 449 68 55 392 30 55 23 4347 18	23 403 115 3 3509 3042 9177 2109 30 115 2798 55 23 4347 18	4.250
1580	1580	5.000
32 1366 46 39 9153 63 39 2558 18	3 2558 1366 46 21 9153 18	4.667
20060 1241 6 598 63 1495 1216 30 39 4561 11990 6 176 10082 18	3 20083 1241 63 3 1216 12 3 1495 515 3 11010 68 4561 37 10082 18	4.500
2757 676 6 0 970 21 1178 12 3 2876 21 3 3861 18	2757 676 6 0 216 95 68 9951 2876 21 3 3035 18	4.750
3 938 24 224 51 2656 226 20037 19669 18	3 938 24 224 51 226 20037 19669 18	4.429
1580	1580	5.000
115 3083 434 1358 3 3823 5250 68 20061 18	60 551 12 3 9108 890 3 3823 68 20061 18	4.200
63 0 238 6394 2780 1115 3990 6 32 37 39 932 20051 60 20052 6115 18	63 0 238 6394 21 1115 3990 6 39 932 37 226 3 69 12 60 2008 12 20052 18	4.750
4458 42 6 19140 18	4458 42 6 19140 18	5.000
3 3509 3042 275 449 68 55 392 30 55 23 4347 18	23 37 256 115 3 3509 3042 37 3467 6 30 112 60 68 46 266 4347 18	4.750
3 938 24 224 51 2656 226 20037 19669 18	3 938 24 224 51 226 20037 19669 18	4.429
14320 5940 6 30 3227 146 11750 20071 68 3455 6 5880 2375 3 13378 21 3 1245 18	133 1311 3 20072 21 3 1245 30 2037 39 20073 4276 68 3455 18	4.250
63 0 238 6394 2780 1115 3990 6 32 37 39 932 20051 60 20052 6115 18	63 0 65 238 6394 21 1115 3990 6 37 226 3 4616 12 60 20052 18	3.500
2757 676 6 0 970 21 1178 12 3 2876 21 3 3861 18	2757 676 6 0 569 68 3 1178 12 2876 21 60 3035 18	4.500
23 37 2957 272 68 1677 68 1216 1953 52 3 19317 12 3 755 4690 18	23 37 2957 1388 68 1677 68 1216 3 1953 26 3 543 12 3 19317 12 3 755 4690 18	5.000
20062 6306 363 20063 330 6214 365	20062 6306 363 192 330 6214 365	3.000
4458 42 6 19140 18	4458 42 6 20065 3 19140 18	4.500
7361 20068 6306 363 20069 330 6214 365	7361 20068 6306 363 20069 330 6214 365	5.000
2757 676 6 3 20053 6306 54 46 20054 21 1479 262 105 439 729 764 808 20055 18	2757 676 6 3 20053 6306 54 46 20056 129 21 39 110 262 105 3 764 12 3 439 26 20055 18	5.000
131 6 557 2025 26 3 5672 12 2467 2921 18	26 557 511 176 131 21 3 168 12 39 9510 13520 18	4.000
63 0 238 6394 2780 1115 3990 6 32 37 39 932 20051 60 20052 6115 18	63 0 65 238 6394 226 1115 3990 6 39 932 37 26 3 5672 12 60 9607 20052 18	5.000
3 4005 176 20078 19532 6 2956 4425 20079 18	3 4005 176 20080 19532 30 3088 513 20079 18	4.571
3408 245 32 39 624 5386 78 60 758 68 20041 68 409 20042 18	32 245 181 624 5386 21 60 719 68 156 2285 68 409 20042 18	5.000
23 37 2957 272 68 1677 68 1216 1953 52 3 19317 12 3 755 4690 18	23 37 12 2957 1388 68 1677 68 1216 1953 26 3 132 12 3 19317 12 3 755 4690 18	5.000
131 6 557 2025 26 3 5672 12 2467 2921 18	261 2025 131 90 12 39 20084 2467 18	4.800
6115 181 843 985 2101 1177 21 3 426 68 20034 18	6115 843 985 2101 20066 21 3 426 68 20034 18	5.000
115 3083 434 1358 3 3823 5250 68 20061 18	60 551 12 3 9108 890 3 3823 68 3 5367 18	5.000
20060 1241 6 598 63 1495 1216 30 39 4561 11990 6 176 10082 18	3 2241 1241 63 3 1216 12 3 1495 515 3 11010 68 3 4561 37 2557 18	4.250
3 938 24 224 51 2656 226 20037 19669 18	3 938 24 224 51 226 20037 19669 18	4.429
3 4005 176 20078 19532 6 2956 4425 20079 18	3 4005 176 20080 19532 30 3088 513 20079 18	4.571
3 1838 65 552 448 76 39 1079 354 30 2956 22 342 49 9616 23 18	3 1838 65 552 12 39 1079 354 30 2956 6975 2037 3 224 18	4.750
2757 676 6 3 20053 6306 54 46 20054 21 1479 262 105 439 729 764 808 20055 18	2757 676 6 3 20053 6306 54 46 20056 129 21 39 110 262 105 3 764 12 439 26 20055 18	5.000
547 2429 133 434 65 6802 39 7249 18	133 121 547 434 65 6802 39 7249 18	5.000
1580	1580	5.000
2757 676 6 3 20053 6306 54 46 20054 21 1479 262 105 439 729 764 808 20055 18	2757 676 6 3 6306 2757 20053 33 54 46 20054 21 39 110 262 105 3 764 12 510 26 3 18094 18	3.000
14320 5940 6 30 3227 146 11750 20071 68 3455 6 5880 2375 3 13378 21 3 1245 18	133 65 3 20072 21 3 1245 30 2037 39 1362 12387 68 3455 18	4.250
3 2871 176 20039 6 20040 30 9101 18	3 2871 176 20039 6 20040 30 9101 18	5.000
2757 676 6 0 970 21 1178 12 3 2876 21 3 3861 18	20065 3 676 6 0 255 5424 68 224 3 1174 12 3 2876 12 60 3035 18	4.000
363 719 9967 3 10765 7026 365	363 3 719 7530 3 10765 7026 365	5.000
9417 24 6162 109 6 173 24 6162 109 6 2434 24 6162 13665 2975 30 4598 18	2312 24 46 3 20075 6 52 173 6 30 3509 20076 30 4598 20077 18	4.000
0 255 61 12 555 2704 511 14107 20048 427 20049 18	0 255 314 12 3 10167 3118 115 176 633 2647 20085 18	4.000
20060 1241 6 598 63 1495 1216 30 39 4561 11990 6 176 10082 18	3 2241 1241 63 3 1216 12 3 1495 515 3 11010 26 4561 176 10082 18	4.400
14320 5940 6 30 3227 146 11750 20071 68 3455 6 5880 2375 3 13378 21 3 1245 18	133 4790 3 20072 68 3 19156 30 2037 39 20073 12387 68 3455 18	4.250
115 3083 434 1358 3 3823 5250 68 20061 18	60 551 12 3 9108 890 3 3823 68 3 5367 18	5.000
7361 20068 6306 363 20069 330 6214 365	7361 20068 6306 363 192 330 6214 365	3.400
3 2871 176 20039 6 20040 30 9101 18	3 2871 176 20086 6 20040 30 9101 18	4.750
7361 20068 6306 363 20069 330 6214 365	7361 20068 6306 363 192 330 6214 365	3.400
63 0 238 6394 2780 1115 3990 6 32 37 39 932 20051 60 20052 6115 18	63 0 65 238 6394 226 1115 3990 6 39 932 37 26 3 5672 12 60 6115 12 20052 18	4.800
20062 6306 363 20063 330 6214 365	6306 20062 363 20063 330 6214 365	4.750
9417 24 6162 109 6 173 24 6162 109 6 2434 24 6162 13665 2975 30 4598 18	3 9417 176 3 20075 6 52 3 173 6 30 3 20076 30 3 4598 3509 20077 18	4.750
7361 20068 6306 363 20069 330 6214 365	6306 20087 20068 363 20069 330 6214 365	3.000
131 6 557 2025 26 3 5672 12 2467 2921 18	233 2025 260 131 21 2594 12 39 20084 13520 18	4.250
1580	1580	5.000
133 2197 20047 372 293 2035 3 3293 12 3 439 12 2434 18	133 2431 2197 2100 3509 439 18	3.250
9417 24 6162 109 6 173 24 6162 109 6 2434 24 6162 13665 2975 30 4598 18	2312 24 46 3 20075 6 52 173 6 30 20077 3509 20076 30 4598 18	4.750
14320 5940 6 30 3227 146 11750 20071 68 3455 6 5880 2375 3 13378 21 3 1245 18	133 1311 20072 21 1245 30 2037 39 20073 12387 68 3455 18	4.500
2757 676 6 0 970 21 1178 12 3 2876 21 3 3861 18	2757 676 6 0 216 95 68 224 3 1178 12 2876 21 60 3035 18	4.667
14320 5940 6 30 3227 146 11750 20071 68 3455 6 5880 2375 3 13378 21 3 1245 18	133 579 20072 21 3 1245 30 2037 39 20073 12387 68 3455 18	4.167
2757 676 6 3 20053 6306 54 46 20054 21 1479 262 105 439 729 764 808 20055 18	2757 676 6 3 6306 20053 54 1206 1519 21 233 262 105 3 764 12 3 439 26 20088 18	4.500
2757 676 6 0 970 21 1178 12 3 2876 21 3 3861 18	2757 676 6 0 216 95 68 224 3 4876 12 2876 21 60 3035 18	4.500
3 938 24 224 51 2656 226 20037 19669 18	3 938 24 51 68 20046 18	4.500
363 719 9967 3 10765 7026 365	363 719 9967 3 10765 7026 365	5.000
3 938 24 224 51 2656 226 20037 19669 18	3 938 24 46 68 20046 18	4.500
3 3509 3042 275 449 68 55 392 30 55 23 4347 18	3 3509 3042 2109 30 55 236 4347 18	3.250
32 1366 46 39 9153 63 39 2558 18	3 2558 1366 46 21 9153 18	4.667
20062 6306 363 20063 330 6214 365	6306 20062 21 2361 20063 6975 6214 365	4.750
3 3509 3042 275 449 68 55 392 30 55 23 4347 18	23 37 3685 115 3 3509 3042 37 3467 30 115 23 288 23 4347 18	4.750
3408 245 32 39 624 5386 78 60 758 68 20041 68 409 20042 18	23 59 45 2238 45 485 624 5386 78 60 719 68 1206 2285 68 3 2133 20042 18	5.000
32 1366 46 39 9153 63 39 2558 18	178 1366 46 15172 18	4.800
547 2429 133 434 65 6802 39 7249 18	133 216 2429 547 434 2287 39 6724 18	4.250
2956 505 20035 42 115 2957 7786 4912 20036 6972 12 60 334 18	0 216 20035 42 115 61 12 2957 7786 6 23 37 160 98 12 60 334 18	4.500
131 6 557 2025 26 3 5672 12 2467 2921 18	3750 729 261 2025 260 131 90 12 146 2467 20084 18	3.500
115 3083 434 1358 3 3823 5250 68 20061 18	60 551 21 3 9108 890 3 3823 68 3 5367 18	4.500
4458 42 6 19140 18	4458 42 6 19140 18	5.000
32 1366 46 39 9153 63 39 2558 18	3 2558 1366 46 21 9153 18	4.667
20060 1241 6 598 63 1495 1216 30 39 4561 11990 6 176 10082 18	3 2241 1241 63 3 1216 12 3 1495 515 3 11010 68 3 4561 176 10082 18	4.750
2757 676 6 0 970 21 1178 12 3 2876 21 3 3861 18	20065 18353 808 23 6 0 11677 26 3810 3 1174 12 3 2876 12 60 3035 18	4.000
23 9146 3 764 12 3 277 1240 226 3 17436 12 3 1325 1240 18	115 275 112 5824 68 984 3 764 12 3 277 1240 68 3 20044 12 3 1325 3118 18	4.000
2956 505 20035 42 115 2957 7786 4912 20036 6972 12 60 334 18	0 216 95 68 20035 42 115 61 12 2957 7786 6 32 176 20070 6972 12 60 334 18	4.500
3 938 24 224 51 2656 226 20037 19669 18	3 938 24 224 51 226 20037 19669 18	4.429
20060 1241 6 598 63 1495 1216 30 39 4561 11990 6 176 10082 18	3 20083 1241 63 3 1495 515 3 4561 37 10082 18	4.250
20060 1241 6 598 63 1495 1216 30 39 4561 11990 6 176 10082 18	2241 1241 63 3 1495 515 3 11010 26 4561 176 10082 18	4.400
4458 42 6 19140 18	4458 42 6 20065 19140 18	4.600
133 2197 20047 372 293 2035 3 3293 12 3 439 12 2434 18	133 2197 224 20057 372 68 2100 3 439 12 2434 18	3.833
1580	1580	5.000
1580	1580	5.000
20062 6306 363 20063 330 6214 365	20062 6306 363 20063 330 6214 365	5.000
2757 676 6 3 20053 6306 54 46 20054 21 1479 262 105 439 729 764 808 20055 18	2757 676 6 3 20053 6306 54 46 20067 21 16 262 105 3 764 12 3 510 26 3 18094 18	4.000
547 2429 133 434 65 6802 39 7249 18	133 57 547 65 68 1764 39 6724 18	3.714
3 1838 65 552 448 76 39 1079 354 30 2956 22 342 49 9616 23 18	3 1838 65 2656 39 1079 354 30 2956 139 2037 9616 23 18	4.333
3 2871 176 20039 6 20040 30 9101 18	3 2871 20039 6 176 20040 30 9101 18	5.000
6115 181 843 985 2101 1177 21 3 426 68 20034 18	6115 181 843 37 10043 2101 5327 21 3 426 68 3 20034 18	5.000
1580	1580	5.000
23 37 2957 272 68 1677 68 1216 1953 52 3 19317 12 3 755 4690 18	23 37 2957 1388 68 1677 68 1216 1953 26 3 543 12 3 19317 12 3 755 4690 18	5.000
363 719 9967 3 10765 7026 365	363 719 9967 3 10765 7026 365	5.000
2956 505 20035 42 115 2957 7786 4912 20036 6972 12 60 334 18	0 216 95 68 20035 42 115 2748 2957 7786 6 32 176 20070 6972 12 60 334 18	4.500
363 719 9967 3 10765 7026 365	363 719 9967 3 10765 7026 365	5.000
20062 6306 363 20063 330 6214 365	20062 6306 363 20063 330 6214 365	5.000
14320 5940 6 30 3227 146 11750 20071 68 3455 6 5880 2375 3 13378 21 3 1245 18	133 579 20072 21 3 1245 30 2037 39 20073 12387 68 3455 18	4.167
3 3509 3042 275 449 68 55 392 30 55 23 4347 18	23 37 115 3 3509 3042 37 170 30 115 23 46 266 160 137 18	4.500
0 255 61 12 555 2704 511 14107 20048 427 20049 18	0 255 61 12 3 2704 511 176 427 20050 372 18	4.167
20060 1241 6 598 63 1495 1216 30 39 4561 11990 6 176 10082 18	14126 627 63 3 1216 12 3 1495 515 18882 21 3 4561 176 2557 18	4.500
32 1366 46 39 9153 63 39 2558 18	3 2558 1366 46 15172 18	4.250
7361 20068 6306 363 20069 330 6214 365	7361 20068 6306 363 20069 330 6214 365	5.000
115 3083 434 1358 3 3823 5250 68 20061 18	60 551 12 3 9108 890 3 3823 68 20061 18	4.200
0 255 61 12 555 2704 511 14107 20048 427 20049 18	0 255 314 12 20089 511 176 633 2647 20050 18	4.000
2757 676 6 3 20053 6306 54 46 20054 21 1479 262 105 439 729 764 808 20055 18	20065 3 676 6 3 6306 20053 54 20074 2109 21 233 262 105 3 2975 12 3 439 26 3 20055 18	4.500
3 3509 3042 275 449 68 55 392 30 55 23 4347 18	23 37 115 3 3509 3042 37 3467 30 115 23 24 137 18	3.500
0 255 61 12 555 2704 511 14107 20048 427 20049 18	0 255 61 12 3 2704 511 176 427 20050 372 18	4.167
3 2871 176 20039 6 20040 30 9101 18	3 2871 176 20039 6 20040 30 9101 18	5.000
3 3509 3042 275 449 68 55 392 30 55 23 4347 18	23 37 256 115 3 3509 3042 37 23 20090 6 30 55 236 4347 18	3.750
2757 676 6 0 970 21 1178 12 3 2876 21 3 3861 18	2757 676 6 0 74 68 3404 129 112 2876 12 60 283 18	4.500
32 1366 46 39 9153 63 39 2558 18	3 1181 1366 46 21 9153 18	4.750
14320 5940 6 30 3227 146 11750 20071 68 3455 6 5880 2375 3 13378 21 3 1245 18	133 579 5071 729 20072 21 1245 30 2037 39 20073 12387 68 3455 18	3.250
3 4005 176 20078 19532 6 2956 4425 20079 18	4260 176 2513 19532 30 3088 513 20091 18	3.250
3 1838 65 552 448 76 39 1079 354 30 2956 22 342 49 9616 23 18	3 1838 176 372 2656 68 39 1079 354 30 2956 139 2037 3 224 18	5.000
2757 676 6 0 970 21 1178 12 3 2876 21 3 3861 18	12536 676 6 0 117 39 551 12 3810 3 1174 12 3 2876 12 60 3035 18	5.000
1580	1580	5.000
3408 245 32 39 624 5386 78 60 758 68 20041 68 409 20042 18	32 245 181 624 5386 21 60 719 68 156 2285 68 409 20042 18	5.000
14320 5940 6 30 3227 146 11750 20071 68 3455 6 5880 2375 3 13378 21 3 1245 18	133 579 20072 21 3 1245 30 2033 39 20073 5620 68 3455 18	3.250
20062 6306 363 20063 330 6214 365	3 6306 20062 6 20063 330 6214 6975	5.000
2757 676 6 3 20053 6306 54 46 20054 21 1479 262 105 439 729 764 808 20055 18	2757 676 6 3 20053 6306 54 46 20056 129 21 39 110 262 105 3 764 12 439 26 20055 18	5.000
133 2197 20047 372 293 2035 3 3293 12 3 439 12 2434 18	133 133 20057 2197 372 12 2050 3 3509 439 18	4.250
20062 6306 363 20063 330 6214 365	20062 6306 363 20063 330 6214 365	5.000
115 3083 434 1358 3 3823 5250 68 20061 18	60 551 12 11980 890 3 3823 68 3 5367 18	5.000
131 6 557 2025 26 3 5672 12 2467 2921 18	261 2025 131 90 12 146 2467 20092 18	4.500
2956 505 20035 42 115 2957 7786 4912 20036 6972 12 60 334 18	0 74 68 20035 42 115 12 2957 7786 6 23 37 12 1184 12 334 18	4.750
20062 6306 363 20063 330 6214 365	20062 6306 363 20063 330 6214 365	5.000
3 1838 65 552 448 76 39 1079 354 30 2956 22 342 49 9616 23 18	3 1838 552 65 243 354 68 2956 139 30 2037 9616 23 18	5.000
0 255 61 12 555 2704 511 14107 20048 427 20049 18	0 520 314 12 3 2704 12 719 511 176 633 20050 2647 18	4.500
133 2197 20047 372 293 2035 3 3293 12 3 439 12 2434 18	133 2197 20093 2431 372 68 2100 3 3509 439 18	4.500
2757 676 6 3 20053 6306 54 46 20054 21 1479 262 105 439 729 764 808 20055 18	2757 676 6 3 20053 6306 54 46 20054 63 6785 105 3 439 26 20055 18	5.000
6115 181 843 985 2101 1177 21 3 426 68 20034 18	6115 843 1177 21 426 68 20034 18	4.500
3 3509 3042 275 449 68 55 392 30 55 23 4347 18	23 37 3685 115 3 3509 3042 170 30 115 23 83 55 236 4347 18	4.750
2956 505 20035 42 115 2957 7786 4912 20036 6972 12 60 334 18	0 255 5424 68 6955 42 115 2748 2957 7786 6 32 37 20036 12 60 334 18	4.250
20060 1241 6 598 63 1495 1216 30 39 4561 11990 6 176 10082 18	14126 410 63 3 1216 12 3 1495 515 3 18882 226 3 4561 37 10082 18	4.250
23 37 2957 272 68 1677 68 1216 1953 52 3 19317 12 3 755 4690 18	23 37 2957 1388 68 1677 68 1216 1953 26 3 543 12 3 19317 12 3 755 4690 18	5.000
2956 505 20035 42 115 2957 7786 4912 20036 6972 12 60 334 18	0 216 20035 42 115 2957 7786 6 20059 12 60 334 18	4.750
6115 181 843 985 2101 1177 21 3 426 68 20034 18	6115 181 843 37 10043 2101 1177 21 3 426 68 20034 18	5.000
3 1838 65 552 448 76 39 1079 354 30 2956 22 342 49 9616 23 18	3 1838 176 2656 39 1079 354 30 2033 2956 18	4.000
3408 245 32 39 624 5386 78 60 758 68 20041 68 409 20042 18	32 59 45 2238 2782 12 5386 624 78 60 719 68 335 21 409 20042 18	4.750
3 938 24 224 51 2656 226 20037 19669 18	3 938 24 224 51 226 20046 18	5.000
133 2197 20047 372 293 2035 3 3293 12 3 439 12 2434 18	133 176 15652 2197 12 2050 3 3509 439 372 18	4.250
14320 5940 6 30 3227 146 11750 20071 68 3455 6 5880 2375 3 13378 21 3 1245 18	133 1311 20072 21 3 1245 30 2037 39 20073 12387 68 3455 18	4.167
20062 6306 363 20063 330 6214 365	6306 20062 363 20063 330 6214 365	4.750
131 6 557 2025 26 3 5672 12 2467 2921 18	557 2025 131 90 12 146 2467 20092 18	4.250
363 719 9967 3 10765 7026 365	6 3 719 9967 3 10765 7026 6975	5.000
20060 1241 6 598 63 1495 1216 30 39 4561 11990 6 176 10082 18	2241 1241 6 1216 515 1495 226 4561 37 10082 18	4.500
20060 1241 6 598 63 1495 1216 30 39 4561 11990 6 176 10082 18	1216 2241 63 3 1216 12 3 1495 515 3 11010 68 3 4561 37 2557 18	4.500
20060 1241 6 598 63 1495 1216 30 39 4561 11990 6 176 10082 18	14126 6943 63 3 1216 12 3 1495 515 3 11010 68 4561 37 10082 18	4.250
133 2197 20047 372 293 2035 3 3293 12 3 439 12 2434 18	133 2197 224 20057 372 68 2100 3 439 12 2434 18	3.833
131 6 557 2025 26 3 5672 12 2467 2921 18	261 2164 131 90 12 39 20084 2467 18	4.000
2956 505 20035 42 115 2957 7786 4912 20036 6972 12 60 334 18	0 216 95 68 20035 42 115 2748 2957 7786 6 32 176 20094 12 60 334 18	4.750
7361 20068 6306 363 20069 330 6214 365	6306 7361 20068 363 20069 330 6214 365	4.750
0 255 61 12 555 2704 511 14107 20048 427 20049 18	0 255 61 12 3 2704 511 176 427 20050 372 18	4.167
3 4005 176 20078 19532 6 2956 4425 20079 18	3 4005 176 20080 19532 30 3088 513 20079 18	4.571
131 6 557 2025 26 3 5672 12 2467 2921 18	261 2164 131 90 12 39 20084 2467 18	4.000
2757 676 6 3 20053 6306 54 46 20054 21 1479 262 105 439 729 764 808 20055 18	2757 676 6 3 20053 6306 54 46 20056 129 21 39 110 262 105 3 764 12 439 26 20055 18	5.000
23 9146 3 764 12 3 277 1240 226 3 17436 12 3 1325 1240 18	115 275 63 5824 68 984 3 764 12 3 466 1240 68 3 20044 12 3 1325 3118 18	4.750
131 6 557 2025 26 3 5672 12 2467 2921 18	557 176 12186 131 90 12 39 20095 13520 18	4.250
131 6 557 2025 26 3 5672 12 2467 2921 18	261 2164 131 4075 68 39 2467 20096 18	4.250
131 6 557 2025 26 3 5672 12 2467 2921 18	261 20097 131 15052 68 146 2467 9510 18	3.750
2956 505 20035 42 115 2957 7786 4912 20036 6972 12 60 334 18	0 216 95 68 20035 42 115 2748 2957 7786 6 32 176 20070 6972 12 60 334 18	4.500
20060 1241 6 598 63 1495 1216 30 39 4561 11990 6 176 10082 18	2241 1241 63 3 1216 12 3 1495 515 3 11010 26 4561 176 10082 18	4.750
3 1838 65 552 448 76 39 1079 354 30 2956 22 342 49 9616 23 18	3 1838 552 65 39 1079 354 30 2956 139 2037 9616 23 18	5.000
115 3083 434 1358 3 3823 5250 68 20061 18	60 551 12 3 9108 890 3 3823 68 3 5367 18	5.000
131 6 557 2025 26 3 5672 12 2467 2921 18	261 2025 131 90 12 20092 2467 18	4.500
3408 245 32 39 624 5386 78 60 758 68 20041 68 409 20042 18	32 245 45 5386 624 78 60 719 68 2592 2285 68 3 409 20042 2782 18	4.500
131 6 557 2025 26 3 5672 12 2467 2921 18	557 131 20097 21 1707 68 20095 13520 18	4.250
3 2871 176 20039 6 20040 30 9101 18	3 2871 176 20039 6 20040 30 9101 18	5.000
2757 676 6 0 970 21 1178 12 3 2876 21 3 3861 18	2757 676 6 0 2198 68 224 3 4876 12 2876 12 3 3035 18	4.750
3 938 24 224 51 2656 226 20037 19669 18	3 938 24 224 51 26 7517 105 1426 18	4.750
3 4005 176 20078 19532 6 2956 4425 20079 18	3 4005 176 20080 19532 30 318 513 20079 18	4.714
23 9146 3 764 12 3 277 1240 226 3 17436 12 3 1325 1240 18	23 275 68 5824 12 5106 3 764 12 3 959 1240 68 3 20044 12 1325 18	5.000
547 2429 133 434 65 6802 39 7249 18	133 434 2429 65 448 332 68 2287 39 6724 18	4.000
32 1366 46 39 9153 63 39 2558 18	3 2558 1366 46 21 9153 18	4.667
63 0 238 6394 2780 1115 3990 6 32 37 39 932 20051 60 20052 6115 18	63 0 65 238 6394 68 22 226 1115 3990 6 39 932 37 226 3 4616 12 60 6115 68 20052 18	4.250
3408 245 32 39 624 5386 78 60 758 68 20041 68 409 20042 18	32 245 181 624 5386 21 60 719 68 156 2285 68 409 20042 18	5.000
23 9146 3 764 12 3 277 1240 226 3 17436 12 3 1325 1240 18	60 37 68 984 3 764 12 3 959 1240 226 3 17436 12 1325 18	5.000
2757 676 6 0 970 21 1178 12 3 2876 21 3 3861 18	2757 676 6 0 216 95 68 224 3 1178 12 2876 21 60 3035 18	4.667
32 1366 46 39 9153 63 39 2558 18	178 1366 46 15172 18	4.800
9417 24 6162 109 6 173 24 6162 109 6 2434 24 6162 13665 2975 30 4598 18	3 2312 24 46 3 20075 6 52 3 173 6 30 3509 20076 30 3 4598 24 20081 18	4.750
3 4005 176 20078 19532 6 2956 4425 20079 18	3 4005 176 20080 19532 30 3088 513 20079 18	4.571
131 6 557 2025 26 3 5672 12 2467 2921 18	557 2025 260 131 90 12 146 20098 20084 18	4.333
3 2871 176 20039 6 20040 30 9101 18	2871 176 20039 6 20040 30 9101 18	4.667
3 3509 3042 275 449 68 55 392 30 55 23 4347 18	3 3509 3042 1366 46 3467 30 55 236 4347 18	5.000
547 2429 133 434 65 6802 39 7249 18	133 57 547 65 68 1764 39 6724 18	3.714
9417 24 6162 109 6 173 24 6162 109 6 2434 24 6162 13665 2975 30 4598 18	2312 24 46 3 20075 6 52 3 173 6 30 3 20076 30 3509 4598 20077 18	4.250
115 3083 434 1358 3 3823 5250 68 20061 18	60 20099 3 219 112 3 12 3 2210 12 11980 372 18	1.500
63 0 238 6394 2780 1115 3990 6 32 37 39 932 20051 60 20052 6115 18	63 0 65 238 2323 21 3 1115 3990 6 39 932 37 226 3 5672 12 60 6115 12 20052 18	4.750
363 719 9967 3 10765 7026 365	21 2361 719 9967 3 10765 7026 365	5.000
2956 505 20035 42 115 2957 7786 4912 20036 6972 12 60 334 18	0 216 95 68 20035 42 115 2748 2957 7786 6 32 176 20070 6972 12 60 334 18	4.500
63 0 238 6394 2780 1115 3990 6 32 37 39 932 20051 60 20052 6115 18	63 0 65 238 6394 21 1115 3990 6 39 932 37 226 3 5672 12 60 2008 12 20052 18	5.000
23 37 2957 272 68 1677 68 1216 1953 52 3 19317 12 3 755 4690 18	23 37 2957 1388 68 1677 68 1216 1953 26 3 543 12 3 19317 12 3 755 4690 18	5.000
3 3509 3042 275 449 68 55 392 30 55 23 4347 18	23 37 496 115 3 3509 3042 2109 30 68 55 23 4347 18	5.000
23 9146 3 764 12 3 277 1240 226 3 17436 12 3 1325 1240 18	60 275 3 5824 12 5106 3 764 12 3 959 1240 68 3 20044 12 1325 18	4.750
0 255 61 12 555 2704 511 14107 20048 427 20049 18	0 255 61 12 3 2704 511 176 427 20050 372 18	4.167
63 0 238 6394 2780 1115 3990 6 32 37 39 932 20051 60 20052 6115 18	63 0 65 238 6394 21 1115 3990 6 39 932 37 68 3 5672 12 60 6115 12 3 20052 18	5.000
547 2429 133 434 65 6802 39 7249 18	547 133 57 65 448 332 68 1764 39 6724 18	4.600
3 4005 176 20078 19532 6 2956 4425 20079 18	3 4005 176 20080 19532 30 318 513 20079 18	4.714
1580	1580 245	3.750
6115 181 843 985 2101 1177 21 3 426 68 20034 18	6115 181 843 37 10043 2101 1177 21 3 426 68 20034 18	5.000
6115 181 843 985 2101 1177 21 3 426 68 20034 18	3 6115 843 985 233 20066 21 3 426 68 3 20034 18	5.000
4458 42 6 19140 18	4458 42 6 2757 19140 18	5.000
3 3509 3042 275 449 68 55 392 30 55 23 4347 18	23 37 496 115 3 3509 3042 68 46 3467 30 68 55 23 4347 18	5.000
32 1366 46 39 9153 63 39 2558 18	3 2558 1366 46 21 9153 18	4.667
131 6 557 2025 26 3 5672 12 2467 2921 18	261 2025 131 90 12 39 20084 2467 18	4.800
7361 20068 6306 363 20069 330 6214 365	5162 20100 20068 363 20069 330 6214 365	3.000
3 1838 65 552 448 76 39 1079 354 30 2956 22 342 49 9616 23 18	3 1838 176 2656 12 39 1079 354 30 2037 2956 22 224 23 18	4.500
2757 676 6 3 20053 6306 54 46 20054 21 1479 262 105 439 729 764 808 20055 18	2757 676 6 3 20053 6306 54 46 20067 4168 105 3 764 12 3 510 26 20055 18	5.000
363 719 9967 3 10765 7026 365	363 719 9967 3 10765 7026 365	5.000
3 3509 3042 275 449 68 55 392 30 55 23 4347 18	23 37 3685 115 3 3509 3042 37 30 35 23 9177 284 23 4347 18	4.500
23 37 2957 272 68 1677 68 1216 1953 52 3 19317 12 3 755 4690 18	23 37 2957 1388 68 1677 68 1777 112 1953 26 3 543 12 3 19317 12 3 755 510 18	4.500
14320 5940 6 30 3227 146 11750 20071 68 3455 6 5880 2375 3 13378 21 3 1245 18	133 1311 20072 21 3 1245 30 2037 39 20073 12387 68 3455 18	4.167
63 0 238 6394 2780 1115 3990 6 32 37 39 932 20051 60 20052 6115 18	63 0 65 238 6394 226 1115 3990 6 39 932 37 226 3 4616 12 60 6115 68 20052 18	5.000
3 4005 176 20078 19532 6 2956 4425 20079 18	3 4005 176 68 769 246 30 3088 513 20079 18	4.750
3 3509 3042 275 449 68 55 392 30 55 23 4347 18	23 37 2557 115 3 3509 3042 2155 3467 30 115 23 288 23 4883 18	5.000
23 9146 3 764 12 3 277 1240 226 3 17436 12 3 1325 1240 18	275 3 5824 12 5106 3 764 12 3 959 1240 226 3 17436 12 3 2255 1240 18	5.000
32 1366 46 39 9153 63 39 2558 18	3 3461 1366 46 21 9153 18	3.750
3 938 24 224 51 2656 226 20037 19669 18	3 938 24 224 51 226 20037 19669 18	4.429
23 37 2957 272 68 1677 68 1216 1953 52 3 19317 12 3 755 4690 18	23 37 2957 1388 68 1677 68 1216 1953 26 3 543 12 3 19317 12 3 755 4690 18	5.000
133 2197 20047 372 293 2035 3 3293 12 3 439 12 2434 18	133 2197 224 20057 372 68 2100 3 439 12 2434 18	3.833
4458 42 6 19140 18	4458 42 6 19140 18	5.000
6115 181 843 985 2101 1177 21 3 426 68 20034 18	6115 181 843 985 2101 1177 21 3 426 68 20034 18	5.000
14320 5940 6 30 3227 146 11750 20071 68 3455 6 5880 2375 3 13378 21 3 1245 18	133 4790 3 20072 226 3 1245 30 2033 39 20073 20071 68 3455 18	4.000
32 1366 46 39 9153 63 39 2558 18	3 3406 1366 46 21 9153 18	4.000
3 938 24 224 51 2656 226 20037 19669 18	3 938 24 224 51 226 20037 19669 18	4.429
20062 6306 363 20063 330 6214 365	17834 20062 6306 363 20063 330 6214 365	4.750
9417 24 6162 109 6 173 24 6162 109 6 2434 24 6162 13665 2975 30 4598 18	2312 176 3 20075 6 52 2876 30 3509 20076 30 9849 20077 18	4.250
547 2429 133 434 65 6802 39 7249 18	133 216 2429 65 448 332 68 2287 39 6724 18	4.000
2757 676 6 3 20053 6306 54 46 20054 21 1479 262 105 439 729 764 808 20055 18	2757 676 6 3 20053 6306 54 46 20054 21 39 110 262 105 3 764 12 439 26 20055 18	4.800
63 0 238 6394 2780 1115 3990 6 32 37 39 932 20051 60 20052 6115 18	63 0 65 238 6394 23 21 1115 3990 6 39 932 37 226 3 69 12 60 2008 12 20052 18	4.800
63 0 238 6394 2780 1115 3990 6 32 37 39 932 20051 60 20052 6115 18	63 0 65 6394 6 39 932 226 1115 3990 37 3 5672 12 6115 12 3 20052 18	4.000
133 2197 20047 372 293 2035 3 3293 12 3 439 12 2434 18	133 20093 2431 2197 372 68 2100 3 3509 439 18	4.000
32 1366 46 39 9153 63 39 2558 18	3 2558 1366 46 21 9153 18	4.667
20062 6306 363 20063 330 6214 365	20062 6306 363 20063 330 6214 365	5.000
23 9146 3 764 12 3 277 1240 226 3 17436 12 3 1325 1240 18	115 185 68 984 3 764 12 3 959 1240 68 3 20044 12 1325 18	4.750
23 37 2957 272 68 1677 68 1216 1953 52 3 19317 12 3 755 4690 18	23 37 2957 1388 68 1677 68 1216 1953 26 3 132 12 3 19317 12 3 755 4690 18	5.000
115 3083 434 1358 3 3823 5250 68 20061 18	60 551 12 11980 890 3 3823 68 3 5367 18	4.750
3408 245 32 39 624 5386 78 60 758 68 20041 68 409 20042 18	32 245 181 624 5386 21 60 719 68 156 2285 68 409 20042 18	5.000
20060 1241 6 598 63 1495 1216 30 39 4561 11990 6 176 10082 18	2241 1241 63 3 1495 515 3 11010 26 4561 176 10082 18	4.400
23 37 2957 272 68 1677 68 1216 1953 52 3 19317 12 3 755 4690 18	23 37 2957 1388 12 1677 68 1216 3 1953 26 3 543 12 3 19317 12 3 755 510 18	5.000
3 938 24 224 51 2656 226 20037 19669 18	3 938 24 224 51 226 20046 18	5.000
547 2429 133 434 65 6802 39 7249 18	133 434 2429 547 65 6802 39 7249 18	5.000
1580	1580	5.000
3 4005 176 20078 19532 6 2956 4425 20079 18	3 4005 176 20080 19532 30 318 513 20079 18	4.714
547 2429 133 434 65 6802 39 7249 18	133 57 547 65 68 1764 39 6724 18	3.714
14320 5940 6 30 3227 146 11750 20071 68 3455 6 5880 2375 3 13378 21 3 1245 18	133 579 20072 21 1245 30 2037 39 20073 20071 68 3455 18	4.250
3408 245 32 39 624 5386 78 60 758 68 20041 68 409 20042 18	23 59 45 2238 2782 624 5386 21 60 719 68 335 68 409 20042 18	4.750
547 2429 133 434 65 6802 39 7249 18	133 216 121 547 65 448 332 68 1764 39 6724 18	4.000
9417 24 6162 109 6 173 24 6162 109 6 2434 24 6162 13665 2975 30 4598 18	9417 24 46 3 20075 6 52 2876 30 20076 30 4598 20081 18	4.000
4458 42 6 19140 18	4458 42 6 19140 18	5.000
547 2429 133 434 65 6802 39 7249 18	547 133 57 65 448 332 68 1764 39 6724 18	4.600
3 2871 176 20039 6 20040 30 9101 18	3 2871 176 20039 6 20040 30 9101 18	5.000
7361 20068 6306 363 20069 330 6214 365	7361 20068 6306 363 20069 330 6214 365	5.000
1580	1580	5.000
133 2197 20047 372 293 2035 3 3293 12 3 439 12 2434 18	133 176 2197 372 68 2100 3 439 12 2434 18	3.750
4458 42 6 19140 18	4458 42 6 19140 18	5.000
23 9146 3 764 12 3 277 1240 226 3 17436 12 3 1325 1240 18	23 275 3 5824 12 5106 3 764 12 3 959 1240 6 68 3 20044 12 3 1325 3118 18	4.750
0 255 61 12 555 2704 511 14107 20048 427 20049 18	0 255 61 12 3 2704 511 176 427 20050 372 18	4.167
9417 24 6162 109 6 173 24 6162 109 6 2434 24 6162 13665 2975 30 4598 18	3 2312 24 46 3 20075 6 52 3 173 6 30 3 20076 30 4598 20081 18	4.500
3408 245 32 39 624 5386 78 60 758 68 20041 68 409 20042 18	32 245 181 624 5386 21 60 719 68 156 2285 68 409 20042 18	5.000
363 719 9967 3 10765 7026 365	363 719 9967 3 10765 7026 365	5.000
3 4005 176 20078 19532 6 2956 4425 20079 18	3 4005 176 20080 19532 30 3088 513 20079 18	4.571
0 255 61 12 555 2704 511 14107 20048 427 20049 18	0 255 61 12 3 2704 511 176 633 2647 18	4.250
14320 5940 6 30 3227 146 11750 20071 68 3455 6 5880 2375 3 13378 21 3 1245 18	133 4790 3 20072 68 3 215 30 2037 39 20073 12387 68 3455 18	4.000
7361 20068 6306 363 20069 330 6214 365	7361 20068 6306 363 20069 330 6214 365	5.000
3 3509 3042 275 449 68 55 392 30 55 23 4347 18	23 403 115 3 3509 3042 37 5341 30 115 23 20101 2123 18	3.000
133 2197 20047 372 293 2035 3 3293 12 3 439 12 2434 18	133 176 2197 372 68 2100 3 3509 439 18	2.750
3 2871 176 20039 6 20040 30 9101 18	3 2871 176 11272 6 20040 30 9101 18	5.000
3 2871 176 20039 6 20040 30 9101 18	3 2871 176 20039 6 20040 30 9101 18	5.000
4458 42 6 19140 18	4458 42 6 2757 19140 18	5.000
9417 24 6162 109 6 173 24 6162 109 6 2434 24 6162 13665 2975 30 4598 18	2312 24 46 3 20075 6 52 173 6 30 3509 20076 30 4598 20077 18	4.000
3 4005 176 20078 19532 6 2956 4425 20079 18	3 4260 176 20080 19532 30 318 513 20079 18	4.500
2956 505 20035 42 115 2957 7786 4912 20036 6972 12 60 334 18	0 74 68 20035 42 115 12 2957 7786 6 23 37 12 98 12 60 334 18	4.500
115 3083 434 1358 3 3823 5250 68 20061 18	60 551 12 3 5366 890 3 3823 68 3 5367 61 18	5.000
20062 6306 363 20063 330 6214 365	17834 20062 33 6306 363 192 330 6214 365	2.750
2757 676 6 3 20053 6306 54 46 20054 21 1479 262 105 439 729 764 808 20055 18	2757 676 6 3 20053 6306 54 46 20056 129 21 39 110 262 105 3 764 12 3 439 26 3 20055 18	4.750
115 3083 434 1358 3 3823 5250 68 20061 18	60 551 12 3 5366 890 3 3823 68 5367 764 18	5.000
14320 5940 6 30 3227 146 11750 20071 68 3455 6 5880 2375 3 13378 21 3 1245 18	133 1311 20072 21 3 1245 30 2037 39 20073 12387 68 3455 18	4.167
20060 1241 6 598 63 1495 1216 30 39 4561 11990 6 176 10082 18	39 2241 1241 63 3 1216 12 3 1495 515 3 11010 26 4561 176 10082 18	4.250
115 3083 434 1358 3 3823 5250 68 20061 18	60 9108 890 3 3823 68 3 5367 18	4.500
9417 24 6162 109 6 173 24 6162 109 6 2434 24 6162 13665 2975 30 4598 18	3 2312 24 46 3 20075 6 52 3 173 6 30 3 3509 20076 30 4598 24 20102 18	4.750
133 2197 20047 372 293 2035 3 3293 12 3 439 12 2434 18	133 2197 224 20057 372 21 2050 3 3509 439 18	4.500
23 37 2957 272 68 1677 68 1216 1953 52 3 19317 12 3 755 4690 18	23 37 12 2957 1388 68 1677 68 1216 3 1953 26 3 132 12 3 19317 12 3 755 4690 18	4.750
4458 42 6 19140 18	4458 42 6 20065 3 841 657 18	2.500
7361 20068 6306 363 20069 330 6214 365	7361 20068 6306 363 20069 330 6214 365	5.000
6115 181 843 985 2101 1177 21 3 426 68 20034 18	3 6115 843 985 233 1177 21 3 426 68 3 20034 18	4.833
1580	1580	5.000
3 1838 65 552 448 76 39 1079 354 30 2956 22 342 49 9616 23 18	3 1838 65 2656 39 1079 354 30 2956 139 2037 9616 23 18	4.333
2757 676 6 3 20053 6306 54 46 20054 21 1479 262 105 439 729 764 808 20055 18	20065 18353 808 23 6 3 5162 20053 54 2607 21 233 262 105 3 764 12 3 439 26 3 20055 18	4.750
131 6 557 2025 26 3 5672 12 2467 2921 18	3750 729 557 314 131 21 168 3750 729 39 11947 20092 18	3.000
23 37 2957 272 68 1677 68 1216 1953 52 3 19317 12 3 755 4690 18	23 37 12 2957 1388 12 2496 1777 1953 26 3 132 12 3 19317 12 3 755 4690 18	4.500
32 1366 46 39 9153 63 39 2558 18	178 1366 46 21 9153 18	4.500
1580	1580	5.000
3 4005 176 20078 19532 6 2956 4425 20079 18	3 4005 176 20080 19532 30 3088 513 20079 18	4.571
7361 20068 6306 363 20069 330 6214 365	6306 7361 20068 363 20069 330 6214 365	5.000
0 255 61 12 555 2704 511 14107 20048 427 20049 18	0 255 314 12 3 2704 12 719 511 176 633 20085 2647 18	3.500
14320 5940 6 30 3227 146 11750 20071 68 3455 6 5880 2375 3 13378 21 3 1245 18	133 1311 20072 21 3 1245 30 2037 39 20073 12387 68 3455 18	4.167
3 1838 65 552 448 76 39 1079 354 30 2956 22 342 49 9616 23 18	3 1838 7873 2656 198 39 1079 354 30 2033 2956 139 9616 23 18	5.000
4458 42 6 19140 18	4458 42 6 19140 18	5.000
363 719 9967 3 10765 7026 365	363 719 9967 3 10765 7026 365	5.000
363 719 9967 3 10765 7026 365	363 3 719 7530 3 10765 7026 365	4.000
23 9146 3 764 12 3 277 1240 226 3 17436 12 3 1325 1240 18	115 245 68 984 3 764 12 3 959 1240 68 3 20044 12 1325 18	4.750
0 255 61 12 555 2704 511 14107 20048 427 20049 18	0 255 61 12 555 2704 511 176 427 4531 372 18	3.500
115 3083 434 1358 3 3823 5250 68 20061 18	60 9108 890 3 3823 68 3 5367 18	4.000
63 0 238 6394 2780 1115 3990 6 32 37 39 932 20051 60 20052 6115 18	63 0 238 6394 23 21 1115 3990 6 39 932 37 408 68 3 5672 12 60 2008 12 20052 18	4.750
20062 6306 363 20063 330 6214 365	6306 330 5232 20062 363 20063 330 6214 365	4.750
2956 505 20035 42 115 2957 7786 4912 20036 6972 12 60 334 18	0 117 39 551 12 12896 42 115 2748 2957 7786 6 32 176 20094 12 60 334 18	4.750
9417 24 6162 109 6 173 24 6162 109 6 2434 24 6162 13665 2975 30 4598 18	3 2312 24 46 3 20075 6 52 173 6 30 3509 20076 30 4598 24 10285 18	4.400
63 0 238 6394 2780 1115 3990 6 32 37 39 932 20051 60 20052 6115 18	63 0 65 238 6394 21 1115 3990 6 39 932 37 26 3 5672 12 60 6115 12 20052 18	5.000
9417 24 6162 109 6 173 24 6162 109 6 2434 24 6162 13665 2975 30 4598 18	3 2312 24 46 3 20075 6 52 173 6 30 3509 20076 30 4598 24 10285 18	4.400
2757 676 6 0 970 21 1178 12 3 2876 21 3 3861 18	2757 676 6 0 216 95 68 224 3 1178 12 2876 21 60 3035 18	4.667
7361 20068 6306 363 20069 330 6214 365	6306 330 5232 7361 20068 363 20069 330 6214 365	4.500
2757 676 6 0 970 21 1178 12 3 2876 21 3 3861 18	2757 676 6 0 83 95 68 224 3 1178 12 2876 21 60 3035 18	4.500
9417 24 6162 109 6 173 24 6162 109 6 2434 24 6162 13665 2975 30 4598 18	3 2312 24 46 3 20075 6 52 3 173 6 30 3 20076 30 3 3509 20103 24 9254 18	4.500
32 1366 46 39 9153 63 39 2558 18	3 2558 1366 46 21 9153 18	4.667
14320 5940 6 30 3227 146 11750 20071 68 3455 6 5880 2375 3 13378 21 3 1245 18	133 579 20072 21 3 1245 6 30 2037 39 20073 12387 68 3455 18	3.750
9417 24 6162 109 6 173 24 6162 109 6 2434 24 6162 13665 2975 30 4598 18	3 2312 176 3 20075 6 52 3 173 6 30 3 20076 30 4598 3509 20077 18	3.750
3 2871 176 20039 6 20040 30 9101 18	3 2871 176 20039 6 20040 30 9101 18	5.000
4458 42 6 19140 18	4458 42 6 19140 18	5.000
2757 676 6 0 970 21 1178 12 3 2876 21 3 3861 18	2757 676 6 0 216 95 68 224 3 1178 12 2876 21 60 3035 18	4.667
3 4005 176 20078 19532 6 2956 4425 20079 18	3 4260 176 20078 19532 30 2344 513 20104 18	4.250
20060 1241 6 598 63 1495 1216 30 39 4561 11990 6 176 10082 18	2241 1241 63 3 1216 12 3 1495 515 3 11010 68 4561 37 10082 18	4.250
6115 181 843 985 2101 1177 21 3 426 68 20034 18	6115 181 843 985 2101 1177 21 3 426 68 3 20034 18	5.000
9417 24 6162 109 6 173 24 6162 109 6 2434 24 6162 13665 2975 30 4598 18	9417 24 46 3 20075 6 52 173 6 30 20076 30 4598 20077 3509 18	4.750
363 719 9967 3 10765 7026 365	363 719 9967 3 10765 7026 365	5.000
3 1838 65 552 448 76 39 1079 354 30 2956 22 342 49 9616 23 18	3 1838 552 65 39 1079 354 30 2956 139 2037 224 18	4.500
3 4005 176 20078 19532 6 2956 4425 20079 18	3 2210 176 19532 523 157 6 2956 4425 18	3.000
6115 181 843 985 2101 1177 21 3 426 68 20034 18	6115 843 3378 2101 20066 21 426 68 20034 18	5.000
7361 20068 6306 363 20069 330 6214 365	6306 7361 20068 6 20069 330 6214 6975	5.000
115 3083 434 1358 3 3823 5250 68 20061 18	60 9108 890 3 3823 68 20061 18	4.250
3 3509 3042 275 449 68 55 392 30 55 23 4347 18	23 37 3685 115 3 3509 3042 37 5341 30 115 23 284 23 4347 18	4.000
6115 181 843 985 2101 1177 21 3 426 68 20034 18	6115 181 843 37 10043 2101 1177 21 3 426 68 20034 18	5.000
3 2871 176 20039 6 20040 30 9101 18	3 2871 176 20039 6 20040 30 9101 18	5.000
3 938 24 224 51 2656 226 20037 19669 18	3 938 24 224 51 226 20037 19669 18	4.429
547 2429 133 434 65 6802 39 7249 18	133 216 2429 65 448 332 68 547 1764 39 6724 18	4.250
3 938 24 224 51 2656 226 20037 19669 18	3 938 24 224 51 226 20037 19669 18	4.429
133 2197 20047 372 293 2035 3 3293 12 3 439 12 2434 18	2197 133 20057 2431 372 68 2100 3 510 12 2434 18	4.250
3 4005 176 20078 19532 6 2956 4425 20079 18	3 4005 176 20080 19532 30 318 513 20079 18	4.714
3 2871 176 20039 6 20040 30 9101 18	3 2871 176 20039 6 20040 30 9101 18	5.000
63 0 238 6394 2780 1115 3990 6 32 37 39 932 20051 60 20052 6115 18	63 0 65 238 6394 226 1115 3990 6 39 932 37 226 3 4616 12 60 6115 12 20052 18	5.000
63 0 238 6394 2780 1115 3990 6 32 37 39 932 20051 60 20052 6115 18	63 0 65 238 6394 226 1115 3990 6 39 932 37 26 3 5672 12 60 6115 12 20052 18	4.800
3 3509 3042 275 449 68 55 392 30 55 23 4347 18	23 37 3685 115 3 3509 3042 170 30 115 23 83 55 236 4347 18	4.750
131 6 557 2025 26 3 5672 12 2467 2921 18	261 2025 131 39 2467 20092 18	4.500
547 2429 133 434 65 6802 39 7249 18	133 57 65 448 332 68 2287 39 6724 18	4.250
2956 505 20035 42 115 2957 7786 4912 20036 6972 12 60 334 18	0 216 95 68 20035 42 115 61 12 2957 7786 6 32 176 398 60 334 18	4.250
23 37 2957 272 68 1677 68 1216 1953 52 3 19317 12 3 755 4690 18	23 37 12 2957 1388 12 1677 68 1216 3 634 26 3 543 12 3 19317 12 3 755 510 18	5.000
3 938 24 224 51 2656 226 20037 19669 18	938 24 224 51 226 7517 9289 1426 18	4.750
3408 245 32 39 624 5386 78 60 758 68 20041 68 409 20042 18	32 245 181 624 5386 21 60 719 68 156 2285 68 409 20042 18	5.000
2956 505 20035 42 115 2957 7786 4912 20036 6972 12 60 334 18	0 569 42 6955 115 2957 7786 6 32 176 20105 293 60 334 18	4.000
133 2197 20047 372 293 2035 3 3293 12 3 439 12 2434 18	133 2197 224 20057 372 68 2100 3 439 12 2434 18	3.833
