1634 3808 4754 6168 37 39 127 68 12328 1161 68 3826 30 12329 12046 12330 598 63 6814 150	12331 12332 105 8119 711 3 3975	0.6
5936 12333 956 12334 363 24 11790 108 289 167 174 365	21 5936 11790 112 708 6 12335 74 39 229	2.4
4754 6974 105 7295 9828 1292 5222 1180 12336 12337 1429 30 609 2148 68 3918 8180 105 277 12338 30 4754 5084 18 4754 12339	6974 105 7295 834 1292 37 5222 1180	3.8
721 698 12340 3801 4754 1554 4286 576 428 12341 770 3244 18	2279 721 698 10983 3801 1554 4286 576	4.2
35 33 21 12342 33 6313 683 150 4754 12343 4754 12344	35 33 21 12342 33 683 174	4
12345 6432 105 12346 12347 12348 245 12349 12350 3465 849 112 11663 21 35 49 2949 63 12351 729 304 726	12352 105 12353 293 12346 12347 12348	2.2
1380 2374 112 1596 12354 105	8340 4466 12355 1596	2
12356 4753 1553 609 105 105 135 1137 7122 135 1402 6247 12357 1342 517 808 1285 3158 10809 21 846	12358 7122 729 1342 256 68 3158 10809	3.4
3 144 10716 83 249 3231 9109 12359	534 144 112 9109 10359	2.8
12360 135 105 226 612 4566 706 21 7345 1487 1693 135	1119 706 21 7345 1487 1693	3
45 39 687 372 105 783 12361 12362 868 6 2559 8485 489 505 6 12363 214 105	12364 12365 6 39 7730 6 37 701 226 12366	0.8
236 405 4577 68 156 467	3 7871 4577 68 156 21 7164	1
63 4754 1191 8614 2285 6 8169 1005 112 12367 478	52 1191 12368 6 8169 7877 277 6891	4.2
12369 105 4754 12370 105 39 4754 2409 415 414 21 12371 7563 12 39 12372 520 12 39 12005 11706	1634 6892 105 39 2409 415 414 112 7563 12 12372 520 12 12370	4.2
9111 467 226 612 12373 701 63 1693 1551 2423 1487 21 7345 18	7220 701 63 1693 1551 2423 1487 21 7345	4.4
236 3 124 6896 6 459 82 60 35 390 3141 176 2794 174	1008 1130 12374 272 68 708 6 12375 3656 9502	0.4
3810 3125 4754 12376 4754 1173 4754 10723	650 6 6313 992 30 3 12377 18	1.6
4754 10723 2289 1621 1603 5483 6 12378 568 39 12379 6140	10723 9788 692 112 1603 3217	4
3619 8813 6 12380 1834 21 6834 4754 1484 4754 1972 4754 7448 4754 12381	3619 8813 6 12380 1834 21 1484	4.8
714 9140 808 12382	10844 6 9140 1548 808 12382	3
39 12383 12 12384 6095 4317 5809 39 1532 8912 21 12385 12386 112 3 2296 700 1336 18	789 7162 2028 2434 105 12386 105 4317 1693 1940 8912	3.2
1062 2802 501 6 56 236 37 2957 12387 68 1139 1532 4013 12 12388 501 68 4233 39 12389 21 8674 2667	4952 105 226 12390 12391 6 39 12389 21 8674 2667	2
769 770 7834 68 12392 21 4754 7345 1487 1693 6 1377 84 18	1119 706 21 7345 1487 1693	3.2
363 0 2847 214 154 154 154 154 365 1423 473 133 54 82 108 3713 12393 150	340 133 54 82 108 3713 12393 363 12394 154 365	3.8
1008 8211 37 729 5222 2847 729 112 10335	1008 729 5222 2847 729 112 1554 1351	3.6
12369 105 12395 12396 26 141 2064 112 708 21 201 129 1927 18	12397 39 12398 311 112 4472 150 198 5678 6 12399 6 2423 1596 6 7164	1.5
1151 12400 1880 948 271 12401 3 1151 115 12402 24 45 1792 439 12403 52 23 154	1151 1880 948 271 5529 21 653	3.6
1951 105 7482 5807 890 26 669 1320 60 434 506 2816 146 11724 3562 12 2072 372 18	1951 105 10762 7482 5807 2867 26 669 1320	3.4
35 33 1107 52 3 1829 10321 174 135 18 1347 1366 46 236 2784 154	35 33 1107 52 3 10321 174	4
12404 45 3461 135 105 12405 12406 3174 5540 10118 5175 12 12407 12408 135	12405 12406 30 5540 10118 5175 12 12407 12408	4.6
133 24 6121 39 12409 60 2559 105 3 5386 12 3 4371 133 3353 24 46 12410 633 489 10726	39 12409 12411 112 12410 4371	3.4
5471 6 5471 6 5471 18 174 133 174 12412 26 3 4812 748 12 2996 2035 1380 6 174 84 1402 12413 18	12414 105 12414 105 5471 37 1291 2996 2472	1
567 409 26 3 12415 12416 18 135 12417 275 39 551 26 6754 18 135	12418 275 39 551 26 6754	4.4
8184 12 3 854 105 743 6 832 6 910 6 1938 6 12419 30 1484 18	8184 12 3 854 105 743 30 2808	3.2
97 4754 12420 1608 44 1393 901 4754 21	705 203 12420 33 700 12421 44 1393 901	3.8
3679 1429 1044 174 135 0 12422 2424 52 6140 39 377 12 9083 6140 523 39 4062 12 12423 12424 1808 505 226 23 135 12425	174 6410 2617 12 1591 12425 174	1.2
4903 105 1044 9109 10359 10715 68 1977 18 141 2665 174 12426 544 3 12427 21 12428 18	10359 1705 1977 6 30 84 87 24 11141 544 12428 835	4.6
6974 2501 21 39 3169	6974 525 191 12429 68 604	4
1008 12430 1718 7379 12 7004 1610 21 7593 1011 18	1008 6279 933 33 1011 1610 1718 21 7593	4.4
12369 105 37 1080 236 2110 198 12431 6 442 174	12331 12332 105 37 1080 236 2110 198 12431 174	4.4
12432 12433 6 10940 12 12434 30 12435 12 639 12436 18 236 6693 30 12437 18	12433 12438 12439 12440 6 321 1367	2.6
135 5602 105 12441 1353 12442 12443 12444 12445 12446 135	12441 105 1555 12442 1342 21 39 6051	1.6
1130 12447 706 21 3473 1856 8657 822	1939 739 1130 21 12448 2590 8657 3247	2
4754 22 7778 410 21 1011 4754 1610 1718 18 4754 7593 4754 933	1008 6279 933 33 1011 1610 1718 21 7593	2.6
2652 33 3757 735 3012 176 1232 6 45 466 12449	2652 33 3757 735 3012 176 277 6975 67 45 277 3713	4.4
3397 8390 4754 12450 6 12451 12 4754 12452 6 37 701 226 12453 1507 18 245 3 1035 12 7239 12454 106 98 174	12455 12456 6 3397 8390 6 868 226 1506	3.4
3 6119 293 12457 467 161 12457 284 2238 18 4754 12458 4754 1793	121 32 37 598 39 130 63 161 12457	4
4754 8119 711 3 4754 3975 8 4754 3126 4754 6168 4754 12459	12331 12332 105 8119 711 3 3975	3.6
12460 12461 105 340 133 1366 410 4754 1822 4754 1484	12331 12462 105 340 133 1366 410 1822 1484	3.8
60 37 39 6684 409 18 135 12463 12464 84 133 2015 12412 270 68 102 3871 135	618 105 12463 12464 84 133 174 12412 270 68 102 3871	4.4
12465 154 174 105 9109 10359 3272 10716 87 5272 174 2297 65 4526 843 577 1787 933 12466 519 1977 174	10359 12467 12 3065 10275	1
2696 288 39 191 12468 3169 7873 6 7187 3053 983 485 12469 30 1058 983 485 12470 18 1970 12471 742 983	2696 174 821 5972 176 495 6 30 1970 7207	2.6
151 284 2848 2138 174 12472 1282 12473 115 146 6885 37 45 39 625 18	12472 1282 33 6130 6672 12474 45 39 625	4.6
16 1503 779 3 1960 8119 467 499 2155 23 1107 26 659 2344 150	4952 105 499 2155 23 1107 26 659 6 2344	3.8
779 10359 1705 1977 609 10716 1503 609 1717 6 87 552 84 87 24 11141 544 8113 1977 835	10359 1705 1977 6 30 84 87 24 11141 544 12428 835	4.6
568 6 12475 4974 37 161 174 4754 12476	60 2848 105 12477 39 639 174 821 3838 519 12478 68 12479 174 60 2848	1.8
4754 8531 729 821 1079 4754 12480 6 2552 12369 105 1608 3217 2188 3 5535 12 8531	1793 12481 1583 105 1079 1608 3217 2850 8531 30 12482 12483	2.6
21 3 12484 12485 6 39 8295	8295 8408 21 12484 12485	4.4
1756 12486 84 87 174 821 12487 52 4282 1171 26 3 7716 18 271 12488 83 3432 115 543 18	12486 84 87 174 821 12487 52 1171 26 7716	4
9702 12 2283 12489 9502 1096 18 15 6313 769 37 39 12490 18	9702 12 2283 12489 9502 414 6219 1096	4.2
567 30 6668	12352 105 2285 151 0 245 12491	0
1226 12 12492 6 12493 12494 9112 512 174 63 174 12495 12496 174 8370 12497 6 2570 835 176 12380	174 12495 12496 174 1912 3254 12 2570 835	3.4
2823 33 8483 12498	2823 33 12498 525 129 10638	2.4
135 105 10342 7873 226 949 191 12499 3169 135	10342 7873 12500 68 191 12501 949	4.8
1085 841 9616 5066 2341 112 850 18 12502 174 12503 12504 467	1085 841 229 9758 5066 2341 112 850 851 31	3.2
60 37 39 166 6010 93 18 4754 12505 12369 105 12506 6 2707 30 3 3064 937	12507 1583 105 5453 12508 105 12509 112 39 191 1429 6548 12510 5683	0.8
5590 5135 21 39 4754 7213 114	11297 3127 105 39 7213 114 3732 198 12511 12512	1.6
0 370 11187 8 3 2406 12 10577 12 3 1835 5393 6973 18	841 10276 1767 12513 226 6834 5393 7029	1.4
12514 9951 4754 12515 12516 33 4754 1109	12514 9951 12516 33 1609	4
3 6054 377 12 3327 2440 12517 18 8880 1348 2513 1200 16 510 12518 8319 647 18	1608 12 8880 1348 2513 1200 16 510 12518 8319 647	3.6
26 12519 6120 33 12520 2187	12521 12522 105 3 6120 6748 12 1137 2901 992	2.2
146 10618 1807 68 6762 21 718 4754 12523 4754 6762	716 12524 129 1589 21 718	2.6
1226 12 3 4754 12525 105 6392 12 9449 6095 819 6 6117 18 174	157 6052 154 9449 6095 2851 6117	3.6
39 28 4601 2159 326 105 21 3 12526 6 39 6392 68 10865 3 9564	21 3 12526 6 12527 4253 174 821 6392 12524 3 9564	3.8
12528 12529 105 3333 510 2656 176 729 2626 4754 2531 729 4754 12530	12528 105 3333 510 176 729 2626 12531	4.2
35 12532 510 198 2035 332 68 1876 226 1306 37 45 623 4923 5208 6 56 3 5208 12 623 4754 12533 4754 12534	3 1079 611 3982 1583 105 35 42 79 68 2592 70 5022 61 1306 68 1876	2.6
1008 1575 549 7593 12535 12536 12537 428 3154 243 3683 3174 92 7004 133 91 45 21 3 12538 112 623 11605 18	1008 1575 549 12539 12535	3
1392 1393 226 12415 105 141 2665 105 650 33 1144 12 3 3042 3463 26 4103 895 5062	1392 1393 1732 68 650 105 12540 2759 12 1173	2.8
12452 30 12541 12542 12455 12456 12543 1507	3808 8390 12455 12456 12543 1507	3.4
9449 6095 6392 2851 6117	157 6052 154 9449 6095 2851 6117	4.6
12544 37 4976 60 41 26 5981 1506 226 12545 604 105	2957 2412 105 174 506 112 2848 174 321 932 2748 4981 12546	0
10321 2470 12547 12548 18 97 5222 37 60 112 1829 174	12549 932 112 3 10321	2.5
35 133 81 2015 2297 72 37 1318 22 3 6313 3861 54 82 6133 3 6119 18	3396 105 35 133 81 174 2297 72 37 1318 22	2.8
892 6553 105 867 7501 8 1802 14 21 12550 6 841 229 105 841 2323 1910 115 39 12551 867 248 448 467	892 6553 105 867 7501 8 1802 14 21 12550 6 892 6 841 229	3.8
4754 5266 105 4754 12552 30 271 709 1007	5266 105 7289 7740 662 30 271 1229	5
7603 1377 105 6560 7563 2964 23 4947 6621 181 49 81 82	12553 3832 3379 1156 2964 6560	3.4
236 568 6 42 104 0 74 68 961 4754 7525 6 30 317 12554 63 3 2285 129 174 9105 18	8876 1583 105 7525 7920 39 1079 961 5436	2
12555 6 7525 7808 39 1079 961 5436 2656 105 135 6262 12556 135	8876 1583 105 7525 7920 39 1079 961 5436	3
135 8064 1145 18 135 6331 8 1241 671 21 832 135	12557 1145 729 21 832	4.4
676 174 48 2798 88 23	676 12519 6120 174 48 2798 88 23	3.4
49 5955 598 12558 262 18	6894 12559 7544 12560 511 706 742 12561 112 11132	0
39 466 3868 21 3 12562 12563 26 326 6 940 6 30 1793 18	3772 105 2554 2326 39 62 6 32 245 39 625 511 2323 6 174 2554 2326 39 62 174	0
483 105 7525 33 6262 961 45 12347 391 150 12415 135 523 16 12 9 12564 4920 95 20 135 467 229 181 485	483 105 7525 33 6262 961 37 45 160 391	3.8
728 681 12565 688 12566 276 52 4754 12567 226 4754 12568 4754 2999 4754 12569	728 681 12566 276 52 12567 112 12565 688	4.4
8 3 4268 105 1156 21 3 1008 1229 9393 45 157 158	8 4268 105 1156 21 1008 1229	3.6
209 392 1079 26 70 141 12570 18	12571 12572 12573 1064 3 789	1.2
135 105 12574 12575 1005 360 12576 135 12577 12415 902 60 174 142 37 60 789 270 174	12574 12575 6 12578 12579 1142 360 12576	4.25
12580 1130 706 21 3473 1856 8657 822	1939 739 1130 21 12448 2590 8657 3247	2.2
4458 12581 18 174 105 1130 6117 52 848 21 7057 4529 33 769 18 174	1130 6117 52 848 21 4529 33 769 6 4639 84	4
7969 9350 21 1550 888 8 1520 1229 11938 4674 6 1732 229 150	7969 1096 21 1550 888 8 1520 1229 6 1732 229	4.2
102 68 3353 515 3353 68 102 174 0 224 3 6823 18	277 1853 105 1079 2412 12582 12583 12584 12 2563	1.4
998 70 4754 10911 1096 1707 52 4754 4497	4497 54 994 10911 1096 33 12585	4.6
12586 176 12587 5989 2549 150	12586 54 552 3800 9417 174 1834	2.4
9405 12588 467 135 105 226 612 12373 706 21 7345 1487 1693 135	1119 706 21 7345 1487 1693	3.4
7164 1726 8253 105 511 449	7164 1726 12589 105 511 449 12590 174	3
12562 902 26 9 12591 52 8325 12592 6 2125 68 10 12593 4754 12594 4754 831 4754 850 4754 6008 4754 1126	1174 1377 6889 115 831 37 10378 2285 198 5430 68 12595 1089 850	0.8
6509 21 864 12 6068 12596 6068 146 6698 68 3 1070 18 174 32 245 181 221 12 3 1070 174 821 1975 21 3 3463 18 174	21 864 6 39 12597 562 12 12598 12599	2.5
135 7360 198 10607 12600 135 3 12601 141 3823	3 12602 12601 12 1079 1986	1.8
54 10716 1822 9109 10359 174 2798 33 45 5142 4754 12603	54 3088 10716 1822 9109 10359 174	3.8
12604 12605 12606 1641 12 39 12607 3569 7815 174	12604 12605 12606 84 87 37 1641 12 7815	4
2885 12608 10742 363 2956 6300 6261 154 365 105 12609 311 68 2657 4271 112 5617 12610 12611 4754 12562	12610 12611 927 129 6 6278 144 12 12612 30 12613	2.2
5947 12614 6974 12615 4754 12616 112 4650 214 186 39 757	226 191 3288 3169 6 6974 37 1031 604 12617 21 499 18	1.2
60 37 12618 18 9207 105 0 4526 82 9890 650 33 6313 4856 18 28 174	9207 4526 82 9890 729 7996 729 6313 4856	3.4
1130 12374 297 272 68 708	1008 1130 12374 272 68 708 6 12375 3656 9502	4
663 174 821 12619 544 9063 21 2556 12620	663 174 821 12619 544 9063 10865 1574	3.6
12621 67 81 82 239 129 67 151 674 809 4827 12622 39 6674 552 2581 1300 60 18 515 255 0 467	97 2581 33 1031 476 3334 68 12623 1156 21 5553	0
42 176 146 4754 10742 154 4754 12624	3 1820 3615 21 1663 112 1156	0.4
5397 105 12625 12626 12627 304 105	5397 1983 6356 451 174 821 1997 2780 996 12627	2.8
7011 18 135 105 8295 3681 21 12628 7704 12485 868 18 2048	8295 3681 21 1079 1986 12485 868	4
135 12629 44 65 12630 1890 68 12631 135 6644 4947 467	12632 12633 12629 44 65 12630 1890 68 12631	3.4
2656 0 5182 135 5455 6 32 37 181 666 685 115 12634 6313 7208 63 39 9242 18 135 0 255 226 39 1993 112 262 18	1756 7920 683 68 582 12635 1368	0.6
676 650 4650 68 12636 12637 12638 946 68 46 12639 30 3011 3199 363 12640 365 86	12637 12638 946 68 46 1474 1079 12640 86	2.4
12641 18 39 8265 56 12642 3868 21 3 105 39 12389 21 8674 2667	4952 105 226 12390 12391 6 39 12389 21 8674 2667	3.4
157 93 467 340 3 8662 12643 12455 12456 150	340 789 12643 12455 12456	4
2136 10359 1705 1977 6 30 84 87 24 11141	10359 1705 1977 6 30 84 87 24 11141 544 12428 835	4.2
466 12644 409 115 1983 12645 33 1613 52 12646 60 2570 543 30 8874 9417 375	12647 12648 68 39 7969 30 1177 453 2173	0.6
97 3 22 275 2960 21 9 6661 105	198 10894 68 650 6 97 133 65 2960 63 39 1215	3.8
3 1079 1986 407 105 956 3403 10554 1008 4109 12649	956 3403 10554 146 1137 4109 2996 12649	4.8
21 933 6 744 1154 544 7022 8026 977	7004 1154 105 181 68 8026 977	4.4
2212 3 12650 105 12651 4515 191 12652 2455 112 12653 1759	12651 4515 2435 191 12652 2455 112 12653 3417	4.4
708 37 12654 21 4754 6168 150 4754 12655 4754 12656	141 12657 12658 105 6356 6349	2.2
54 12659 12660 9109 10359 1977 3980 174	12659 275 2848 779 9109	3.2
3533 39 3629 1064 70 157 2570 154 70 1031 10911 144 296 18	70 1031 1423 10911 144 296	3.6
9293 3174 9293 2909 12 6758 983 5620 21 12661 12662 4754 12663	12664 2909 12 6758 983 5620 21 12661 12662	3.2
12665 32 39 4035 219 68 102 174 729 363 12360 105 365 4754 12666	12665 32 39 4035 219 68 102 489 60 174 729	4.2
6313 1141 37 5385 39 4754 12667 543 18 157 77 6 26 70 6313 6841 112 39 2412 4754 12668	3396 105 676 650 174 821 542 112 6313 6841	2.2
4911 5395 5981 12669 1177 395 4001 30 24 11765 6865 105 4754 6865	3064 7162 2028 1363 105 7423 105 8169 12670 26 6865	3.6
5305 3990 112 3 11540 12671 105 12672 11500 6 9119 12673 6 868 226 879	12672 11500 6 12674 12675 68 6721 63 9119 12673 6 868 226 879	4.6
4754 1906 821 1663 52 6373 4754 839 8375 5959 708 4754 7160 4754 12676	1906 3135 8375 5959 708	3
2838 39 6693 854 18 226 612 4566 706 21 7345 1487 1693	1119 706 21 7345 1487 1693	3.4
22 9944 5016 839 105 7004 909 21 1484 12677 1197 12 499 18	7004 3214 738 8445 1576 12678 1484	2.2
4940 698 26 3 12679 24 117 12680 474 11536 779 3662 555 12681	1415 4940 4720 226 12682	3.4
7525 245 3 390 2283 2531 5483 21 3 1646 4469 21 5369	7525 33 2531 5483 1077 1031 12308	3.6
146 5477 21 3 12683 26 4754 12684 4754 12685 4754 12686 4754 10980	146 5477 21 3 12683 26 1392 1393	4.6
832 105 1628 1469 21 7054	832 1690 1628 1469 21 7054 12687	4
16 12 2957 6046 12688 6 30 6 65 12689 68 2592 485 2887 68 70 12690 18	9227 1147 12691 6392 11966 112 190 33 4466 2887	1.8
6010 6 42 54 2940 2917 1603 3257 3174 5383 84 182 56 3 10723 9788 692 808 1079 12692 3217	10723 9788 692 112 1603 3217	3.6
5305 2778 18 135 506 112 2848 135 12693 39 2412 174 821 3473 18 4754 77 4754 5945 4754 12694	2957 2412 105 174 506 112 2848 174 321 932 2748 4981 12546	4
10321 3547 105 729 23 33 45 3193 729 150 60 39 277 11605 115 37 45 3193 18	10320 10321 3547 105 729 23 33 45 12695	4
12562 3396 105 35 133 81 2015 2297 72 37 1318 22 4754 481 4754 5084 4754 1141	3396 105 35 133 81 174 2297 72 37 1318 22	4
104 236 174 49 81 82 104 236 154	676 12519 6120 174 48 2798 88 23	0
12696 7695 12697 12698 7106 33 1910 4495 105	12699 6 12700 30 12701	0.4
524 135 9844 135 18 12378 18 0 93 135 12702 135 18 407 10264 37 2969	407 3437 10264 37 2969	2.8
12536 12703 6 12704 467 4976 9 3982 105 12705 12706 6 6322 26 174 12707 174 12708 12709 174 6 868 226 7270	12705 12706 6 2851 26 174 12707 174 12708 12709 6 174 868 226 7270	4.2
1129 1246 8142 12516 33 1109	12514 9951 12516 33 1609	3.8
135 7525 275 39 94 12 1564 6 56 23 174 821 160 12710 1564 18 135	12711 12 7525 44 12712 26 4022	0.8
12415 6871 1487 12713 105 26 3424 6 39 6303 1693 226 3 8887 1487 21 7095 7345 706 226 5071 467	1628 12714 105 1487 12713 21 6871 331	2
674 809 12715 139 8039 2344	674 809 1466 373 1079 747 68 1646 4469	3.8
133 91 178 3166 6 181 485 769 7000 154 243 7829 1789 2478 26 1693 6 868 68 1264 956 149	7829 1789 2478 26 1693 68 1264 956 149	4.2
11365 8132 3 1663 26 8252	11365 1633 21 26 8252 1663	3.6
10810 112 12716 12717	12716 12717 729 2629 167 729 56 318 21 12718 6 8083 84	2
12719 729 37 4761 6 56 115 37 3295 106 12720 112 12415 515 289 261 1673 105 18	12358 7122 729 1342 256 68 3158 10809	1.2
1129 1732 229 49 4526 82 46 12721 12722 12722 0 342 49 212 39 219 68 108 623 656 12723 154	1129 1732 229 12724 2661 68 5529 139	2.4
151 5029 81 82 89 35 54 42 55 174	35 68 55 151 5029 81 82 89	4.6
12725 6156 216 512 485 293 832 10174 1628 1469 21 7054 12687	832 1690 1628 1469 21 7054 12687	2.2
9360 3 12726 2210 4754 2563 4754 12727	703 483 105 12728 7573 26 3 1480 1556 2482	0.8
605 2665 52 5779 5333 12729 1986 803 791 276 26 1079 6313 12730 4754 685 4754 12731	1079 1986 2475 342 112 12732 938 26 1079 6313 4856	3
12733 729 8031 1151 10721 18 729 3648 729 8031 1151 10721	12734 3158 8031 1151 10090	3.6
226 612 12373 706 21 7345 1487 1693 6 598 39 2805	1119 706 21 7345 1487 1693	3.8
3397 12735 12 3 854 105 729 35 4821 151 42 2142 12736 12737 21 70 12738	372 37 35 4821 151 42 2142 12736 12737 21 70 366	3.4
466 3868 8 21 12562 4976 708 106 275 35 12739 981 63 39 1634 12740 251 105	956 6349 229 181 357 68 7240 1182	1
26 3 12741 12 12742 105 60 245 5662 68 46 9 11540 112 1079 2559 174 821 854	1198 105 1617 12742 6 45 146 12743	2.2
933 105 133 91 45 3 12744 42 104 133 176 150 1484	340 933 37 45 12745 1215	4
3 12746 789 12 3808 2253 105 1894 12 12747 12748 12749 1069 39 12750 63 5350 12751	1894 12 12747 12748 174 5874 1069 12750 63 5350 12751	3.8
6027 33 996 12658 6 9773 8 42 626 2848 135 7678 3257 135	6027 174 821 996 12658 6 9773 8 42	3.8
2136 5993 150 12752 12753 176 3 375 1226 42 174 12754 449 6896 8495 11706 18	4952 105 12755 105 146 1576 225	0.4
12756 2669 39 277 4642 26 191 12757 1722 12758 12759 108 23 6 277 4642 467 4754 12760	12756 68 189 7073 30 12761 1185 12 1722 12758 112 191 12762 2455	2.8
4469 108 7799 26 4754 12763 3197 105 105 4469 108 12216 62 68 506 129 5702 4754 12764 4754 12765	4469 24 46 76 12216 62 68 506 129 2570 123 5702	4.6
135 102 8 3 11714 467 135 6693 30 6323 18 9702 12 2283 12489 9502 1096	9702 12 2283 12489 9502 414 6219 1096	2.4
12766 12767 6 5024 68 1142 360 10486 12768 154 6531 18	12766 12767 30 5024 1142 360 10486	4.6
605 154 174 105 4754 650 12769 1351 8211 198 4754 1478 6 1412 2546 1166 12 2073 105 174	650 6 11145 68 4136 1229 12770	2.6
12771 105 10987 12772 6 757 12 12773 738 115 6064 885 1288 1153 634 729 6879 9226 571 3 3064 1689	10987 12772 6 511 2528 11574 738 6 868 226 7270	3.4
236 12774 2046 105 226 612 4566 706 21 9613 1487 1693 6 835 229 18 2048	1119 706 21 7345 1487 1693	3
485 168 68 483 39 485 12775 12776 334 2061 135 2581 33 12777 7834 6 56 5389 12778 135	1270 533 105 2581 174 821 12777 7834 6 56 5389 12778	3.6
60 37 567 105 135 35 133 81 2015 2297 72 37 1318 22 135 18	3396 105 35 133 81 174 2297 72 37 1318 22	3.6
151 0 375 2949 60 12779 5541 26 3 8657 6 0 2837 87 2170 146 409 18 30 12562 275 12780 154	21 3 12526 6 12527 4253 174 821 6392 12524 3 9564	2.6
1938 68 122 12781 9756 12 8755 198 9688 12782 68 12783 6140	1938 68 12784 233 12 453 8755 12785	3.4
60 67 12786 9 1112 105 12787 12767 30 2922 12788	12787 12767 6 2922 12788 174 12789	1.2
4754 1079 1986 1853 1966 4754 5029 174 4754 339 68 4754 3388 12 4754 512	1079 1986 1853 12790 68 5572 5029 174 1514 575 68 3388 2374	3.8
7441 407 105 12445 4746 1583 105 37 729 10726 1550 729 12791 112 10868 3100 68 146 748 174	37 729 10726 1550 729 12791 112 688 12566 3100 68 146 748 174	4.6
1157 12792 1187 12793 7912 616 154 4754 3275 12794 4754 12795 7311 902 12796 18	6306 7141 27 11136 2374 446 21 12797	2.6
12798 68 4754 12799 30 4754 12800 154 280 95 4754 12801 248 233 2279 12802 60 2559 18	3 12803 105 729 12799 6 729 11064 52 1294 788 12804 6 1342 226 12801	1.6
3372 6 12805 68 6012 30 2957 6941 45 12806 1044 105 2632 10030 3174 12807 2888 9254 2048	2632 12808 2106 68 12807 2888 9254	3.8
9 12809 10287 6 2136 6394 18 1700 174 6204 1216 44 45 410 6356 4036 105	1700 174 6204 1216 2106 68 6356 4036	2.8
5602 105 12810 1077 26 5042	12810 1077 26 1036 5042	4.2
12811 44 212 115 12812 37 39 2220 18 12369 105 151 12813 1326 6 60 6 9405 6 5097 2205 39 3674	12814 6 121 6 56 10386 477 6 5397 1051	1.6
523 466 183 54 2726 226 3 4317 12815 105 21 3 11235 517 6 4567 6383	11946 12816 4997 6614 12817	2.2
6835 2177 105 12818 105 12819 1397 970 26 1270 124 44 156 3711	12818 105 12819 1397 12820 779 6306 12 138 12821	2.8
12822 637 12823 33 12824 52 12825 1341	12822 7731 68 12823 174 821 12824 52 12826 1514	4
6515 12827 1358 1079 1820 21 4754 334 943 5714 12828 4754 244 154	3 12829 105 6515 12827 1358 1079 1820 21 334 943	3.8
112 3 949 6 0 3644 9 3715 186 135 3 12830 135 211 12830 428 365	3 174 12830 174 37 4650 3073	1.4
12831 6174 105 4754 12832	112 3 655 30 674 809 105 3217 26	1.2
1079 12833 1770 21 4754 12834 391 21 12835 97 23 12836 18 4754 6723	1079 12833 1770 21 12837	3.6
45 236 157 1270 5062 12369 105 1092 1165 12838 21 3102 3185	1092 1165 136 12838 21 3102 3185	4.4
655 6528 105 2950 3 5772 21 832 2344 18 12839 18	655 105 2950 3 5772 21 832	4.4
9507 3649 12840 12841 105 5084 176 135 146 11735 45 12 4876 56 12 6011 18 135	12331 12332 105 4904 198 5084 30 39 11492	1.8
12369 105 795 12842 229 12843 24 263 1079 30 167 1182 30 45 523 12844 1182	795 12842 8739 1634 6579 12 12843	2.6
1079 3278 112 1767 8087 21 3 466 12845 4754 8170	1767 10574 1079 5778 26 466 12845	4
754 68 952 9888 12846 112 920 4136 2531 150	754 506 68 3449 9681 2531 1076	3
12369 105 12847 30 261 2973 12848 12849 39 4642 467	5436 7781 105 12847 30 261 2973 12848 12849 39 4642 68 1079 12850	3.4
3289 8250 198 12851 12852 12370 1679 5263 198 892 3174 7345 1983 246 4484 18	1634 6892 105 39 2409 415 414 112 7563 12 12372 520 12 12370	2.2
236 6 54 133 67 6121 3 12791 552 174 9137 37 506 68 8210 5553 1292 112 1156	9137 3731 1292 26 1156 21 5553	4
1938 68 122 12781 9756 12 8755 4754 1938 4754 2434 4754 442	1938 68 12784 233 12 453 8755 12785	3.2
2046 105 1859 1213 3627 1516 68 453 769 2048 12853 12854	1859 1213 3627 1516 68 453 769 323 26 7561 5461	4.2
6068 6068 6068 6068 6068 12369 105 1244 3403 12855 12856 3417 6068 6068 6068 6068 6068	8876 1583 105 1244 3403 12855 1634 9848 3417	4.4
4754 650 542 105 12857 921 6 181 7295 834 150 150 198 4754 12858	6070 12859 226 6313 2549 12860	1.8
12861 12862 2969 68 394 485 62 52 271 12863 1966 18	3580 33 12861 12862 10378 1519	3.4
12864 7920 12865 12866 63 1810 33 8300 4122 18 191 5070 12867 276 174 154 174 288 181 1185 258 68 505 18	12864 7920 12865 105 1810 33 8300 4122	3.2
83 5037 46 3319 68 729 7077 23 109 729 174 4754 12868 4754 12869	83 5037 67 729 7077 23 109 729 174	3.6
225 12 3 355 105 4754 12870	2297 12871 105 225 12 3 355 2028 12872 11903	4.4
3 1155 12 3 7565 12873	12874 105 54 12873 3846 23 1064 174	3
1079 1986 1144 275 6313 2549 276 6 52 5175 26 7528 12330	1079 1986 2475 342 112 12732 938 26 1079 6313 4856	2
10329 4904 150 729 3 789 734 12875	174 3 789 734 7217 6 174 8 12876 947	2.8
236 18 12877 18 174 105 21 271 297 262 105 12747 12748 12749 26 271 9046 6 30 395 769 150 552 12878 68 46 39 7815 105 174	21 271 297 262 105 12747 12748 12749 26 9046 33 769	3.8
12879 3174 12879 245 2909 12 6758 983 5620 4092 21 12880 12661 12881 18	12664 2909 12 6758 983 5620 21 12661 12662	3.4
1023 4754 7635 4754 8197 5333 5940 4547 18 121 233 4904 112 12882 12883 11605	12331 12332 105 7635 174 821 8197 12884	2
7441 407 150 39 12885 115 37 12886 52 12887	12888 1096 105 12889 174 821 12885 12 39 308 4713 12887	4.2
5586 12890 68 9257 4305 174 2956 174 821 156 9257 174 174 4754 12891	1883 12892 186 9257 4305	4.2
650 1366 1766 2478 26 5379 105 12369 105 10781 1466 12893 12894 21 1707 68 8296 198 650	10781 1466 12893 1707 68 8296 198 650	4
2581 6 3 1129 1246 12 2691 150 157 515 161 174	2581 6 1129 1246 12 2691	4.2
23 4971 9 2568 18	1415 4940 4720 226 12682	0
55 42 79 39 135 2950 854 135	3 2152 12 39 729 2950 12895	2.6
35 2070 21 3848 467 0 1106 779 5084 18 650 54 6 106 18	12331 12462 105 3848 7505 7295 834 18 2581 54 6 106 18	4
24 676 650 33 6313 12860 77 174 12896 3262 6 12897 1791 2707 174 11964	12896 3262 12 5084 174 770 6 12897 1791 2707 174 11964	2.4
12562 2706 150 2706 12 3 407 105 174 3 825 5637 6 174 39 4803 12 12898 8 9347 12899 105 174 3 825 5637 6 174 12900 467	2706 12 3 407 105 174 3 825 5637 6 174 16 12898 8 9347 12899	4.6
4981 12546 301 7157 12901 105	12902 105 3 1079 12903 174	3.8
5834 1878 84 4754 850 1366 1206 429 26 4754 851 31	1878 12904 1703	0.6
12905 18 6134 1270 59 45 162 12906 12907 33 382 6 73 67 3690 18	6134 1270 30 12906 12907 314 203	4.2
12908 150 61 12 3 2196 135 7699 135 3358 4097 18 12672 11500 6 12675 68 6721 63 9119 12673 6 868 226 879	12672 11500 6 12674 12675 68 6721 63 9119 12673 6 868 226 879	4.2
81 82 108 289 4836 6 18 1008 2291 12374 297 272 68 708 6 12375 3656 9502 150	1008 1130 12374 272 68 708 6 12375 3656 9502	4.6
12909 12578 12910 12911 26 3 7145 12 12912 7441 52 4754 3275 105 3 447 568 174 4754 12801	12913 105 174 3 447 568 174	2
60 130 1559 95 61 12 555 12914 729 769 729 4023 18 12915 18	12716 12717 21 7750 512 21 1886 1282 779 10911 6 8083 84	0
12916 105 2889 6230 9109 10359 112 3972 12917 779 1977 3980 105 35 55 42 104 174	2889 6230 10359 112 3972 12917	4
5070 701 21 1786 7573 1693	1119 706 21 7345 1487 1693	2.8
12918 9137 8320 1292 26 1156 9946 21 5553 6988	9137 3731 1292 26 1156 21 5553	4.6
135 146 2648 3269 12 60 483 12919 3 12920 115 245 12921 151 8420 8144 26 12922 467 135	12923 483 105 174 8420 174 226 1137 1347 12923	1.2
372 33 68 16 485 1503 12 12924 12925 10819 18	12926 12927 68 3618 6515 3064 3066	0.25
1079 1986 3358 6313 2549 683 567 6 0 95 115 49 300 12928 26 7528 2570 18	1079 1986 68 6121 375 6313 2549 683 436 12929 1603	3
10504 12930 275 39 466 326 68 92 18 4754 12931	10504 12930 26 395 12931	5
12932 150 1426 1876 151 1935 11083 360 8422 21 1491 150	1426 706 63 1935 11083 360 8422 21 1491	5
39 12933 3313 2594 198 611 9328 12934 18 0 1106 779 5084 18 650 54 6 106 18	12331 12462 105 3848 7505 7295 834 18 2581 54 6 106 18	2.4
135 105 21 2656 174 821 6313 11100 3396 6 650 7950 6762 4481 30 1077 1230 26 6313 6841 18 135	3396 105 676 650 174 821 542 112 6313 6841	3.2
21 12935 6 3861 2155 7753 544 11399 1292 0 370 45 61 12 139 154	21 653 6 12935 12936 6392 544 6974 174 821 11399 1292	3.6
30 49 597 12937 340 154 154 499 2155 23 1107 26 659 2344 150	4952 105 499 2155 23 1107 26 659 6 2344	4.4
12938 822 12939 8 8683 11087 12940 12941	12938 822 11087 12940 12941	4.4
21 12942 133 2847 68 12943 226 22 6762 6 6313 4856 4391 18 5305 12944 22 4690 943 1503 1166 12 4167 18	650 24 1231 12945 311 21 61 4883 1846	0
12946 12947 12948 105 135 12949 9207 105 729 7996 729 6313 2549 4856 4526 82 46 6475 135 4754 12858 4754 12929	9207 4526 82 9890 729 7996 729 6313 4856	3.8
3138 12950 105 97 59 12951 12952 30 5528 12953 55 63 7287 174	3138 12950 7832 360 5936 5640 308	2
21 4754 1383 6 10909 1264 7303 12 4754 1681	10909 21 1383 1264 7303 12 11154 1732	4.4
12954 105 39 12955 12956 12 885 1126 2434 4754 5275	12954 105 39 12955 12956 12 2434	3.6
459 174 2297 23 6693 6 115 2072 95 3 12957 21 12958 65 68 2726 112 22 68 5734 23 4754 7145	146 12959 7379 112 7423 9207 174 821 6632 12960 105 27 12961	0
1608 105 2823 33 8483 12962 105	2823 33 12498 525 129 10638	2.8
35 3 35 174 154 174 105 6392 12 9449 6095 819 6 6117 18 174	157 6052 154 9449 6095 2851 6117	4.6
372 133 156 2344 6140 39 1130 84 87 33 729 2101 729 87 2843 142 12963 37 696 18	1130 6509 21 12964 1127 84 87 33 729 2101 729 142 12963 37 696	3.4
1130 1265 779 8657 1089 21 7057	1130 1265 779 867 8844 2893 8657 6240 21 7057	3.6
3088 2837 0 249 12965 4754 2097 12966 112 4754 5482 6 0 370 318 1374 4754 2696 33 6787 21 12966 18 49 91 4503 68 317 18	2097 1497 198 10172 12847 112 3 756	1.4
696 6941 852 26 39 597 211 1015 2471 326 12 12967 6 2888 30 4509 18	135 696 6941 135 12 12968 9375	2.4
3 7690 33 729 3669 729 7135 4754 12969 4754 12415	12970 3669 7135 21 3 7690	4
12369 105 12971 1063 650 3174 12972 21 1608 1779 12973 18	12971 1063 650 21 1608	4
3332 18 135 105 485 489 12974 7704 6560 1784 68 46 536 112 7941 6271 135	485 489 12974 7704 6560 1784 536 112 6271	4.4
372 37 9 132 6 37 9109 2035 9097 112 4251 515 112 4251 167 174	3003 7456 109 226 10359	1
3 168 12975 2238 105 3 12976 33 12977 109 146 12978 3876 12 10952	12979 105 10952 301 146 12980 198 3 12976 363 507 87 88 23 515 45 365	2.8
268 12981 2015 821 5471 6934 504 112 146 10029 105 39 2337 191 12982 2455 12983 37 1310 68 11846 2297 467	12981 174 821 5471 6934 504 112 146 10029	3.4
3619 8813 6 12380 1834 21 6834 4754 1484 150 4754 12984 4754 10129	3619 8813 6 12380 1834 21 1484	4
1673 6 224 39 6296 198 12395 12985 150	1673 6 2659 198 12986 12985	4.4
60 12987 2847 326 38 505 12988 18 181 6 28 105	3 2502 7124 12989 1774 453 1513 8690	0
674 809 1652 1126 12990 467	1193 809 288 1079 8039 544 499 18	3
755 2032 26 970 21 4754 831	970 12 1712 21 831	4.2
2848 2 7745 1489 150 3619 8813 6 12380 1834 21 6834 1484	3619 8813 6 12380 1834 21 1484	4
157 6052 2261 6 9449 6095 2155 819	157 6052 154 9449 6095 2851 6117	4.4
2046 105 2046 105 769 770 7834 68 12392 21 7345 1487 1693 6 1377 84 18 2048 5186 6693 2048 12991	1119 706 21 7345 1487 1693	3.8
6693 56 10574 2285 6941 12 12992 763 3990 395 11540 18 35 39 2848 18 12369 105 9119 12673 868 226 879	12672 11500 6 12674 12675 68 6721 63 9119 12673 6 868 226 879	3.2
21 4914 12993 6 1320 9715 579 7073 4754 12994 4754 12995 4754 12996 4754 7274	226 5989 12993 6 1320 9715 12997 112 7437	3
3 4737 0 147 15 108 68 5936 105 4754 12998 26 3 783 5082	12521 12522 105 3669 2655 26 3 783 5082	2
2344 105 12369 105 10320 1944 10464 9799 2780 7034 540	1595 1347 84 10320 1944 12999 9799 2780 7034 540	4
233 10 26 10 9242 256 372 18 1044 105 26 13000 6841 174 13001 105	13002 13003 276 37 3810 4467 21 648	0.6
674 809 174 821 7482 12038 80 1008 13004 13005 30 5442 13006 13007	4536 12 7388 8 674 809 13008 499 18	3.8
133 176 12264 68 273 35 4821 154 154 174 811 874 174 13009 113 135 496 13010 135 4754 13011	174 811 874 174 13009 68 113 124 6 496 13010	3.8
12415 105 1027 1327 7445 7134 26 5678 2590	1027 1028 21 5678 6418 896	3.6
3808 13012 12455 12456 12543 1507 5201 340 174	3808 8390 12455 12456 12543 1507	4.2
37 8673 13013 95 3 729 13014 48 9239 54 450 23 6 9239 13015 82 28 32 174 5720 233 611 13016 13017 8673 13013 105	8673 13013 13018 68 46 9211 226 952	2.6
3 1392 37 2967 6 45 21 3 4090 1355 6 56 552 105	146 5477 21 3 12683 26 1392 1393	2
4229 1981 105 2596 3 13019	4229 1981 7124 21 2275 30 9069 1064 789	2.6
12787 12767 30 2922 12788 42 156 2065 154 154	12787 12767 6 2922 12788 174 12789	2.4
12562 26 12455 12456 105 39 1564 7355 6 39 13020 30 552 6 39 3029	12455 12456 6 39 1564 7355 30 552 6 39 3029	4.2
6042 3 13021 105 485 489 12392 467 13022 26 3 415 112 5784 2552 12415 18 133 91 4126 3 4268 6268 344 467	1119 706 21 7345 1487 1693	0.8
0 370 13023 115 23 275 68 1206 68 60 112 233 18	7829 1789 2478 26 1693 68 1264 956 149	0
13024 467 13025 3718 4598	789 105 3669 144 293 3718 4598	3.8
13026 1270 105 39 1564 7355 6 39 13020 30 552 6 39 3029	12455 12456 6 39 1564 7355 30 552 6 39 3029	3.6
42 167 393 21 1392 1393 6 23 33 626 154 3995 666 6306 981 277 1008 10869 198 1634 4533	12445 4746 1583 105 1394 666 6306 981 277 1008 10869 198 1634 4533	4.2
105 2283 6313 13027 6068 1096 701 21 297 1306 6 10723 9116 87 2170 485 5084	9702 12 2283 12489 9502 414 6219 1096	2.8
60 37 236 6693 2046 105 12373 510 706 21 7345 1487 1693 6 841 92 1144 1270 576 18 2048	1119 706 21 7345 1487 1693	3.6
6823 1036 1037 84 135 0 1106 779 5084 18 650 54 6 106 18 135	12331 12462 105 3848 7505 7295 834 18 2581 54 6 106 18	3.4
12369 105 13028 6 146 1137 13029 174 13030 13031 154 39 1103 13032	12331 12462 105 13028 6 146 1137 13029 174 13030 821 174 13033	4.25
157 6052 154 9449 6095 6392 2851 6117 150 4754 685 4754 5333	157 6052 154 9449 6095 2851 6117	4.6
13034 1883 39 2076 26 6564 33 770	64 105 447 385 4108 26 2848 13035 198 6564	3.4
37 23 39 13036 3 390 10504 2581 33 1206 198 3 811 174	12331 12462 105 13037 6762 30 10504 2581	2.6
754 13038 5959 13039 6160 12449	754 13040 1079 6160	3.4
2455 1130 1405 428 1354 68 2592 1393 21 13041 13042 4754 13043 4754 13044	13045 1130 1405 729 1354 68 13046 7103 1417	1.8
2581 6 3 1129 1246 12 2691 150 157 554 1129 105 365	2581 6 1129 1246 12 2691	4.4
7004 901 517 5866 3 13047 3201 6441 629 37 523 1980 13048 808 3397 3463	901 3149 68 410 3005 5514 12 13049 1611	3
135 45 178 13050 176 3416 2092 154 135	1415 4940 4720 226 12682	0.6
22 12790 3846 4097 2683 52 10911 2561 150 12562	12790 51 1087 26 2683 12 10911 12351	3.2
12369 105 13051 701 63 1693 1551 2423 1487 21 7345 363 13052 1244 3087 30 8645 13053 365	7220 701 63 1693 1551 2423 1487 21 7345	3.6
5834 174 39 916 653 1545 4663 26 3 13054 174 821 1370 68 149 26 13055 13056	916 653 1545 4663 26 13055 13056	3.8
12521 105 13057 13058 6 6823 1670 226 7095 2685 6 525 10618 224 26 7299 11834 12 12334 18	12331 12462 105 13059 1307 112 39 1103 1777 21 708	1.4
4754 6163 23 2070 2344 18 841 105 843 14 7680 6560 1935 10278 21 4754 892 150	700 819 808 1079 10453 26 1935	2.6
4754 7059 105 3 88 68 72 105 135 284 4754 7525 3712 117 42 474 13060 174 135 3776 372	3 3826 2834 1583 105 1837 4952 2028 284 7525 3712 117 42 474 161 174	3.8
12910 12415 105 729 226 612 12373 706 21 7345 1487 1693 13061	1119 706 21 7345 1487 1693	3
4779 165 1770 21 13062 165 21 445 30 5393	10362 414 21 13062 21 754 30 5393	4.8
9119 12673 6 868 226 879 18 9119 12673 105 176 3116 2549 12813 13063 174 13064 9119 13064 105 523 48 49 81 174 2297 77 18	12672 11500 6 12674 12675 68 6721 63 9119 12673 6 868 226 879	2.8
12876 947 3972 5305 3990 174 135 3 789 734 7217 135	174 3 789 734 7217 6 174 8 12876 947	3.8
4754 13065 288 13066 485 6777 6 84 4754 9412 13067 4754 7525 4754 13068	991 1793 117 22 485 6777	4.4
789 33 304 13069 8824 174 13070	789 33 304 51 112 1767 8824 174	3.2
13071 7701 275 16 12 395 1479 10698 8844 109 18	13071 7701 10698 8844 109	3.4
2876 2035 1805 63 67 39 578 467 133 178 3533 60 2719 30 24 108 35 133 575 112	12352 2028 3 466 2164 105 3 970 12 3 10142 13072 1165	0.75
26 3 79 112 13073 21 3808 3826 18	3808 11868 79 3166 9022 68 13074	3.8
6684 6 67 3 6392 174 135 105 6392 12 9449 6095 819 6 6117 18 135	157 6052 154 9449 6095 2851 6117	4
12352 105 12353 363 12345 6432 365	12352 105 12353 293 12346 12347 12348	2.6
13075 105 1008 6313 251 37 45 39 2502 251 363 1366 93 365	2581 33 6313 251 37 45 39 2502 251	4.4
1103 3463 37 39 2099 7368 256 8987 21 933 4754 901	901 3149 68 410 3005 5514 12 13049 1611	0.2
13076 13077 6 13078 6113 13079 4083 13080 6113 13081 4754 1079 1986 1853 1966 5029 174 339 68 3388 12 512	1079 1986 1853 12790 68 5572 5029 174 1514 575 68 3388 2374	2.8
3932 1378 2996 211 12490 105 13082 13083 13084 3174 2160 13085 12455 12456 263 39 2476 6 2552 7441 407	3 13086 3548 1583 105 13083 13084 30 12455 12456 33 621 52 904	3
12641 6 35 39 326 105 21 3 12526 6 39 6392 68 10865 3 9564	21 3 12526 6 12527 4253 174 821 6392 12524 3 9564	4
2652 33 3757 735 3012 176 1232 6 45 466	2652 33 3757 735 3012 176 277 6975 67 45 277 3713	3.4
769 37 161 3713 105	70 514 105 39 13087 769 6 39 6204 10853 30 410 112 557	0.2
135 13088 12 5936 135 174 174 13089 13090 12 329 7097 467 3174 13091 13092 26 1228 433 112 1040 5937 18	13093 174 821 11169 105 174 626 13088 12 5936 174 30 2406 12 1040 3391 10443	3.8
676 12519 154 32 176 110 183 0 216 95 485 154	676 12519 6120 174 48 2798 88 23	1.8
12562 6 135 5404 5397 12855 8250 115 3196 6019 13094 6020 3838 6019 30 507 7360 13095 176 38 6020 135	5404 5397 12855 8250 115 3196 3838	3.2
135 105 991 1793 177 22 485 6777 174 852 68 135	991 1793 117 22 485 6777	4.4
583 293 97 133 54 1656 1519 2957 13096 3795 18 13097 176 2279 18	12352 2028 3 9000 105 35 37 39 729 12734 729 174	0
3003 1077 453 1097 226 13098 55 42 175 104 12 10359 33 1977 174	3003 7456 109 226 10359	4
779 1008 747 6 674 809 5423 1913 26 811 4754 1229 4754 13099 4754 7738 4754 22 4754 6762	779 8039 544 1008 6 674 809 5423 1913 68 811	4
13100 12342 1147 683 68 582 12635 834 105	1756 7920 683 68 582 12635 1368	3.4
12369 105 4742 112 7701 30 112 13101	1341 112 7701 30 112 13101	4.8
3 9711 13102 3011 467	1608 1983 13103 13104 7363	0
198 105 13105 174 13106 3649 4250 10865 8013 4754 13107	13105 174 13106 13108 164 876 174 821 3776 21 41 4250	3.4
7389 6795 2715 12 3848 150	5266 105 7389 1153 3848	2.8
474 157 2885 93 154 105 365 2292 26 39 13109 6 729 60 8986 37 26 22 729 150	2292 26 13109 105 729 60 8986 37 26 13110	3.8
4497 54 994 10911 1096 174 821 12585 4754 13111 4754 4497 4754 2570	4497 54 994 10911 1096 33 12585	4.8
3 13112 3861 67 3200 4097 2957 656 18 63 12 2656 6 23 33 8366 68 2896 39 2110 13055 7244	8876 1583 105 39 256 68 13113 13114 8344 4097	3.6
13115 154 4754 1439 54 82 1341 26 623 4836 236 49 24 1393 3 2210 154 174	233 13116 4469 225 226 13117 938 1177	0.8
13118 983 12 4706 317 961 68 212 2390 18 174 105 4650 68 3 2145 112 39 4923 215 174	64 105 4650 68 3 2145 112 39 4923 2390	3.2
3 8442 12 3883 198 3534 2590 68 7157 4754 12818	12818 105 3883 198 3534 2590 68 3 7157 3035 13119 5779	4.2
83 5037 46 2767 68 135 7077 23 109 174 135 467	83 5037 67 729 7077 23 109 729 174	4.6
567 13120 26 4754 13121 13122 150	3 9873 1005 12 1402 6134	2
1225 7073 63 12567 33 4754 12385 12566 1307 772 13123 18 191 13124 4754 7371 4754 13125 4754 1515 4754 6762	1225 7073 13126 12 12567 12385 12566	3.6
755 1229 3149 68 3605 68 13127 0 5182 392 1079 2656 154 154 154	226 1126 1583 105 755 1229 3149 68 3605 13128 112 13127	4
1151 12400 1880 948 271 5529 12369 515 3 12976 409 174 54 82 92	1151 1880 948 271 5529 21 653	4.2
567 409 18 13129 13130 6 1867 68 13131 33 13129 2913	13129 13130 6 1867 68 13131 174 821 13129 2913	4
49 2721 236 3333 105 363 4754 13132 4754 13133	1119 706 21 7345 1487 1693	2.2
146 13134 37 965 39 13135 8645 758 52 39 13136 13137 18 0 6112 555 183 216 1206 21 6258 18	13134 68 3533 1306 1374 13138 13137	3.8
13139 13140 5746 105 13141 13142 852 293 729 3 13143 5024 729 105 12536 13142 33 375 13144 467	12979 105 13145 30 3492 105 13141 13142 26 271 326 3584 729 3 13143 13146	3.8
13147 920 13148 6 3449 3 586 18 105 216 42 474 13149 52 6373 13150 21 70 27 174	3 3826 2834 1583 105 1837 4952 2028 216 42 474 13149 52 6373 13150 13151 70 27 174	3.8
233 157 1270 112 39 1393 485 1834 2035 6136 150 6723 769 7008 6040 2776 983 467	485 1834 2035 6136 105 6723 769 7008 6040 2776 983	4.8
3295 39 1507	12455 12456 6 3397 8390 6 868 226 1506	0.4
60 37 146 13152 2074 18 3 219 68 3 1355 18 174 177 114 174 21 3 1853	2685 13153 105 174 177 114 6 174 226 1581 12 3 1853 12 1079 1986	3.4
13154 13155 6 511 13156 39 127 2670 21 13157 13158 9848 13159 13160 6 4781 4506 18	13154 13155 868 6 2182 428 13161 6358 13159 13160	3.8
568 6 35 174 154 150 729 384 8525 921 729 2003	13162 8525 521 729 105 35 284 23 3128 174	5
2957 996 13163 105 2581 33 12777 7834 6 56 5389 12778	1270 533 105 2581 174 821 12777 7834 6 56 5389 12778	4.6
6623 4876 4856 112 5077 2876 105 1129 1109 105 13164 6 13165 30 8366 174 150 12415 4754 13166 4754 13167 4754 13168 4754 13169	1609 105 13165 30 8366 174	2.8
3990 105 97 68 108 2581 3808 2552	12331 12462 105 97 68 108 9681 3397 68 178 4706	2.4
1079 1986 407 1031 3003 1849 13170 68 13171	407 3437 10264 37 2969	3.8
35 33 236 1107 52 2988 23 174 35 133 81 2015 2297 72 37 1318 22	3396 105 35 133 81 174 2297 72 37 1318 22	3.8
13172 13173 68 224 808 7890 13174 13175 6 52 178 3 7778 105	13172 13173 68 46 7890 13174 13175 9655	4.4
4754 2329 13176 224 2557 1230	2983 2329 13177 4075 68 5816 2648 3623	2.4
4754 663 105 135 10641 2957 1157 30 2957 13178 26 2921 112 139 105 112 13179 6 112 9063 135	663 84 12619 12 9063 2721 1956 109 12 2204	2.2
12369 105 10359 6 39 13180 519 13181 390 4218 6 9717 30 13182 174 21 331	112 10359 6 39 13180 519 6006	4
13183 21 6434 5062 12369 105 2798 2015 821 363 4880 365 3 86	12331 12332 105 2798 174 821 363 4880 365 3 86	3.8
743 698 7563 729 3384 748 1264	743 698 7563 68 46 696 779 1264 1339	2.6
60 434 2940 109 160 567 5062	233 13116 4469 225 226 13117 938 1177	0
1756 12486 84 87 24 938 112 4282 1171 112 3425 12 1174 157 1270 154	12486 84 87 174 821 12487 52 1171 26 7716	2
60 1130 54 12779 167 489 233 277 2017 511 24 46 226 3 13184 7183 12527 4253 2669 3 13185 2590 8657	13186 330 3207 105 13187 4253 2669 3 13185 2590 8657	2.4
1244 3403 12855 12856 3417 4754 13188 4754 13189	8876 1583 105 1244 3403 12855 1634 9848 3417	3.8
466 7441 407 409 105 2046 105 2046 105 39 13190 21 271 1853 105 13191 7570 21 4754 13192	39 13190 21 271 1853 105 13191 7570 21 1079 7171	4.4
466 409 3174 629 26 35 13193 1932 1139 2661 68 608 109 97 68 2896 3 256 888 18	7898 6316 105 340 0 370 343 112 39 1079 888	1.8
463 129 70 6008 6019 13194 6020 154 135 674 809 84 1079 851 540 24 46 314 12 1663 544 1008 135 13195	1193 809 288 1079 8039 544 499 18	2
4940 698 13196 26 3 12679	1415 4940 4720 226 12682	3
12555 105 135 63 12610 12611 6261 6 144 12 12612 135	12610 12611 927 129 6 6278 144 12 12612 30 12613	3.75
48 13197 45 1805 4754 13198 4754 2847 6 9239 83 18 12369 105 12345 13199 4754 13200 6 4169 2848 245 3841 198 1408 6 868 226 11059	12345 13199 13200 6 13201 105 12345 13199 13200 6 4169 2848 245 3841 198 1408 6 868 226 11059	4.4
132 37 105 284 60 3128 1361 1126 174 136 45 18 56 318 45 39 157 247 4754 1255	13202 13203 68 13204 105 4642 808 2942 3201 1192 515 729 1139 13205	0.6
5272 82 628 485 52 3 6839 372 105	12352 105 892 37 2869 3 2502	0
567 409 112 1700 511 1216 623 6356 4974 105 1700 174 6204 1216 44 45 410 6356 4036	1700 174 6204 1216 2106 68 6356 4036	3.2
1079 1986 33 12651 681 6313 2549 683 18 1429 1519 7490 68 156 154	1079 1986 68 6121 375 6313 2549 683 436 12929 1603	3.4
12356 4753 1553 609 105 105 485 489 12974 7704 6560 1784 68 46 536 112 7941 6271	485 489 12974 7704 6560 1784 536 112 6271	4.2
6163 892 174 154 154 60 275 449 68 2950 18	700 819 808 1079 10453 26 1935	0.8
12415 2602 33 729 9563 13206 729 1077 26 5646 105 39 8745 3061 7099 6808 8 5646 112 1374 991 1793 275 13207 467	13208 13206 729 10670 5646 26 7525	3.6
13209 546 13210 729 467 3 12601 141 3823	3 12602 12601 12 1079 1986	2
1210 2078 199 68 11978 765 33 12931 467 12641	1061 76 199 68 11978 271 12931	5
2046 447 915 105 2278 1089 12 3 13211 154 2015 226 3 447 915 1157 2015 821 1581 2048 48 42 74 68 13212 4121	11029 2028 447 915 105 174 1089 12 3 13211 154 174 226 3 447 915 1157 174 821 1581	4.2
39 1366 93 18 9 6010 4948 13213 13214 275 266 23 2344 6 4037	4952 105 499 2155 23 1107 26 659 6 2344	0
340 3 8662 12643 12455 12456 150 3 13215 511 13216 35 33 304 293 3 8662 18	340 789 12643 12455 12456	3.2
3392 13217 2088 2874 6 187 3 13218 174 821 13219 2905 18	3392 41 13217 187 2088 2874	3.8
6163 174 174 13220 135 105 226 612 12373 706 21 7345 1487 1693 6892 105 135	1119 706 21 7345 1487 1693	3.2
4754 13221 13222 542 112 4754 2602 1211 1774 4754 13223 4754 13224 4754 7441 4754 13225 4754 13226	13221 13222 542 112 2602 1211 1774 13227 874	4.4
9410 174 13228 2661 68 1180 305 115 33 45 13229 467 12360 105 4754 13230 4754 2887	1834 105 133 2721 9436 12041	0.2
12369 105 12586 2399 2848 174 821 5989 2549 13231 6010	12586 54 552 3800 9417 174 1834	3.6
948 9 1112 135 105 12373 510 706 21 7345 1487 1693 6 841 92 1144 1270 576 18 135	1119 706 21 7345 1487 1693	3.2
12331 150 340 133 1366 410 1822 4754 1484 4754 1972 4754 13232	12331 12462 105 340 133 1366 410 1822 1484	4.8
9301 18 226 612 12373 706 21 7345 1487 1693	1119 706 21 7345 1487 1693	3.4
243 10850 21 892 154 6163 154 105 363 843 14 7680 6560 1935 10278 21 892 150	700 819 808 1079 10453 26 1935	3.2
991 1793 54 46 39 4948 515 13233 56 23 313 82 986 70 4259 150 150 841 105 13234 9502 3618 68 199 13235	841 105 13234 10443 68 199 13235	3.4
87 33 701 154 174 105 802 84 10573 8299 33 1054 37 3260 174	802 105 8299 37 3260	3.8
12369 105 10233 2391 4365 13236 13237	13238 112 2570 105 10233 2391 4365 13236 13237 174 13238 112 2570	4.4
13239 154 174 105 12571 12572 12573 198 1064 789 174	12571 12572 12573 1064 3 789	4.4
135 318 297 39 12659 11286 174 92 22 293 23 18 135 363 12415 365	12428 105 10359 8179 68 1842	1.2
2473 23 68 39 7878 198 4754 13240 68 108 1151 1880 68 847 271 5529 18	12400 1880 948 5529 26 8520	3
4754 13241 4754 12374 297 272 68 4754 708 112 39 4754 7873 6 2155 1098 18	1008 1130 12374 272 68 708 6 12375 3656 9502	2.2
1972 105 3 1031 192 5757 12 3 2884 176 467 150	1972 33 1031 192 5757 60 2884	5
13242 154 12604 12605 12606 84 87 37 7815 1641	12604 12605 12606 84 87 37 1641 12 7815	4.8
151 12813 1326 6 60 5097 2205 39 3674 112 13243	12814 6 121 6 56 10386 477 6 5397 1051	1.8
9119 12673 6 133 10504 42 238 18 97 13244 42 176 68 65 13245 6134 3154 70 12771 154 135 9119 12673 6 868 226 879 135	12672 11500 6 12674 12675 68 6721 63 9119 12673 6 868 226 879	3.8
39 1564 7355 6 39 13020 30 552 6 39 3029 4754 12450 4754 13246 4754 13247	12455 12456 6 39 1564 7355 30 552 6 39 3029	4.6
97 146 13248 10709 925 68 4746 150 18 363 142 65 178 3 626 5537 2758 174 365	97 13248 10709 925 68 4746	4.2
7829 1130 1789 2478 26 1693 21 1264 18 2344 18	7829 1789 2478 26 1693 68 1264 956 149	3.2
485 2183 363 3328 513 13249 365 470 216 46 135 892 37 4104 51 135 45 135 2869 135 6 56 318 567 105	12352 105 892 37 2869 3 2502	2.2
13115 13154 13250 1015 68 224 39 13251 2486 8 13252 2798 13161 6358 39 13253 9848 6 868 226 2182	13154 13155 868 6 2182 428 13161 6358 13159 13160	3.8
21 12908 12 3 3277 755 6454 656 13254 12369 105 2278 1612 2015 8 6072 844 755 12730 805 1384	174 1612 174 8 6072 844 755 12730 805 1384	3.6
3384 12 4754 12929 7563 225 112 235 26 4754 6313 1141 4754 10723	3384 12 12929 27 12957 7563 2910 544 6313 1141	3
28 174 1130 84 87 33 729 2101 729 142 12963 37 696	1130 6509 21 12964 1127 84 87 33 729 2101 729 142 12963 37 696	4
12369 105 97 68 108 2581 3808 150 605 12331 8 26 13255 3 277 13256	12331 12462 105 97 68 108 9681 3397 68 178 4706	1.4
62 68 1292 13257 18	1119 706 21 7345 1487 1693	1.2
13258 37 35 4821 151 42 2142 13259 4754 12737 21 39 366 729 3174 108 13260 13261 1161 105 13262 13263 18	372 37 35 4821 151 42 2142 12736 12737 21 70 366	3
674 809 5423 453 1913 26 3 811 4754 674 4754 811 4754 809 4754 662 4754 1313 4754 1126 4754 13264	674 809 5423 453 1913 26 811 809	4.6
21 522 2777 154 12472 1282 12473 12474 45 39 625	12472 1282 33 6130 6672 12474 45 39 625	4.2
10359 33 13265 12939 178 3 6723 10434 30 12428 5494 511 2837 271 13266 326 245 2471 18	112 10359 6 39 13180 519 6006	2.4
60 37 35 2070 21 7345 48 42 81 82 72 4141	1119 706 21 7345 1487 1693	1.2
497 6119 37 39 3 344 3825 467 105 2889 6230 9109 10359 112 3972 12917 779 1977 3980	2889 6230 10359 112 3972 12917	4.2
12562 326 26 13267 12 1829 13268	13269 1088 13267 12 13270 1829 13268	3.2
6461 174 105 12574 12575 1005 360 12576 174	12574 12575 6 12578 12579 1142 360 12576	4.4
3 1031 4981 2017 12 7164 150 363 13271 6 9 1975 37 45 26 32 428 5874 365 365 365 365	13272 33 1031 4981 2017	1.4
60 619 82 46 3 251 115 23 37 18 13273 18 12369 105 63 12610 12611 6261 6 144 12 12612	12610 12611 927 129 6 6278 144 12 12612 30 12613	3.2
6339 13274 135 105 769 770 7834 68 12392 21 7345 1487 1693 6 1377 84 18 135	1119 706 21 7345 1487 1693	3.2
434 23 46 157 174 280 13275 467 13276 68 225 226 729 4089 4683 729 13277 7097 790 150	13276 68 225 226 729 4089 4683 729 13277 790	4
3808 11868 318 79 39 3166 9022 467	3808 11868 79 3166 9022 68 13074	4.6
6313 1292 4663 7794 56 24 23 28 458 182 8987 68 10108 3 6309 174 4754 13278	13279 37 3713 6 729 12342 84 21 10043 1079 6313 1292	1.8
3 331 12 13072 6528 105 1374 3 13280 12 3 729 13281 68 11765 135 256 2 3 13282 12 2279 7019 6364 18 135	12352 2028 3 466 2164 105 3 970 12 3 10142 13072 1165	1
466 6402 8 2922 9176 30 271 1079 3403 13283 13284 37 39 466 5541	2922 9176 2323 68 6402 13284 63 12675 112 271 3403	3.2
13285 154 135 105 157 1270 5062 9 13286 13287 13288 5430 4103 335 68 729 157 2885 2581 729 135	1793 12481 1583 105 13287 13288 5430 4103 335 68 729 13289	4.2
511 13290 13291 13292 198 13293 7137 174	511 13290 13291 13292 198 7137 21 13294 7304 174	5
9142 105 1561 37 6643 13295 63 39 1769 6405 11940 18 4754 13296	13297 729 68 581 109 1990 686 112 6405	2.2
7791 2574 738 13298 808 1484 6 902 229 150	7942 706 21 7791 688 2574 1089	1
0 2198 0 434 46 60 1130 4754 13299 9 4754 2788 2198 3667 2552	1441 13300 174 821 2788 2198 3667	3.6
6758 3381 68 77 6 26 39 4487 105 6975 13301 154	13302 6758 3381 68 77 26 39 4487 6 52 13303 30 13304	4.2
4947 236 6614 6 1633 21 26 4754 8252 1663	11365 1633 21 26 8252 1663	2.4
3 13305 1285 1286	659 13306 1351 68 13307 68 13308 729 109 12 2549 729 1284	0
0 79 39 729 2950 854 729 21 9 2848 18 4754 12415	3 2152 12 39 729 2950 12895	2.8
466 3868 8 135 3 6487 770 12 1628 4754 13309 21 832 135 150	6487 770 12 4128 4720	3.4
13310 1655 2848 21 39 1285 6998 2552 13311 1583	321 13312 1655 2848 21 4263 1285 6998	3.4
2844 198 12968 13313 33 2485 52 12747 12748 12749	3 7567 1583 105 7377 26 3 12968 13313 2485 52 12747 12748 12749	4.6
12847 68 410 42 8559 105 2552 7441 407	5483 2083 105 12847 627 13314 108 485 109 12 3 13315 150 5483 2083	2.8
133 13316 3 1993 12 146 1358 1161 12063 60 1057 2685 12722 39 1564 7355 6 39 13020 30 552 6 39 3029	12455 12456 6 39 1564 7355 30 552 6 39 3029	2.4
13317 174 105 304 12771 3756 0 249 93 21 39 447 62 18 9119 12673 868 226 879 174	12672 11500 6 12674 12675 68 6721 63 9119 12673 6 868 226 879	2.8
3810 13318 4718 121 39 281 106 237 467 3 12583 12584 12 2563	277 1853 105 1079 2412 12582 12583 12584 12 2563	2.6
0 228 95 68 93 60 18 1044 105 2485 52 13319 13320 6 511 463 395 639 26 39 13321 30 4182 293 23 18	13322 1583 105 146 2485 52 13323 13320 6 511 463 395 13324 26 39 13321 6 30 4182 39 3972 293 23 18	4.4
12562 13325 4610 12 135 5119 2687 54 135 13326 21 570 12347 157 3868 26 12567 33 12385 13327	1225 7073 13126 12 12567 12385 12566	0.6
3 12601 141 3823 511 88 68 3449 9 3158 174	3 12602 12601 12 1079 1986	1.8
11945 8 39 79 68 6261 515 13328 174 10359 1705 1977 6 30 84 87 24 11141	10359 1705 1977 6 30 84 87 24 11141 544 12428 835	3.4
9207 105 0 4526 82 9890 650 33 6313 4856 18 157 112 214 18	9207 4526 82 9890 729 7996 729 6313 4856	3.8
2847 13329 226 3 4529 33 886 67 449 5019 150	1081 226 3 4529 33 67 449 5019	4.8
10321 5807 6533 8 13330 363 2552 13331 365	2766 10220 109 63 13330 3977 10321 5807	3
5438 3 1032 6 157 122 154 135 13332 5430 68 6402 289 1196 511 88 39 272 135	13332 68 1754 5210 542 68 6402 1890	4
12369 105 2696 44 46 277 6 56 23 459 2015 2297 39 13333 363 9 11540 365	999 105 2696 1970 459 174 2297 39 13333 6 3088 48 23 174 821 277	4.2
13334 154 12853 2046 105 226 612 4566 706 21 7345 1487 1693 2048	1119 706 21 7345 1487 1693	2.8
12711 12 7525 44 12712 26 961 150 37 60 3 277 3005 174	12711 12 7525 44 12712 26 4022	4
35 37 3 2598 12 12598 3 4754 1070 21 4754 864 174 1423 1503 21 4754 846 112 4754 8390 13335 13336	8390 2155 1423 1503 112 1070 6698	3.2
9207 105 0 4526 82 9890 650 33 6313 4856 87 33 1429 1040 5541 6 49 13033 22 4856 3174 1656 3 12363 1519 4754 13337 3174 5976	9207 4526 82 9890 729 7996 729 6313 4856	2.2
6405 2500 2184 112 2570 1564 44 13338 5435 4923 481 6 45 2202 5052 1884 12 512	6405 2500 2184 112 13339 2570 1564	2.2
12369 105 174 6896 14 174 506 68 335 26 6081 843 18 605 1270 18	12979 105 729 6896 14 729 506 68 335 26 6081 843	4.6
3718 7286 105 1325 354 1330 1716 988	3718 7286 105 1325 354 12 931 7754	4.6
13340 6 23 33 523 9 2706 0 255 4920 52 18 729 4754 7048 4754 13341	3 1820 3615 21 1663 112 1156	1.4
6876 7151 6 395 13342 68 2889 729 13343 13344 18 93 13345 13346 30 42 434 122 18 9119 12673 868 226 879	12672 11500 6 12674 12675 68 6721 63 9119 12673 6 868 226 879	3.8
73 634 275 390 996 1794 174 4754 1165 4754 3875	634 52 13347 1165 37 467	4.6
13348 729 77 7992 26 708 13349 105 161 13350 150 12415 1819	13348 729 77 7992 26 13349	3.6
314 1187 105 235 68 70 144 293 3 4754 13351 4754 13352 4754 13353	3 2401 1583 105 314 1187 105 235 68 70 144 293 3 13351	4.6
10652 2408 115 3 2526 7034 1574 112 1156 9946 21 1229 37 417 12 7297 1089 198 1319 18	12331 12332 105 1229 1156 30 3 1820 3615	1.75
2136 39 1294 5958 112 6500 154 13332 5430 68 6402 289 1196 511 88 39 272	13332 68 1754 5210 542 68 6402 1890	4
135 105 4326 105 9888 706 6 5070 485 1117 21 7345 1487 13354 18 135 13198	1119 706 21 7345 1487 1693	3
135 6481 112 505 135 18 1174 3425 13355 21 8639 52 1391	1174 3425 13356 13355 1378 1391	3.2
1402 13357 21 7890 30 1814 3 13358 18 4754 2887	13145 30 3492 105 52 1402 13357 21 7890 30 1814 3 13358	4.4
146 13359 4089 26 5678 33 13360 7347 3272 271 326 12 150 2035 7508 7509	12331 12462 105 0 13156 13361 7508 7509 21 174 2093 8788 10830 174	2.8
5510 105 12736 12737 6 13362 937 30 13363 2733 18 35 434 156 1107 174 35 4821 151 42 6402 13364 18	372 37 35 4821 151 42 2142 12736 12737 21 70 366	2.6
12514 13365 209 68 9951 4824 13366 12516 33 1109 4754 13166 4754 13168	12514 9951 12516 33 1609	4
87 13367 525 6126 13368 3083 3174 87 147 317 13369 23 174 13370 33 13371 1269 11148 37 7066 609 847 2423	13370 174 821 13372 1269 11148 37 7066 68 847 2423	3.8
39 1366 93 154 8 154 97 4754 1383 54 117 1920 52 3 4754 1681	12331 12462 105 97 1383 54 117 1920 52 3 1681	4.2
6876 3868 21 3 12562 26 39 13373 977 6 30 97 623 5894 765 174 821 5122 2853 39 13374	177 23 2296 105 9507 1378 6798 6 30 13373 977 1249	2.25
35 169 37 270 26 21 1484 174 3995	7004 229 1469 21 1484 174 905 174 670 788	1.6
13375 30 312 105 3 1079 13376 12 6313 2549 4754 12343 13377 2940 3898 63 13378	3 1079 729 13376 729 12 6313 2549 174	3.4
10723 33 1608 3217 13379 12 7056 4754 10723 4754 12858	10723 33 1608 3217 7056	4.6
13075 105 4754 22 18 4754 6313 251 37 45 39 2502 251	2581 33 6313 251 37 45 39 2502 251	4.6
178 198 39 5985 2657 146 3808 13380 18 12369 105 12645 24 8333 317 12 13381 21 12647	12647 12648 68 39 7969 30 1177 453 2173	4.2
1668 13382 68 2940 2176 13383 21 13384 1787 13385 33 13386 4295 41 135 2784 10602 135 4754 13387	13382 68 2940 13383 21 41	3.6
4639 229 226 612 7844 135 105 226 612 4566 706 21 9613 1487 1693 6 835 229 18 135	1119 706 21 7345 1487 1693	3.6
12369 105 13388 13389 18 245 87 1107 293 6690 174 4754 1062 4754 13219	4952 105 13389 245 1107 293 6690	3.8
198 3 2798 9053 23 1185 3158 467 485 2911 26 4620 70 1185 6975 30 6702 173	42 91 3 86 1583 105 485 2911 26 4620 70 1185 150 30 6702 173	3.6
64 6 226 612 133 72 3 8595 77 552 18	1829 13268 176 13390 8 8178 1347	0
12369 105 35 133 81 2015 2297 72 37 1318 22 13391 82 628 485 154 11813 6 481 26 13392 13393 3174 5084 37 2983 18	3396 105 35 133 81 174 2297 72 37 1318 22	3.4
13394 6313 980 609 225 4580 4170 1192 21 3810 2064 68 4044 10108 4706 236 115 523 13395 13396	650 6313 980 68 225 4580 4170 1192	2.6
3 1628 770 12 4128 4720 21 4754 832	6487 770 12 4128 4720	3
154 575 23 2472 150 2292 26 39 13109 6 729 60 8986 37 26 22 729 150	2292 26 13109 105 729 60 8986 37 26 13110	4.4
13397 13398 3272 3 7441 407 105 174 0 55 65 4920 21 3848 511 552 3132 68 505 63 174 5936 6827 174 174	13399 13398 30 3 4771 12 13400 4672	1
8579 21 6223 174 13401 176 233 12 9 6046 13402 18	21 3 4634 105 13401 6285 112 39 4652 7765	1.8
156 4754 650 18 650 1005 112 4045 1230 26 5084	650 68 85 1173 68 13403 6313 4856	4.2
37 4754 743 6417 135 4754 13404 33 4754 10321 135 174 150 1377 7040 1389 68 759 374 1236 11097	7103 1377 7040 1389 68 759 374 1236	4.2
2097 1497 198 10172 12847 112 3 4754 5482 4754 13405 4754 13406	2097 1497 198 10172 12847 112 3 756	4
0 245 419 3092 23 26 13407 4322 2887 30 8056 13408 18 4754 13409	277 1853 105 1079 2412 12582 12583 12584 12 2563	0
39 2412 3937 174 45 26 60 2145 257 363 13410 1185 27 365	39 13411 174 821 2145 257 112 1156 808 6758	1
13412 4733 21 3 7441 13413 0 13414 60 13415 236 534	13412 4733 13416 4610	1.6
9450 105 485 2092 1229 174 2592 2285 1394 4754 9285 4754 13417 4754 1229	39 485 2092 1229 174 2592 2285 1394	3.8
933 12582 1484 13418	933 1821 68 8333 1484 13418	3.4
3 2607 12 9993 30 1763 226 4754 6356 37 13419 154 2896 11578 211 13420 70 62 105	3 2401 1583 105 4904 198 39 6356 1837 105 2268 70 5048 26 1065	3
6531 6140 13421 6140 135 540 135 26 3 1008 12 3492 174 4754 6339 154 105 674 809 84 1079 851 540 24 46 314 12 1663 544 1008 105 174	1193 809 288 1079 8039 544 499 18	3
4754 663 174 821 12619 544 4754 9063 10865 1574 284 289 61 21 4754 650 729 821 3161 72 97 68 93 4754 2641 174	663 174 821 12619 544 9063 10865 1574	3.6
135 12420 37 901 33 1238 68 46 3 13422 12 1608 6 135 520 39 13423 2571 18 81 82 209 154 453 416 154	12420 37 901 33 1238 68 2399 3 729 13422 12 13424	4
312 13425 6 3 13426 12 811 6352 3174 135 13427 3 13428 7852 135 6 68 3800 112 1173	13425 6 13426 12 811 6352 6 68 3800 112 1173	4
142 68 156 21 7164 8 154 3378 13429 13430 68 390 12 227 154	3 7871 4577 68 156 21 7164	3.2
6835 37 45 21 3 1031 1273 56 13431 6 13064 30 13432 176 174 105 135 3 1031 4981 2017 12 7164 135	13272 33 1031 4981 2017	1.6
12369 105 4754 13433 4754 27 37 13052 1519 779 4754 6313 37 414 21 13324 174 821 4943 37 32 181 748 174	6313 414 21 13324 174 821 4943 226 13433 27	4
35 13434 13435 729 13436 12536 3750 13295 11011 12705 12706 6 6322 26 174 12707 174 12708 12709 174 6 868 226 7270	12705 12706 6 2851 26 174 12707 174 12708 12709 6 174 868 226 7270	4.6
7525 7920 1079 961 5436 105	8876 1583 105 7525 7920 39 1079 961 5436	4.8
4754 13437 112 39 2412	3396 105 676 650 174 821 542 112 6313 6841	2.2
37 23 505 6 515 37 3 2062 9868 21 11207 13438 174 21 10828 6 11207 12582 11399 174 821 415 68 8252	11207 7097 10828 13439 8252 30 11399 174 821 2670	3.8
605 533 12 3 6289 1495 4509 150 6289 3378 342 12 2975 21 3 1165	920 3174 3278 4463 105 681 12 39 6289 4509 551 68 39 8305 1165	4.2
13440 6664 4883 6 56 2591 403 7043	13440 6664 398 6 56 10625 81 174 2297 2212 21 1993 68 7043	3.6
13441 13442 154 154 154 13443 10357 68 371 141 2278 4089 4683 2015 366	13443 10357 68 371 141 729 4089 4683 729 366	4.8
12641 105 13444 542 68 6402 15 1196 511 88 39 272 150 3948 39 110 307 18 49 13445 13446 3679 13447 105	13332 68 1754 5210 542 68 6402 1890	2.8
21 754 6 8634 54 46 39 5222 13448 216 6022 108 12264 13436 3994 13449 6 49 449 135 3061 135 609 579 139 13450 18	21 754 6 8634 37 4898 12 39 5222 1180	3.6
226 612 4566 706 21 7345 1487 1693 135 13451 2767 115 634 21 3 13452 12 62 18	1119 706 21 7345 1487 1693	2.8
9257 13453 5586 12890 68 9257 4305	1883 12892 186 9257 4305	3.4
1130 1265 779 8657 1089 21 7057 9301 154	1130 1265 779 867 8844 2893 8657 6240 21 7057	3
511 5578 3 4856 12 1126 174 23 13454 21 8053 6346 18	1270 533 105 1229 13455 30 1819 1126 1127	1
6823 7371 5395 12906 12907 37 181 447 39 13456 112 6134 1270	6134 1270 30 12906 12907 314 203	4.4
1079 1986 803 3489 26 1177 68 6313 4856 12330	1079 1986 2475 342 112 12732 938 26 1079 6313 4856	2.4
9109 10359 6019 2136 6020 1705 1977 6 84 87 24 11141	10359 1705 1977 6 30 84 87 24 11141 544 12428 835	4
950 951 1077 3 3397 4136 470 52 13457 13458 18	950 951 1077 3397 4136 470	3.8
142 37 1151 174 729 49 7789 214 808 90 87 245 13459	1641 33 765 105 23 245 39 5767 9242	1.2
10428 26 5029 511 224 62 360 3174 547 113 4126 12351 2344 18	4529 30 1818 105 151 3 4529 1807 68 9222	3
13460 88 68 335 68 729 5018 14 729 56 275 271 1057 1894 12939 115 174 4754 13461	13460 88 68 335 68 729 16 30 39 2418 13462	3.8
157 93 105 7145 112 1156 21 892 105	7145 12 2035 867 21 892	4.2
12369 105 12405 13463 13464 6 9279 174 3649 6 868 226 8195 277 1993	12405 13463 13464 6 39 9279 174 3649 6 37 701 226 8195	4
4070 93 198 26 13465 12 13466 105 135 467 5757 6 45 2096 6 145 1389 68 2957 13467 789 18 135	4952 105 7097 6 3 583 625 174 821 12247 12 2401	0
135 5369 105 3 2559 12 4229 4754 1981 135 105 4754 12684 4754 8170 4754 13468 4754 13469	12521 12522 105 5369 105 3 2559 12 4229 1981	4
10607 6126 255 174 13470 13471 13472 13473 13474 13475 1244 3403 12855 12856 3417	8876 1583 105 1244 3403 12855 1634 9848 3417	3
12987 6 12987 326 18 12369 105 39 8723 174 821 11771 6 1103 68 162	39 8723 33 11771 6 1103 68 162	3.8
39 1079 6289 12658 174 81 2015 2297 5631 26 23 150 8 2922 3493 13476 150	39 1079 6289 12658 174 81 174 2297 5631 26 23	4.6
135 363 445 13477 365 135 13478 6 340 81 82 6915 1318 510 1786 174 23 33 106 4652 18 135 13479 6954 21 2296 1415 1336	4652 8301 164 10302 21 1079 1986 1853 2466	3.2
224 115 872 18 946 758 7790 13480 68 3370 6 56 10884 1663 26	872 13481 4536 13482 8 946 758 13483	3.8
181 276 26 3276 33 3042 13484 428 7704 13040 2869 191 13485 2455	1079 1986 1853 852 26 3276 13484	1.4
567 13120 467 12369 105 39 1079 6289 12658 174 81 2015 2297 5631 26 23	39 1079 6289 12658 174 81 174 2297 5631 26 23	4.2
672 3201 708 33 729 13486	324 3201 708 33 729 466 13486	3.75
12369 105 533 12 10359 174 821 2485 52 13370 23 33 2805 363 56 133 72 23 365 4754 13487	3 7567 1583 105 102 7377 26 10359 33 10716 2485	3.6
106 405 821 6068 13488 14 21 892 105 243 7680 6560	700 819 808 1079 10453 26 1935	2.8
13489 37 6903 1834 154 64 6 39 8700 33 2848 467	13490 1850 8700 33 2848	4.2
13491 4754 12562 105 1008 1229 3514 13492 233 9778 68 1554 3494 4754 13166 4754 13493	1008 1229 3514 13492 9778 68 233 1554 9882 26 656 1905	3
13494 3 2590 2391 198 3 4754 13495 21 4754 7890 4754 2655	2297 12871 105 2590 2391 198 3 13495 21 7890	4
3231 405 510 363 2499 4998 2838 365 48 4754 13496 1973 243 354 18 567 3859	145 9109 243 354 174	3.2
2788 5266 115 42 2198 42 248 1956 150	2656 33 2646 105 690 13497	1.2
4754 9137 68 8210 5553 1292 112 1156 467 97 293 9635 5553 112 14 174 174	9137 3731 1292 26 1156 21 5553	3.2
2794 157 363 30 13498 904 106 365 4754 13499 4754 6719	3 12803 105 2794 157 363 30 13498 904 6 106 365	3.8
850 13500 1516 1848 26 499 1035 808 2464 13501	850 13500 1516 1848 26 1635 808 888	3.6
13502 13503 5397 414 115 1479 12 3 20 2721 13504 623 1932 6 729 30 485 21 60 3656 326 18	64 11351 105 9425 3 3656 33 13301 13505	2
3042 10287 1516 68 13506 3278 6 13507 983 18 510 24 318 212 203 68 3435 139 112 361 18	3042 10287 7207 1385 272 4598	1.6
511 1281 236 98 514 26 2563 174 115 33 236 13508 105 365 3 12583 12584 12 2563	277 1853 105 1079 2412 12582 12583 12584 12 2563	1.8
571 198 3 12415 5483 112 13509 226 612 12373 706 21 7345 1487 1693	1119 706 21 7345 1487 1693	3.25
4754 2097 1497 198 10172 12847 112 4754 5482 18 2097 12966 37 4754 1429 4754 5483 18	2097 1497 198 10172 12847 112 3 756	3.2
108 23 3461 8741 363 4754 13510 365 154 13511 1244 724 2312 68 13512 2329 18 4754 13513	12414 105 1008 576 724 12 2329 2868 251	3.4
13514 174 105 48 42 65 45 4404 12 3 13515 1089 26 3 13516 9655 18 174	13515 1089 26 723 13175 9655	3.4
13026 18 9 2911 30 10810 156 109 68 178 467 135 226 612 12392 706 21 7345 1487 1693 135	1119 706 21 7345 1487 1693	3.2
13517 11589 5333 672 105 12472 1282 12473 12474 45 39 625	12472 1282 33 6130 6672 12474 45 39 625	3.8
13518 13519 13520 198 3262 12 13521 3618 226 13522 9258 105 13518 13519 60 2884 37 2285 226 13522 13523 6 467	13518 13519 13520 198 3262 12 13521 3618 226 13522 13523	4
13524 30 6204 13525 18	7918 26 105 21 937 6 30 8405 6105 68 212 7352	2.2
1586 13526 154 105 363 135 609 706 63 1027 1028 186 1437 21 883 5678 135	1027 1028 21 5678 6418 896	3.6
1008 13527 4754 13528 275 13529	1137 13527 13530 5207 5734	3.2
13531 174 3295 60 37 39 626 251 18	13532 13533 105 151 2563 37 39 9828	3
789 13534 10716 33 10359 2485 45 505 0 370 45 2778	789 13534 10716 33 9109 10359 2485 150 56 24 23 1393 182 174	3.6
9779 4754 609 3029 12 769 21 13535 21 13536 1187 109 12 192 12 227 969 198 5084	2581 13537 453 2570 11897	0
39 13538 8723 37 13539 109 68 1157 105	39 8723 33 11771 6 1103 68 162	1.8
648 1239 127 68 13540 6027 150 357 112 115 13541 13542 4754 13166 4754 13168	648 127 68 13540 6027	4.4
4754 7209 13543 2788 112 729 5375 729 510	7209 917 2788 112 12611 6 2876	3
35 37 1291 2957 4598 21 1082 3092 4754 6839	35 37 1291 4598 21 1082 3092 174	4
23 33 39 113 154 13544 68 60 5985 154 154 154 12645 24 8333 317 12 13381 21 12647	12647 12648 68 39 7969 30 1177 453 2173	3.8
13545 6313 2707 39 447 1096 18 135 60 37 61 543 115 505 30 3 676 2726 68 628 26 18 135	6841 37 39 447 1096 21 3529 1173	0.4
4580 3 1793 33 10577 12 395 3129 6 4754 6120 463 109 157 268 105 1602 183 133 5182 198 8105 8051	192 183 133 5182 198 8105 8051	3.6
609 4754 933 105 133 91 45 3 12744 42 104	340 933 37 45 12745 1215	4.2
1393 3 2210 6028 13546 9320 105 2046 105 13117 6356 1177 216 8576 6198 1187 3452 2048	13547 105 13117 6356 1177 216 8576 6198 112 3452	3
63 1805 26 7097 154 12722 1040 30 2273 56 109 68 11212	13093 174 821 11169 105 174 626 13088 12 5936 174 30 2406 12 1040 3391 10443	0.6
105 6306 105 13548 1955 1704 8 8353 1007	1833 6 8022 21 7791 1610 932	2
6481 49 147 546 3461 112 3 256 473 150 12766 12767 6 5024 3704 360 10486 150	12766 12767 30 5024 1142 360 10486	4.2
13549 5757 105 3619 8813 6 12380 1834 21 6834 4754 1484	3619 8813 6 12380 1834 21 1484	4.2
4754 13550 3195 2138 6544 26 7019 276 428 6049 1310 8 3424 4754 13551 4754 13552	12888 1096 105 12889 3195 2138 6544 26 7019 276 428 6049 1310 8 3424	4.8
808 2677 6 30 2 181 13553 808 2677 174 13554 2765 5401 154	97 192 8485 2876 2949 39 354 68 13555 623 13556	1
3 764 12 5432 11135 150 13557 112 157 515 6779 174 12369 105 13558 39 3972 3808	39 12341 26 3 13559 12 190 174 821 13560 3972 11135	0.6
4498 305 105 705 13561 133 2949 226 12528 7164 150	705 13561 198 12528 7164	4.6
226 612 13562 701 21 9613 1487 1693 18 105 363	1119 706 21 7345 1487 1693	3.6
236 6693 1270 105 12373 510 706 21 7345 1487 1693 18	1119 706 21 7345 1487 1693	3.8
13563 6 11864 174 2046 105 12369 105 1595 2015 821 1185 4718 13564 808 1829 2015 821 5807 2401 2048	501 258 105 2749 12 3 1829 10320 174 821 5807 12664 4515 144	2
35 39 1993 12 39 466 3174 13565 4001 154 3397 8390 6 39 12451 12 12452 6 37 701 226 1506 6 3295 39 1507	12455 12456 6 3397 8390 6 868 226 1506	3.4
23 33 1674 62 6 9449 6095	157 6052 154 9449 6095 2851 6117	3
226 447 2296 6 3 6119 467 10359 1705 1977 6 30 84 87 24 11141	10359 1705 1977 6 30 84 87 24 11141 544 12428 835	4.2
0 255 3704 6257 154 154 154 12369 105 663 84 271 12619 12 9063 2721 1956 109 12 2204	663 84 12619 12 9063 2721 1956 109 12 2204	4.2
48 42 91 39 8560 515 13566 6 42 147 5085 227 105 26 8526 13315 6 13567 13568 1519 3 6574 2637 18	5483 2083 105 12847 627 13314 108 485 109 12 3 13315 150 5483 2083	1.2
5442 13569 84 650 33 4104 1544 24 13570 12041 18 4754 3356 13571	245 650 33 645 3463 10604 174	2.4
7000 93 105 729 821 3868 26 3 6487 770 12 1628 4128 4720 21 4754 832 105	6487 770 12 4128 4720	3
4754 13572 4753 7328 7525 13573 3808 6690	97 7525 33 6262 961 434 7308 3808 6690	3.6
1008 2064 129 9724 21 13574 4754 13575 4754 4754 2027 4754 13576 4754 4754 4754 2027 4754 4754 4754 2027	1008 2064 129 9724 21 1484	4.2
0 1106 779 5084 18 650 54 6 106 18 61 12 3 523 183 0 216 628 52 12934 26 18	12331 12462 105 3848 7505 7295 834 18 2581 54 6 106 18	1.8
236 13577 13578 59 3533 39 7542 2834 18 150 956 1076 30 1185 835 1098 21 1062 1928	956 835 1098 808 1062 1928	3.4
12369 105 2798 2015 821 363 4880 365 3 86 2083 6 63 6734	12331 12332 105 2798 174 821 363 4880 365 3 86	4
12641 135 105 226 612 12373 706 21 7345 1487 1693 6892 105 135	1119 706 21 7345 1487 1693	3.4
3582 4754 12584 1270 105 8178 1347 9605 10321 3182 779 1145 3040 174 6 273 485	8178 1347 9605 10321 3182 779 1145 7672	4.6
6300 83 93 729 821 12415 11540 198 2656 105	2581 33 6313 251 37 45 39 2502 251	0
4754 4326 105 4754 841 1548 52 4754 744 3704 112 13579 12 4754 743 33 1082 150	841 6 744 1548 21 743	4
731 1305 68 1674	659 33 730 731 844 732	1.2
13580 142 176 510 33 656 2035 12939 21 650 174 821 6313 2549 980	35 174 821 21 650 174 821 6313 2549 980	3.6
60 37 12877 154 13581 154 150 12472 1282 12473 12474 45 39 625	12472 1282 33 6130 6672 12474 45 39 625	4.2
466 68 65 21 3 1777 8409 68 993 271 3868 26 3 676 33 1846 112 6313 2549 18	10952 1378 52 758 3452 26 13582 12860	2
3 2240 1137 13583 30 3435 3217 18 3 551 12 9109	12331 12332 105 3 551 12 9109 10359	3.2
4754 12441 1789 13584 26 4754 7890 1076	12441 105 1555 12442 1342 21 39 6051	2.4
4754 743 2015 821 1649 13585 21 1693 1090	743 174 821 11097 13585 21 3362 1693 1684	4
13586 512 3174 13587 105 779 4754 13588 13589 6 39 867 1069 39 2670 532 112 395 6434	3 13590 1784 105 779 6156 512 6 6417 39 2670 532 112 395 6434	4.4
504 95 133 434 108 392 256	6070 12859 226 6313 2549 12860	0
42 83 93 60 105 3 3731 12 39 13591 6 4051	3 7097 7073 105 12725 6156 8320 39 13591 226 3138 12950	4
567 3868 154 2035 7508 7509 4754 12802 4754 13592	12331 12462 105 0 13156 13361 7508 7509 21 174 2093 8788 10830 174	3.2
9239 13593 13594 13595 135 105 10844 714 9140 808 12382 135	10844 6 9140 1548 808 12382	4.2
161 13596 363 1270 365 12 3 854 135 105 112 6560 7563 21 892 6 841 13033 2197 314 12 251 902 135	112 6560 7563 21 892 6 841 176 2197 314 12 3 251	4.8
227 685 13597 24 2950 226 2766	366 483 105 174 13598 13599 174 52 7015 13600 6 1442 12393 30 13601 9000	0
13602 519 39 13603 1114 8 2283 938 6279 8 4584 1793 3417 4754 13604 4754 13605	6823 374 1236 37 1114 676 12 2530 1476	2.4
13606 105 301 1423 2455 901 13607	97 68 108 1423 2455 13607 26 901	4
13608 2798 33 13609 112 8352 6140	13071 7701 4003 112 8352	2.8
4754 1484 79 45 46 933 174 821 1478	12521 12522 105 1484 79 45 46 933 33 1478	4
1126 26 6779 174 1126 26 13610 174 9635 5084 280 95 23 24 77 39 94 167 489 115 1126 26 9127 305 18	650 6313 980 68 225 4580 4170 1192	1
46 13611 0 249 4404 26 3 1270 293 708 33 1626 1927 115 37 635	708 1300 1793 68 6306 10552 1626 1927 932	1.2
39 13612 4529 1807 68 13613	4529 1807 68 13613 30 37 13614 63 39 10709	4.4
12369 105 13615 13616 10792 6 39 757 21 1990 2502 6 868 226 10591	13615 13616 10792 6 1031 1769 1377 6 868 226 10591	3.6
13617 1439 938 181 467 758 654 191 13618 3169 21 1145 1241 112 4754 8683 7563	758 654 191 13618 3169 21 1145 1241 112 1289 7563	3.8
8357 13619 26 340 133 83 512 293 4754 1392 1393 18	26 3 13620 12 6432 6433 30 6238 3092	1
12562 390 13621 105 9137 506 68 8210 1292 26 1156 21 5553 6988 105 3 13622 3369 7037 39 13623 467	9137 3731 1292 26 1156 21 5553	4.4
23 37 13624 68 393 3 2558 326 6 49 597 2343 174 1894 1069 39 12750 63 5350 26 12748 174 5874 12751	1894 12 12747 12748 174 5874 1069 12750 63 5350 12751	3
511 228 65 2837 146 1137 10709 434 46 39 3599 174 12562 105 1130 511 12102 4706 21 7659 6 868 226 10128	1402 13625 6 3599 511 12102 4706 21 7659 6 868 226 10128	3.6
13626 13627 729 13628 3100 68 3 13629 6 23 33 421 21 7172 154	13626 13627 729 13628 1943 3100 68 3 13629	4.4
3327 13630 1044 805 13631 6 2998 7132 96 45 68 430 13632 8295 198 12484 12485 18	3 534 3369 45 68 1718 146 10502 8295	3.6
12415 105 659 1284 105 39 13464 1960 653 4671 10379 68 39 2602 7029 13633 1284 115 2767 226 612 1426 13634 467	659 13306 1351 68 13307 68 13308 729 109 12 2549 729 1284	0.8
9109 10359 5797 6 8944 8755	9109 33 2240 5797	4
688 1518 13635 129 39 281	688 1518 3845 129 4252	5
968 4089 363 13636 13637 365 3272 12 2848 30 977 21 1793 13638	8868 1789 105 968 4089 3272 12 2848 30 977 21 1793 13638	3.8
8979 37 2003 63 39 551 12 4439 18 0 370 45 266 2035 3 304 8979 0 54 46 112 9325 18 45 8 39 160 447 3824	3384 12 12929 27 12957 7563 2910 544 6313 1141	0.8
1079 4754 7525 1177 13639 150 45 68 70 5238 363 13640 154 365 150 633 39 1079 2377 6 4754 13641 18	7525 13642 729 6262 13643	3.4
13644 35 12725 6156 59 363 30 3356 82 365 229 9160 46 6777 105 0 248 45 158 35 2798 245 356 18 4754 13645	3 12803 105 13644 35 12725 6156 59 363 30 3356 82 229 365	4
12455 12456 6 3397 8390 30 39 12451 12 12452 6 37 701 226 1506 6 3295 39 1507 18	12455 12456 6 3397 8390 6 868 226 1506	3.4
1044 105 7441 2570 657 8142 3369 45 68 814 12790 1779 1779 3 2152 12 6724 13646	1079 1986 2570 657 8142 3369 45 68 814 12790	4.6
39 517 151 42 57 74 68 224 5623 566 33 6550 467	12814 6 121 6 56 10386 477 6 5397 1051	0
157 409 26 3 3875 3174 4718 115 13647 3994 12428 18 12369 105 343 13648 21 1977 1784	5758 224 39 225 13648 21 1977 3067	3.2
4754 13332 5430 68 6402 289 4754 1196 511 88 39 4754 272	13332 68 1754 5210 542 68 6402 1890	4.4
3332 219 68 156 109 467 135 105 226 612 12392 706 21 7345 1487 1693 135	1119 706 21 7345 1487 1693	3.4
3 2152 12 3810 39 854 360	3 2152 12 39 729 2950 12895	4.4
512 12 3 1195 105 3 526 12 2563 37 485 489 12681 26 13649 18	5397 105 485 68 8986 9746 489 2563	2
12369 105 452 6 8396 2052 363 60 37 39 13650 789 112 13651 505 365	4952 105 2957 452 6 8396 2052	3.6
0 104 39 6166 12 13652 403 79 68 1393 623 3729 12369 105 10359 1705 1977 6 30 84 87 24 11141	10359 1705 1977 6 30 84 87 24 11141 544 12428 835	4
35 39 13653 363 13033 365 467 12369 105 10359 1705 1977 6 30 84 87 24 11141	10359 1705 1977 6 30 84 87 24 11141 544 12428 835	4.2
13045 1130 1405 729 8031 4754 743 1417 150 12415 6	13045 1130 1405 729 1354 68 13046 7103 1417	4.2
60 37 13654 46 4070 112 12247 105	174 811 874 174 13009 68 113 124 6 496 13010	0.2
135 105 6392 12 9449 6095 819 6 6117 18 135 7000 92 505 87 2323 157 6052 467	157 6052 154 9449 6095 2851 6117	4.2
6 37 60 13655 3463 1079 7004 685 293 901 1366 2316 6441 6 13049 6110 6 2552	7004 653 105 901 1366 2316 6441 2312	3
10911 308 37 372 6 2956 33 2759 392 129 105 135 55 0 79 39 10911 1096 48 0 174 12754 248 3 10911 174 135	85 64 105 55 0 79 39 10911 1096 48 0 249 248 3 10911 174	4.6
12766 12767 6 5024 229 49 176 3704 360 4754 10486 150	12766 12767 30 5024 1142 360 10486	5
13152 409 8 13656 6120 293 12230 60 3424 150 3064 854 12 1213	6120 105 133 54 117 39 291	1.6
59 42 93 3 4754 12352 3 1298 1856 1700 3174 6255 174 13657 1872 245 10847 18 4754 13658	12352 2028 13659 105 3 13660 13661 13662	3
1044 5471 552 1225 2996 21 2152	12414 105 12414 105 5471 37 1291 2996 2472	2
13663 1423 473 133 54 82 108 3713 12393 13664	340 133 54 82 108 3713 12393 363 12394 154 365	3.8
2329 13177 4075 68 5816 3623 363 198 365	2983 2329 13177 4075 68 5816 2648 3623	4.6
12369 105 466 12771 26 9119 12673 18	12672 11500 6 12674 12675 68 6721 63 9119 12673 6 868 226 879	2.2
6753 177 22 485 13665 21 7520 105	795 12842 8739 1634 6579 12 12843	2.8
1886 33 13666 7557 543 10443 68 4928 1318 2387 18 150 467	1886 13667 7557 251 52 7436 2387	4
9779 5418 257 13668 68 4754 6639 2847 23 18 466 1142 3174 13669	1793 12481 1583 105 9779 5418 257 13668 68 6639	4.4
13670 154 2046 105 226 612 4566 706 21 7345 1487 1693 2048	1119 706 21 7345 1487 1693	3.4
176 42 167 360 135 5027 112 39 5572 135 21 4754 12654 105	999 105 21 12654 6 226 612 6 23 288 258 68 2940 112 39 5572	4
994 70 10911 1096 1707 52 4497	4497 54 994 10911 1096 33 12585	4.2
112 650 174 821 1079 385 6 113 372 150 13452 12841 112 12562	12331 12332 105 112 650 174 821 1115 385 6 113 372	4
6054 6315 154 135 105 226 612 12373 706 21 7345 1487 1693 6892 105 135	1119 706 21 7345 1487 1693	3.4
2211 171 60 174 174 190 4431 42 1103 13671 70 13672	190 4431 42 1103 13671 12 70 13672	4.4
6339 6 121 0 619 82 46 236 13673 293 3 5678 13674 105	1027 1028 21 5678 6418 896	1
4754 7704 27 1935 823 156 26 738 7704 27 1935 1741 3174 21 233 1784 9717 9242	1079 1986 27 1935 823 156 26 738	3
97 293 39 311 68 4754 12945 112 555 238 5086 7706 3 4754 1320 174 4754 12945 311 21 61 4883 1846	650 24 1231 12945 311 21 61 4883 1846	2.8
157 93 18 628 150 570 135 105 1700 174 6204 1216 44 45 410 6356 4036 135	1700 174 6204 1216 2106 68 6356 4036	3.6
13443 10357 506 68 371 174 4089 4683 105 3057 13675 174	13443 10357 68 371 141 729 4089 4683 729 366	4.2
68 1139 5623 115 238 1096 39 1837 6140 135 105 0 370 181 10709 6 84 3276 511 6946 1519 6373 1837 18 135	3276 852 6373 1837 186 4431 129 6 841 229	3.4
363 365 7345 7287 116 13676 11025 21 3 789 18 4754 13677 12373 510 706 21 7345 7573 1693 18	1119 706 21 7345 1487 1693	1.6
6186 1076 13678 18 6134 1270 7389 12906 4754 12907	6134 1270 30 12906 12907 314 203	3.6
26 551 467 192 7622 262 45 68 1833	3 4348 105 21 2421 13679 6 192 262 45 68 1833	4.2
273 34 105 12369 105 21 13680 6 39 3093 26 4901	21 13680 6 39 6223 3093 26 4901	5
2848 1249 226 13681 6 359 13682 37 3467 18	12472 1282 33 6130 6672 12474 45 39 625	1.2
60 216 46 39 160 6 160 161 158 1379 18 674 809 8031 811 809 13683 662 1313 105	674 809 5423 453 1913 26 811 809	3.4
21 12935 6 3861 2155 7753 544 11399 1292 13684 18 18 18 18	21 653 6 12935 12936 6392 544 6974 174 821 11399 1292	3.4
293 6339 62 154 154 154 1079 1986 8169 681 1215 33 375 13685 683 436 12929 150	1079 1986 68 6121 375 6313 2549 683 436 12929 1603	4.2
5945 21 4754 642 7834 2344 6 52 181 7352 21 2667 467	1085 13686 7834 2344 6 52 181 7352 21 2667	5
13687 1881 6 2696 174 821 6731 6 2323 3 7311 12 2242 245 174 13688 18 174 174 133 474 466 293 35 133 65 21 3549 174	2696 174 821 5972 176 495 6 30 1970 7207	0.6
93 115 7525 275 2927 39 1079 5436 363 365 68 961 453 5147 4061 12 991 6262 1564 18	8876 1583 105 7525 7920 39 1079 961 5436	3.4
81 82 72 340 0 54 82 2950 3990 293 214 150 39 1564 7355 6 39 13020 30 552 6 39 3029	12455 12456 6 39 1564 7355 30 552 6 39 3029	4
0 2198 0 434 273 60 6 23 280 4498 154 1115 350 12936 729 5383 5949 13689	12979 105 1115 350 12923 12936 729 5383 5949 13689	3.8
12369 105 4754 13690 6 4169 2848 245 3841 198 1408 6 868 226 11059 4754 13691	12345 13199 13200 6 13201 105 12345 13199 13200 6 4169 2848 245 3841 198 1408 6 868 226 11059	4.4
13136 3269 12 174 1031 6313 174 245 1247 8 4754 708 33 13692 18 3 4271 135 6071 37 11844 729 21 135 2848 12 13693 135 10392 3 4141 106	21 5936 11790 112 708 6 12335 74 39 229	1
18 12766 67 6136 293 191 882 12867	12766 12767 30 5024 1142 360 10486	1.6
7441 407 3437 10264 10996 7624 37 2969 18 61 12 3 3861 33 110 157 13694 18	407 3437 10264 37 2969	3.6
11011 0 65 181 262 105 363 226 612 12373 706 21 7345 1487 1693 150	1119 706 21 7345 1487 1693	3.8
7012 2112 105 35 42 108 112 467 191 6556 2455	7012 2112 105 626 3253 112 191 6556 2455	4.4
4754 13695 5494 83 93 60 3868 26 13696 8 21 3 12369	2782 52 214 515 544 214	0
892 37 39 13697 161 51 68 46 39 867 150 97 54 23 46 236 2797 174 174	892 174 821 1079 5175 26 6560 1983 523 3 4193 12 1156 174 821 13698	2.6
46 2693 35 42 3353 6975 3297 226 12682 154 154 154	1415 4940 4720 226 12682	1
4754 754 2015 821 374 1236 8142 3369 68 1231 938 26 4754 13699	6996 374 1236 8142 3369 68 1231 13700 938	4.8
142 21 3 789 37 13701 174 2749 12 3 1829 10320 33 5807 12664 4515 144	501 258 105 2749 12 3 1829 10320 174 821 5807 12664 4515 144	4
1156 65 729 1956 623 1611 52 598 13702 1656 115 3 634 2513 4523 18 729	12331 12332 105 1229 1156 30 3 1820 3615	2
1151 1880 5531 82 2323 39 593 2077 21 3 916 653 21 843 13703 6964 271 13704 2323 135 64 87 59 45 135	1151 1880 948 271 5529 21 653	3.8
4974 54 82 4227 2211 154 154 135 105 2677 819 21 1886 639 1062 13705 150 2499 1412 6255 105 135	6255 2748 2677 819 21 639 1062 13705	3.8
9137 68 8210 5553 1292	9137 1339 1292 26 1156 21 5553	3.4
1008 6 261 1921 2874 1829 13706 808 1693 417 363 12415 365	1008 6 261 1921 2874 13706	3.6
0 81 82 3981 628 52 6823 1037 1402 12934 150 56 87 37 12308 26 293 6313 2549 21 3 22	12331 12462 105 3848 7505 7295 834 18 2581 54 6 106 18	1.25
79 39 8695 11703 12 3114 13707 515 6338 13708 26 395 4779 174 6553 13709 21 3 10326 4672 275 449 729 4423 18 4754 13710	13711 7481 2028 1550 4672 105 13712 8695 2710 226 6553 13709 21 3 1550 4672	3.2
87 11029 785 9702 84 2924 6095 10360 37 2136 39 156 105 3 10218 84 87 33 6695 3 656 198 298 467	12979 105 2924 6095 10360 2136 2155 156 1166	4.2
60 37 567 150 12369 105 1700 174 6204 1216 44 45 410 6356 4036	1700 174 6204 1216 2106 68 6356 4036	3.6
13713 30 13714 5502 68 13715	13716 13713 30 13717 13714 108 8378 68 4869	4.2
466 158 135 105 83 117 1417 1497 13718 808 62 6 421 2326 97 447 1417 13719 4754 13720 135	176 133 5007 3 13721 33 13722 174	2
9137 4326 1270 6 60 270 68 46 39 277 943 18	9137 68 1358 5553 1182 68 1156	1.2
13723 13209 156 13724 105 4952 105 13725 318 1563 112 623 729 1475 6347 729 13726 150	1572 8604 112 729 1475 13727	3.8
45 21 9 13321 56 13728 12680 83 46 2909 6068 10362 414 21 13062 21 754 3174 5393 150	10362 414 21 13062 21 754 30 5393	4.6
3808 3397 12455 12456 12543 1507 6 2144 84	3808 8390 12455 12456 12543 1507	4.8
449 39 10911 1096 174 13729 54 117 23 77 3088 13730 198	4497 54 994 10911 1096 33 12585	4.2
112 4754 10359 23 33 293 13731 39 6768 4925 3 250 63 155 18 4754 12603	112 10359 6 39 13180 519 6006	1
12414 105 5471 1225 2996 21 2152 105 4028 5797 154	12414 105 12414 105 5471 37 1291 2996 2472	3.4
211 32 245 9119 13438 6 32 245 13732 12673 105 12672 11500 6 12674 12675 68 6721 6 868 226 879	12672 11500 6 12674 12675 68 6721 63 9119 12673 6 868 226 879	4
135 933 37 5106 1244 226 2308 21 4754 7532 30 226 1306 18 135 4754 9586 4754 1484	933 37 5106 1244 226 9586 2308 21 7532	4.6
26 845 808 3 8366 317 12 1535 13733 2715 105 4754 13734	609 2106 68 10255 13735 13736 10517 45 1266	2.4
1193 809 10697 26 655 1313	655 1244 1245 714 674 809 6 7430 1313	1.4
3818 5426 198 4089 12611 4754 4242 4754 5590	387 304 105 3818 13737 198 4089 12611	5
567 409 154 2798 2015 821 363 4880 365 3 86	12331 12332 105 2798 174 821 363 4880 365 3 86	2.75
13738 105 133 176 5007 13721 33 13722	176 133 5007 3 13721 33 13722 174	3.25
3 11248 21 505 5949 115 789 33 4754 1429 3874 37 314 12 3 4754 13739	1590 1722 390 859 3874	0.8
105 150 1779 13740 2758 186 8352 4129 467	12818 105 923 13741 13740 10791 4129 12 8352	4.2
28 510 174 174 174 174 105 2889 6230 9109 10359 112 3972 12917 779 1977 3980 174	2889 6230 10359 112 3972 12917	3
923 867 1728 68 769 21 13742 2220 517	923 13743 1728 68 769 112 10255 8010 186 13742	3.8
10 483 105 6410 2617 12 1591 12425 4754 483	174 6410 2617 12 1591 12425 174	4
